1,0.8103,0.59702,0.58288,0.3135,0.54575,0.65615,0.62134,0.50651,0.53013,0.70139,0.69756,0.67683,0.7201,0.50133,0.60501,0.6821,0.75053,0.77494,0.70234,0.53711,0.52419,0.46957,0.45333,0.42641,0.41792,0.42606,0.41451,0.63248,0.64153,0.49475,0.47971,0.68051,0.58941,0.38607,0.24163,0.62461,0.60656,0.56388,0.66596,0.62772,0.55087,0.69043,0.70929,0.53781,0.57356,0.70846,0.71365,0.62613,0.61445,0.61005,0.61474,0.58846,0.54705,0.65216,0.70032,0.89035,0.75361,0.53491,0.55627,0.57451,0.42553,0.77745,0.78565,0.34224,0.35736,0.42166,0.41916,0.64964,0.45473,0.22908,0.32033,0.35727,0.28979,0.34485,0.28212,0.23518,0.11874,0.66549,0.67544,0.75027,0.78803,0.60086,0.68063,0.66306,0.63535,0.61808,0.59959,0.57635,0.66152,0.19006,0.055305,0.035317,0.12691,0.37187,0.42187,0.44204,0.50596,0.40008,0.40288,0.068563,0.34013,0.12701,0.19469,0.25155,0.32458,0.066997,0.21192,0.10346,0.26641,0.16659,0.16052,0.16123,0.3248,0.1559,0.49909
0.8103,1,0.54134,0.67134,0.42698,0.56015,0.5587,0.62426,0.50216,0.57178,0.50434,0.57751,0.44983,0.55435,0.41927,0.46355,0.65795,0.74465,0.75488,0.8263,0.44036,0.39878,0.47253,0.46099,0.45757,0.46229,0.38837,0.34702,0.6007,0.64582,0.52215,0.51298,0.80506,0.75683,0.47081,0.33974,0.57347,0.57392,0.60453,0.64084,0.51974,0.50815,0.73272,0.7354,0.6494,0.6474,0.71525,0.73481,0.68489,0.66654,0.61769,0.5946,0.53755,0.56445,0.64084,0.70568,0.87895,0.94119,0.65411,0.57466,0.59526,0.49707,0.77544,0.826,0.38725,0.33194,0.58984,0.53494,0.77506,0.70956,0.28344,0.40928,0.48529,0.49132,0.46239,0.4737,0.45696,0.35259,0.65927,0.66924,0.69322,0.72209,0.5163,0.58468,0.58915,0.55878,0.49491,0.39925,0.54384,0.62666,0.23095,0.11432,0.06758,0.19028,0.50044,0.57357,0.62336,0.62221,0.49846,0.49718,0.15506,0.39871,0.24012,0.29732,0.41819,0.43194,0.27326,0.39696,0.28067,0.44347,0.38767,0.28435,0.22107,0.43,0.30634,0.49783
0.59702,0.54134,1,0.84715,0.70036,0.70603,0.84802,0.72325,0.77645,0.63168,0.53045,0.46942,0.43785,0.48355,0.58806,0.50254,0.39654,0.46087,0.58845,0.46284,0.55565,0.43531,0.86617,0.79926,0.70954,0.72354,0.71175,0.62149,0.41399,0.40016,0.70345,0.61279,0.60307,0.58596,0.53055,0.37527,0.51539,0.52827,0.56764,0.53748,0.31543,0.42949,0.64427,0.61018,0.5901,0.5682,0.60415,0.63992,0.59749,0.62173,0.66116,0.61274,0.53226,0.53295,0.56642,0.5861,0.53359,0.5585,0.50666,0.55473,0.5287,0.56861,0.48458,0.56897,0.77842,0.69398,0.58196,0.55445,0.29317,0.287,0.40805,0.44215,0.43985,0.42421,0.41585,0.39341,0.37289,0.33342,0.40744,0.40164,0.43963,0.51053,0.49786,0.41904,0.71726,0.70341,0.46037,0.41215,0.68825,0.75517,0.46359,0.35433,0.35675,0.49129,0.43302,0.4001,0.46434,0.46755,0.49433,0.48161,0.36576,0.57231,0.3131,0.36949,0.3326,0.32747,0.21396,0.32964,0.17745,0.31099,0.32112,0.28179,0.24987,0.34876,0.33919,0.34538
0.58288,0.67134,0.84715,1,0.61809,0.72844,0.81349,0.87297,0.72142,0.71728,0.52028,0.58619,0.42235,0.54022,0.51983,0.57996,0.45869,0.51642,0.61154,0.5368,0.53843,0.44021,0.77188,0.79029,0.61154,0.71023,0.60372,0.53027,0.48249,0.49352,0.70144,0.65148,0.65424,0.63992,0.48548,0.35538,0.48691,0.5189,0.61733,0.55561,0.39667,0.43628,0.62444,0.61883,0.58541,0.56887,0.62443,0.64329,0.59847,0.61396,0.61381,0.59538,0.46827,0.49591,0.56486,0.58335,0.58428,0.65292,0.57812,0.58186,0.56218,0.66396,0.54275,0.66088,0.72422,0.73306,0.6148,0.58544,0.40222,0.36852,0.37242,0.44687,0.3891,0.40297,0.35127,0.34405,0.34739,0.30242,0.47079,0.42386,0.50253,0.5769,0.51936,0.50647,0.68326,0.74455,0.47127,0.40819,0.5733,0.71713,0.39332,0.21253,0.22518,0.3322,0.43399,0.46225,0.44124,0.45156,0.44252,0.41052,0.33476,0.45384,0.25799,0.26256,0.2977,0.30635,0.22844,0.32072,0.19337,0.31336,0.2752,0.20164,0.15267,0.30793,0.2541,0.37831
0.3135,0.42698,0.70036,0.61809,1,0.53209,0.55274,0.47611,0.73907,0.50865,0.26422,0.20966,0.14773,0.24363,0.5517,0.26229,0.34431,0.32442,0.32026,0.35492,0.2282,0.077784,0.64435,0.58325,0.65314,0.55592,0.6301,0.43063,0.35358,0.29885,0.50334,0.43931,0.50684,0.56481,0.41685,0.31216,0.39402,0.38435,0.54025,0.41432,0.10484,0.28463,0.53882,0.47219,0.50755,0.44155,0.44996,0.486,0.53512,0.46887,0.56567,0.38316,0.44846,0.36215,0.43157,0.44093,0.39494,0.49131,0.52816,0.38859,0.57533,0.48401,0.43625,0.39511,0.57708,0.40968,0.4932,0.45029,0.20636,0.37602,0.33313,0.39325,0.47364,0.45735,0.37632,0.43764,0.56084,0.48029,0.35765,0.30601,0.31544,0.31534,0.34749,0.24121,0.46478,0.3648,0.28592,0.064689,0.58082,0.49444,0.36825,0.35334,0.34647,0.42388,0.54112,0.46875,0.52067,0.47465,0.44293,0.48765,0.32449,0.54593,0.30554,0.44926,0.43755,0.39374,0.35665,0.43522,0.34615,0.42411,0.44715,0.35346,0.33316,0.39464,0.49296,0.2081
0.54575,0.56015,0.70603,0.72844,0.53209,1,0.72077,0.7222,0.65264,0.71565,0.35109,0.40849,0.33016,0.38487,0.36264,0.4487,0.3087,0.43494,0.61466,0.58797,0.45763,0.44711,0.67994,0.69656,0.51902,0.62674,0.55176,0.5543,0.31853,0.34408,0.56429,0.53999,0.61852,0.61013,0.59145,0.50061,0.43684,0.5295,0.41325,0.52563,0.35581,0.43737,0.63906,0.62037,0.62376,0.6234,0.5846,0.63406,0.60199,0.64002,0.5773,0.59567,0.40159,0.46922,0.45565,0.49868,0.5759,0.57833,0.49106,0.61267,0.44437,0.63462,0.43718,0.60556,0.59727,0.65111,0.67585,0.66203,0.42838,0.38735,0.24899,0.32647,0.27942,0.31377,0.33971,0.35003,0.22615,0.28396,0.31761,0.36087,0.35303,0.44059,0.39972,0.40868,0.47882,0.55125,0.31902,0.45471,0.46162,0.62548,0.52037,0.40653,0.40064,0.46088,0.37938,0.36134,0.41476,0.44839,0.50553,0.5097,0.42261,0.46152,0.4385,0.35415,0.21097,0.23077,0.29238,0.42304,0.047782,0.30646,0.32426,0.28226,0.24525,0.28758,0.23886,0.33752
0.65615,0.5587,0.84802,0.81349,0.55274,0.72077,1,0.87966,0.75138,0.76328,0.65428,0.65897,0.61452,0.65822,0.59764,0.64816,0.51482,0.54517,0.62934,0.4546,0.5741,0.49774,0.72814,0.69449,0.50492,0.60651,0.55194,0.51438,0.523,0.5194,0.65674,0.61482,0.61435,0.57717,0.45168,0.27973,0.48326,0.45476,0.5622,0.5261,0.43511,0.43591,0.591,0.6162,0.56805,0.5798,0.60884,0.63101,0.58883,0.6031,0.57382,0.6146,0.41453,0.47941,0.53568,0.56678,0.5815,0.54116,0.49557,0.5377,0.60499,0.66623,0.56147,0.66806,0.72139,0.66972,0.51462,0.50721,0.33783,0.2251,0.31273,0.36323,0.32217,0.28236,0.33199,0.25702,0.20319,0.13954,0.51107,0.48791,0.53165,0.59233,0.56812,0.57265,0.64091,0.68387,0.52378,0.4865,0.53847,0.68784,0.32119,0.16733,0.16365,0.2978,0.35557,0.35725,0.32506,0.35397,0.36057,0.32916,0.2651,0.412,0.20162,0.22309,0.1855,0.26721,0.11718,0.2187,0.063437,0.19241,0.12656,0.11805,0.080647,0.17651,0.15437,0.40693
0.62134,0.62426,0.72325,0.87297,0.47611,0.7222,0.87966,1,0.66856,0.81548,0.56127,0.7172,0.5181,0.66049,0.48816,0.68087,0.5105,0.54542,0.58128,0.48518,0.56737,0.50552,0.63793,0.69496,0.45939,0.62337,0.46358,0.45272,0.51764,0.53633,0.63331,0.62434,0.65286,0.62143,0.44593,0.32159,0.48078,0.48905,0.6026,0.56376,0.47316,0.43427,0.59802,0.65417,0.56855,0.6063,0.64544,0.65963,0.58241,0.61287,0.56559,0.60694,0.37786,0.42744,0.57465,0.58223,0.60136,0.58733,0.52403,0.55924,0.57048,0.75108,0.57587,0.70817,0.64991,0.71758,0.54014,0.58089,0.40087,0.29922,0.27778,0.36525,0.28675,0.27775,0.25616,0.22662,0.19088,0.14442,0.52755,0.46945,0.55338,0.60593,0.55049,0.58903,0.61133,0.71005,0.51387,0.45703,0.49861,0.68113,0.29958,0.072118,0.10672,0.19642,0.37262,0.4112,0.35131,0.38716,0.36953,0.30737,0.2639,0.36512,0.1905,0.17078,0.18352,0.26348,0.1135,0.18192,0.11227,0.22849,0.15587,0.11112,0.091927,0.19923,0.12228,0.43047
0.50651,0.50216,0.77645,0.72142,0.73907,0.65264,0.75138,0.66856,1,0.70338,0.50736,0.47585,0.48895,0.49942,0.70469,0.48879,0.35033,0.38144,0.43639,0.38512,0.37015,0.19121,0.64173,0.58361,0.57185,0.5073,0.5413,0.45648,0.41098,0.35346,0.4689,0.37659,0.48597,0.48704,0.39552,0.23105,0.36031,0.35208,0.43402,0.39686,0.25889,0.25971,0.53764,0.51089,0.49161,0.4805,0.52137,0.54955,0.57062,0.58903,0.60841,0.53558,0.50011,0.47968,0.48594,0.53017,0.45139,0.52281,0.57424,0.54283,0.63707,0.63973,0.46524,0.52357,0.67373,0.54684,0.45943,0.42081,0.24694,0.27368,0.18595,0.23212,0.3192,0.28283,0.22428,0.21707,0.29915,0.18089,0.38979,0.32842,0.40445,0.4585,0.45349,0.38339,0.6399,0.58391,0.38996,0.30325,0.64801,0.67011,0.32194,0.27,0.21605,0.37311,0.37096,0.35784,0.37651,0.38845,0.38689,0.41228,0.24912,0.50351,0.23904,0.32385,0.21948,0.23552,0.14203,0.33006,0.15315,0.27018,0.2537,0.2266,0.16787,0.22954,0.25972,0.26812
0.53013,0.57178,0.63168,0.71728,0.50865,0.71565,0.76328,0.81548,0.70338,1,0.45458,0.59633,0.4666,0.5694,0.51524,0.63198,0.43467,0.4566,0.4976,0.4401,0.4124,0.31268,0.52751,0.53248,0.38353,0.4625,0.3852,0.31331,0.45974,0.45887,0.4649,0.45631,0.57787,0.58628,0.3623,0.25182,0.38259,0.38862,0.50489,0.47496,0.37951,0.3501,0.55095,0.54988,0.51295,0.54596,0.58147,0.58378,0.59237,0.6158,0.57669,0.56903,0.40246,0.45706,0.50973,0.53191,0.52992,0.57942,0.59771,0.59588,0.63277,0.77556,0.5189,0.66172,0.55512,0.53013,0.46963,0.483,0.34441,0.29269,0.18163,0.25122,0.28862,0.26692,0.28161,0.21537,0.19928,0.17134,0.44591,0.38816,0.43869,0.46236,0.52204,0.478,0.50931,0.52965,0.42536,0.33993,0.49467,0.62927,0.32882,0.16503,0.18205,0.27654,0.33484,0.40909,0.35799,0.40938,0.41325,0.38113,0.31562,0.40267,0.26196,0.2948,0.21115,0.26715,0.21816,0.28472,0.14745,0.25066,0.22012,0.20916,0.16244,0.2575,0.19052,0.32387
0.70139,0.50434,0.53045,0.52028,0.26422,0.35109,0.65428,0.56127,0.50736,0.45458,1,0.82926,0.8981,0.86239,0.69807,0.81001,0.73848,0.6756,0.45277,0.30627,0.61012,0.4586,0.45274,0.40209,0.40069,0.3835,0.42138,0.35911,0.77281,0.7415,0.47217,0.42025,0.35436,0.28744,0.12214,-0.019041,0.5261,0.39402,0.55517,0.52992,0.59932,0.4573,0.33019,0.37868,0.23099,0.25054,0.39901,0.41965,0.32513,0.32135,0.35617,0.34925,0.42392,0.36161,0.47109,0.51425,0.53062,0.41731,0.30444,0.25224,0.49018,0.26384,0.65474,0.59241,0.41182,0.28557,0.090743,0.082667,0.2451,0.10028,0.20352,0.22154,0.2424,0.14471,0.14088,-0.044091,0.041723,-0.099662,0.69782,0.67326,0.75186,0.78582,0.77937,0.79894,0.73882,0.6317,0.76376,0.60811,0.50604,0.52742,-0.033123,-0.13387,-0.15963,-0.032523,0.26617,0.30158,0.1718,0.20437,0.026463,0.029965,-0.13607,0.13992,-0.1256,-0.06122,0.19909,0.31427,-0.15502,-0.1152,0.096993,0.14172,-0.10908,-0.040407,-0.071176,-0.002604,0.044909,0.47843
0.69756,0.57751,0.46942,0.58619,0.20966,0.40849,0.65897,0.7172,0.47585,0.59633,0.82926,1,0.78786,0.9158,0.62012,0.87251,0.71535,0.69343,0.42118,0.34949,0.61954,0.44582,0.37872,0.39014,0.33035,0.35825,0.31098,0.27451,0.74893,0.7408,0.45736,0.41618,0.43351,0.37747,0.14012,0.014777,0.54043,0.42887,0.61063,0.55677,0.66485,0.46971,0.38557,0.45139,0.26051,0.3026,0.47711,0.47422,0.37762,0.40849,0.42704,0.43865,0.45042,0.36994,0.56379,0.58473,0.57121,0.48024,0.40033,0.34087,0.57644,0.44373,0.69235,0.70041,0.37381,0.32845,0.14585,0.16507,0.30115,0.14245,0.12113,0.15373,0.22707,0.15162,0.10771,-0.053452,0.032901,-0.10759,0.71049,0.63564,0.74228,0.762,0.70399,0.79108,0.68812,0.6662,0.73908,0.58848,0.49489,0.58262,-0.029066,-0.22317,-0.21672,-0.12631,0.28169,0.34401,0.20845,0.25502,0.10082,0.065028,-0.09764,0.14166,-0.10805,-0.07504,0.17186,0.26698,-0.12628,-0.10195,0.10807,0.16401,-0.071908,-0.042411,-0.070571,-0.022001,-0.0040639,0.49776
0.67683,0.44983,0.43785,0.42235,0.14773,0.33016,0.61452,0.5181,0.48895,0.4666,0.8981,0.78786,1,0.87228,0.72652,0.79543,0.59074,0.55166,0.38688,0.24313,0.56741,0.44634,0.33986,0.27978,0.27097,0.24218,0.32082,0.29712,0.62684,0.61847,0.33783,0.25822,0.24127,0.15066,0.030015,-0.11836,0.40728,0.29343,0.38204,0.39003,0.57413,0.36397,0.27175,0.32214,0.14287,0.20419,0.36155,0.37347,0.29923,0.34451,0.34416,0.40041,0.44642,0.41349,0.40136,0.47253,0.47559,0.37426,0.32336,0.32104,0.50035,0.27743,0.55826,0.56972,0.31437,0.21778,0.03581,0.018862,0.22443,0.02114,0.05788,0.11016,0.0746,-0.0032888,0.038337,-0.15044,-0.12858,-0.26115,0.584,0.54132,0.65292,0.69263,0.67353,0.73104,0.66842,0.57967,0.69643,0.62019,0.44875,0.52222,-0.093019,-0.18155,-0.24181,-0.10054,0.11962,0.16047,0.037074,0.10868,-0.023688,0.0080169,-0.15834,0.079058,-0.10832,-0.091957,0.037352,0.16398,-0.25628,-0.15207,-0.072047,-0.012475,-0.22686,-0.13433,-0.16773,-0.089011,-0.13725,0.43472
0.7201,0.55435,0.48355,0.54022,0.24363,0.38487,0.65822,0.66049,0.49942,0.5694,0.86239,0.9158,0.87228,1,0.6867,0.87296,0.71209,0.67373,0.41527,0.33293,0.59713,0.43696,0.38744,0.37412,0.33881,0.31702,0.35153,0.30502,0.73556,0.71845,0.41187,0.35527,0.40521,0.32027,0.13245,-0.003285,0.56884,0.43771,0.60184,0.56822,0.68171,0.47853,0.39519,0.44508,0.26,0.31041,0.4792,0.48119,0.39713,0.41492,0.45839,0.46616,0.49851,0.40756,0.57069,0.59456,0.58092,0.4864,0.40892,0.36677,0.57935,0.40996,0.69876,0.69473,0.35423,0.30985,0.15343,0.16947,0.26899,0.10776,0.15145,0.1879,0.20077,0.12495,0.1287,-0.011262,0.014453,-0.12149,0.70512,0.63655,0.74809,0.76564,0.74713,0.80842,0.70965,0.66473,0.77648,0.65531,0.53789,0.59505,0.001823,-0.16504,-0.17746,-0.085081,0.23737,0.28588,0.20265,0.23814,0.12847,0.094094,-0.091578,0.14979,-0.072776,-0.04322,0.19016,0.28596,-0.11791,-0.10098,0.038987,0.12837,-0.079159,-0.014145,-0.047571,-0.0023406,0.01054,0.5212
0.50133,0.41927,0.58806,0.51983,0.5517,0.36264,0.59764,0.48816,0.70469,0.51524,0.69807,0.62012,0.72652,0.6867,1,0.68992,0.51814,0.45934,0.27488,0.22039,0.5296,0.30867,0.50042,0.42891,0.52452,0.39802,0.50171,0.40902,0.60902,0.55061,0.41458,0.26904,0.31413,0.28943,0.15079,0.013737,0.39423,0.29542,0.53246,0.39032,0.3927,0.32516,0.31016,0.28961,0.22181,0.2067,0.32291,0.34833,0.34748,0.36925,0.43823,0.3797,0.47444,0.40363,0.42813,0.46505,0.373,0.3932,0.41344,0.33716,0.5861,0.37215,0.4982,0.48624,0.47207,0.29981,0.17768,0.12612,0.15936,0.12911,0.15129,0.1602,0.27999,0.19512,0.16537,0.06312,0.13003,-0.015647,0.5483,0.47901,0.53285,0.53296,0.61908,0.55117,0.65619,0.50873,0.5831,0.38261,0.61046,0.54103,0.02603,0.01619,-0.028018,0.095432,0.32679,0.3071,0.21969,0.20847,0.10481,0.17385,0.03419,0.32285,0.036339,0.15068,0.21195,0.24844,-0.050968,0.096882,0.13499,0.14544,0.0096472,0.029199,-0.015788,0.078468,0.15112,0.25652
0.60501,0.46355,0.50254,0.57996,0.26229,0.4487,0.64816,0.68087,0.48879,0.63198,0.81001,0.87251,0.79543,0.87296,0.68992,1,0.69139,0.63251,0.35063,0.24585,0.68813,0.52956,0.46077,0.46917,0.4159,0.44798,0.42086,0.36457,0.76087,0.74045,0.51172,0.45548,0.36841,0.3041,0.079775,-0.0016479,0.5118,0.42776,0.60854,0.56956,0.66831,0.50314,0.32663,0.37016,0.21424,0.26567,0.41937,0.41393,0.32149,0.36377,0.37812,0.37745,0.38157,0.32295,0.50333,0.51451,0.49464,0.41077,0.32661,0.3352,0.49328,0.41882,0.62271,0.62766,0.42143,0.37965,0.11968,0.14223,0.18811,0.040953,0.14984,0.16063,0.22808,0.1443,0.14515,-0.090296,-0.04907,-0.15217,0.68923,0.62519,0.71613,0.72482,0.79749,0.82024,0.70546,0.66178,0.78632,0.66059,0.49521,0.58876,-0.016488,-0.20315,-0.13664,-0.073305,0.27702,0.3349,0.17685,0.20551,0.066076,0.036044,-0.080115,0.15878,-0.1151,-0.064251,0.21583,0.29455,-0.11527,-0.091634,0.12631,0.13561,-0.081179,-0.033205,-0.058469,0.0045474,0.00016492,0.47932
0.6821,0.65795,0.39654,0.45869,0.34431,0.3087,0.51482,0.5105,0.35033,0.43467,0.73848,0.71535,0.59074,0.71209,0.51814,0.69139,1,0.9173,0.49065,0.50669,0.53627,0.39806,0.40224,0.39413,0.41438,0.42496,0.34172,0.2513,0.93448,0.93487,0.53279,0.56394,0.6033,0.57069,0.23603,0.13916,0.66356,0.53265,0.76993,0.70385,0.69368,0.62368,0.46445,0.49687,0.37163,0.36173,0.48307,0.49739,0.39068,0.3016,0.33856,0.26293,0.35117,0.28956,0.54493,0.5471,0.71803,0.60463,0.3205,0.13824,0.47788,0.2423,0.89562,0.73118,0.28318,0.14678,0.2111,0.18539,0.45752,0.38171,0.29736,0.3563,0.56307,0.46866,0.4652,0.31131,0.35235,0.19817,0.95096,0.93198,0.92107,0.85789,0.79401,0.86516,0.58187,0.46372,0.77848,0.46676,0.46901,0.4046,-0.031602,-0.13934,-0.11736,-0.052408,0.5499,0.58814,0.46247,0.39429,0.17715,0.15578,-0.098499,0.22257,-0.087699,0.031404,0.47269,0.59263,0.084216,0.069903,0.33095,0.44406,0.14714,0.12988,0.062844,0.1675,0.30441,0.62388
0.75053,0.74465,0.46087,0.51642,0.32442,0.43494,0.54517,0.54542,0.38144,0.4566,0.6756,0.69343,0.55166,0.67373,0.45934,0.63251,0.9173,1,0.62764,0.64729,0.60134,0.5056,0.48624,0.47675,0.43548,0.48896,0.36614,0.33922,0.85719,0.89096,0.59848,0.62944,0.70425,0.64921,0.35669,0.23913,0.66979,0.59068,0.73642,0.74243,0.74424,0.6786,0.57465,0.6193,0.47062,0.47985,0.57479,0.60084,0.45827,0.38687,0.37476,0.34048,0.36066,0.36329,0.5917,0.6083,0.82681,0.70406,0.31767,0.20844,0.40528,0.2472,0.90599,0.81294,0.32383,0.21902,0.33517,0.30031,0.60267,0.47877,0.29934,0.3458,0.56776,0.50914,0.51216,0.39814,0.33651,0.19485,0.87781,0.93175,0.89102,0.88354,0.70943,0.81337,0.59776,0.53501,0.72041,0.51785,0.46739,0.46966,0.059542,-0.074519,-0.044714,0.046511,0.50592,0.54862,0.49502,0.45673,0.27156,0.23209,-0.036944,0.29727,-0.02137,0.074034,0.42433,0.50958,0.11573,0.11642,0.25373,0.44426,0.19091,0.14545,0.071947,0.19057,0.28555,0.63787
0.77494,0.75488,0.58845,0.61154,0.32026,0.61466,0.62934,0.58128,0.43639,0.4976,0.45277,0.42118,0.38688,0.41527,0.27488,0.35063,0.49065,0.62764,1,0.87681,0.44817,0.50985,0.52685,0.49551,0.34679,0.45346,0.3941,0.414,0.45895,0.47596,0.55124,0.58012,0.7758,0.70839,0.57624,0.42037,0.48565,0.54083,0.45769,0.56073,0.50658,0.4965,0.64819,0.65423,0.62876,0.63231,0.62554,0.64227,0.6027,0.58083,0.46307,0.55213,0.30304,0.45054,0.4704,0.53992,0.7941,0.70898,0.45113,0.53321,0.37697,0.40522,0.57073,0.67823,0.42028,0.40924,0.62944,0.5854,0.78003,0.61074,0.28671,0.36775,0.4109,0.38168,0.4507,0.4643,0.30442,0.27879,0.44799,0.52026,0.50876,0.57298,0.42636,0.4672,0.44484,0.49173,0.39152,0.43872,0.40332,0.54146,0.36246,0.27603,0.22999,0.32139,0.35272,0.37023,0.46142,0.4935,0.47723,0.47173,0.2777,0.31725,0.28158,0.27856,0.21239,0.2673,0.29161,0.39413,0.1139,0.32718,0.31008,0.23073,0.18034,0.38942,0.20644,0.38264
0.70234,0.8263,0.46284,0.5368,0.35492,0.58797,0.4546,0.48518,0.38512,0.4401,0.30627,0.34949,0.24313,0.33293,0.22039,0.24585,0.50669,0.64729,0.87681,1,0.34406,0.40819,0.42848,0.42331,0.32423,0.39107,0.34566,0.3324,0.44896,0.49829,0.44816,0.49976,0.85372,0.82417,0.65794,0.54191,0.54561,0.63266,0.50066,0.61563,0.49723,0.55284,0.67834,0.65396,0.67418,0.64793,0.61333,0.64956,0.616,0.56158,0.49092,0.50853,0.36967,0.47207,0.51311,0.56689,0.82067,0.79979,0.51754,0.50159,0.40083,0.41608,0.63293,0.72003,0.33513,0.32102,0.71547,0.64422,0.89194,0.82862,0.2822,0.40254,0.51418,0.53953,0.54989,0.61861,0.4962,0.47977,0.4648,0.53835,0.51507,0.55653,0.38254,0.43986,0.38686,0.40821,0.33982,0.36537,0.43561,0.49545,0.40674,0.36123,0.29505,0.35011,0.50821,0.51929,0.6281,0.62971,0.56788,0.59177,0.35888,0.41181,0.41868,0.38965,0.36993,0.37234,0.45304,0.55589,0.24438,0.51348,0.5022,0.39307,0.32584,0.48335,0.38037,0.44176
0.53711,0.44036,0.55565,0.53843,0.2282,0.45763,0.5741,0.56737,0.37015,0.4124,0.61012,0.61954,0.56741,0.59713,0.5296,0.68813,0.53627,0.60134,0.44817,0.34406,1,0.829,0.63369,0.644,0.60832,0.69449,0.60608,0.64044,0.57637,0.5958,0.73508,0.64199,0.48901,0.38456,0.33457,0.21386,0.52648,0.56326,0.56342,0.61712,0.63159,0.59356,0.45409,0.48367,0.36727,0.39627,0.4978,0.50327,0.33527,0.40492,0.35977,0.42897,0.31585,0.37199,0.50205,0.49779,0.50754,0.40251,0.18838,0.3201,0.2261,0.24555,0.47707,0.53279,0.48416,0.48841,0.32328,0.33348,0.3585,0.19558,0.31455,0.29232,0.27359,0.25882,0.26364,0.12173,0.00079753,-0.018931,0.52698,0.57437,0.57178,0.63458,0.65413,0.66523,0.64906,0.63234,0.67075,0.63453,0.47831,0.58767,0.16499,-0.0082928,0.062314,0.14028,0.29799,0.33667,0.29918,0.30648,0.18211,0.16525,0.073073,0.2689,0.026774,0.071141,0.21184,0.33231,-0.012221,0.018936,0.10597,0.22839,0.07371,0.0049564,-0.0013482,0.063634,0.033992,0.48567
0.52419,0.39878,0.43531,0.44021,0.077784,0.44711,0.49774,0.50552,0.19121,0.31268,0.4586,0.44582,0.44634,0.43696,0.30867,0.52956,0.39806,0.5056,0.50985,0.40819,0.829,1,0.54615,0.59313,0.46481,0.63043,0.54384,0.69764,0.41255,0.46957,0.65772,0.63354,0.4917,0.38704,0.38386,0.29795,0.43262,0.53371,0.38353,0.52317,0.54178,0.54083,0.39044,0.4233,0.35668,0.38932,0.41151,0.42938,0.27092,0.34583,0.27369,0.40434,0.19832,0.32965,0.32939,0.36912,0.49477,0.34812,0.10702,0.33051,0.063295,0.19733,0.35679,0.44359,0.3666,0.50767,0.38742,0.40409,0.45925,0.25236,0.36173,0.39634,0.21984,0.23064,0.30162,0.18865,-0.02211,0.022164,0.37151,0.46748,0.41813,0.48498,0.51016,0.55411,0.41962,0.47471,0.46475,0.58652,0.25203,0.44656,0.23806,0.11384,0.18486,0.22166,0.20561,0.23173,0.21767,0.24552,0.17795,0.17603,0.17203,0.22672,0.13666,0.11709,0.1184,0.23988,0.069604,0.11424,0.037367,0.13523,0.073627,0.021093,0.046272,0.1379,-0.0037302,0.43841
0.46957,0.47253,0.86617,0.77188,0.64435,0.67994,0.72814,0.63793,0.64173,0.52751,0.45274,0.37872,0.33986,0.38744,0.50042,0.46077,0.40224,0.48624,0.52685,0.42848,0.63369,0.54615,1,0.93624,0.82352,0.87576,0.80247,0.74981,0.42253,0.41824,0.86584,0.79138,0.59135,0.58499,0.55997,0.42674,0.52912,0.57642,0.55555,0.5653,0.34498,0.48237,0.55067,0.52065,0.50204,0.47257,0.49803,0.54154,0.44779,0.48225,0.49467,0.45834,0.35678,0.39817,0.44127,0.47797,0.47711,0.48729,0.3218,0.40865,0.31985,0.39586,0.42925,0.489,0.71029,0.67968,0.55843,0.51923,0.28281,0.27088,0.52784,0.53919,0.42946,0.43943,0.45251,0.44688,0.37824,0.37159,0.39689,0.45098,0.41266,0.48099,0.50718,0.41488,0.61135,0.58892,0.45268,0.40429,0.55345,0.62609,0.43688,0.36653,0.40482,0.49141,0.39114,0.37267,0.42864,0.39963,0.39199,0.38679,0.28781,0.45064,0.25742,0.29744,0.32793,0.33655,0.20969,0.30625,0.15949,0.35062,0.3231,0.23002,0.20248,0.2631,0.30419,0.34254
0.45333,0.46099,0.79926,0.79029,0.58325,0.69656,0.69449,0.69496,0.58361,0.53248,0.40209,0.39014,0.27978,0.37412,0.42891,0.46917,0.39413,0.47675,0.49551,0.42331,0.644,0.59313,0.93624,1,0.81682,0.92865,0.7877,0.78332,0.40008,0.40772,0.83608,0.78072,0.59918,0.58859,0.59688,0.49788,0.55554,0.61322,0.6026,0.5921,0.37672,0.50115,0.536,0.51774,0.50846,0.47725,0.48514,0.52522,0.41434,0.4552,0.46908,0.43837,0.29516,0.32791,0.44264,0.44045,0.47994,0.45624,0.31325,0.39963,0.29359,0.42534,0.42264,0.46354,0.68827,0.77296,0.60236,0.58422,0.29932,0.29071,0.49424,0.51584,0.39057,0.39428,0.42201,0.42421,0.35053,0.35493,0.39646,0.43447,0.41986,0.476,0.49044,0.42261,0.59457,0.62046,0.45617,0.40504,0.52441,0.602,0.45158,0.35019,0.42837,0.47551,0.41038,0.39535,0.42957,0.40213,0.3821,0.36162,0.32932,0.44949,0.24097,0.26037,0.30243,0.32711,0.23439,0.29121,0.17497,0.36863,0.33538,0.2207,0.21797,0.26017,0.25886,0.32297
0.42641,0.45757,0.70954,0.61154,0.65314,0.51902,0.50492,0.45939,0.57185,0.38353,0.40069,0.33035,0.27097,0.33881,0.52452,0.4159,0.41438,0.43548,0.34679,0.32423,0.60832,0.46481,0.82352,0.81682,1,0.8803,0.86134,0.79111,0.43854,0.39828,0.75006,0.6234,0.49811,0.48969,0.45904,0.35157,0.52829,0.55797,0.5738,0.56056,0.25699,0.41807,0.51607,0.46119,0.44456,0.39227,0.43824,0.46613,0.39748,0.42463,0.49079,0.36377,0.38631,0.31763,0.41777,0.43906,0.407,0.45832,0.35148,0.35416,0.33533,0.26003,0.41745,0.35267,0.60127,0.5703,0.46846,0.43674,0.23977,0.28882,0.46652,0.49555,0.43067,0.42112,0.37646,0.36897,0.42068,0.34864,0.45761,0.46396,0.43904,0.4739,0.54504,0.40618,0.63692,0.53173,0.46962,0.33738,0.56344,0.54704,0.30975,0.29755,0.36991,0.44181,0.46419,0.46463,0.49879,0.44427,0.32397,0.36938,0.18494,0.46083,0.18271,0.29378,0.46293,0.47817,0.21559,0.32086,0.34521,0.4163,0.38765,0.28413,0.3024,0.31441,0.33172,0.27497
0.41792,0.46229,0.72354,0.71023,0.55592,0.62674,0.60651,0.62337,0.5073,0.4625,0.3835,0.35825,0.24218,0.31702,0.39802,0.44798,0.42496,0.48896,0.45346,0.39107,0.69449,0.63043,0.87576,0.92865,0.8803,1,0.78434,0.80224,0.44406,0.45143,0.86898,0.79912,0.58991,0.57598,0.54846,0.45017,0.52502,0.58418,0.60356,0.58157,0.34875,0.49313,0.52102,0.49748,0.48754,0.4562,0.46266,0.4948,0.37058,0.41264,0.42213,0.37178,0.27284,0.30099,0.41456,0.40876,0.44865,0.4487,0.24372,0.3159,0.23028,0.33431,0.41572,0.42151,0.63595,0.68826,0.5319,0.51504,0.30775,0.32037,0.49238,0.53692,0.42968,0.43506,0.42623,0.39715,0.35081,0.35054,0.45168,0.49005,0.43008,0.48022,0.52243,0.43652,0.56365,0.55425,0.45838,0.36026,0.46784,0.53737,0.34929,0.25858,0.36557,0.41239,0.4511,0.43365,0.45179,0.39902,0.31589,0.30976,0.26258,0.41882,0.17289,0.22848,0.36857,0.42121,0.22479,0.27622,0.27426,0.38035,0.32844,0.19318,0.22071,0.27057,0.27647,0.34103
0.42606,0.38837,0.71175,0.60372,0.6301,0.55176,0.55194,0.46358,0.5413,0.3852,0.42138,0.31098,0.32082,0.35153,0.50171,0.42086,0.34172,0.36614,0.3941,0.34566,0.60608,0.54384,0.80247,0.7877,0.86134,0.78434,1,0.86357,0.35254,0.33485,0.6834,0.57764,0.45322,0.42961,0.46711,0.31173,0.51397,0.5551,0.48156,0.52531,0.27829,0.44804,0.4886,0.44228,0.42141,0.37822,0.4304,0.46394,0.38811,0.41318,0.48328,0.40245,0.39761,0.34371,0.38183,0.41425,0.39251,0.39868,0.35019,0.39115,0.31768,0.27532,0.34348,0.31911,0.61932,0.60837,0.49415,0.44906,0.23921,0.27305,0.46417,0.50412,0.36448,0.34473,0.32781,0.30875,0.33981,0.32328,0.34102,0.37706,0.38666,0.4364,0.52529,0.42203,0.63676,0.55298,0.45732,0.43192,0.56973,0.57409,0.41274,0.37561,0.44728,0.51112,0.40412,0.41087,0.43553,0.43142,0.33512,0.40737,0.31092,0.46945,0.27603,0.35207,0.40513,0.41238,0.22494,0.3302,0.25447,0.36461,0.36756,0.28944,0.31956,0.31278,0.28309,0.28056
0.41451,0.34702,0.62149,0.53027,0.43063,0.5543,0.51438,0.45272,0.45648,0.31331,0.35911,0.27451,0.29712,0.30502,0.40902,0.36457,0.2513,0.33922,0.414,0.3324,0.64044,0.69764,0.74981,0.78332,0.79111,0.80224,0.86357,1,0.25991,0.25608,0.66388,0.5718,0.43592,0.37814,0.50999,0.36755,0.44425,0.51818,0.36548,0.4662,0.26399,0.37149,0.44144,0.42678,0.41544,0.40142,0.39095,0.43263,0.32737,0.40296,0.39089,0.40893,0.25845,0.33611,0.28605,0.33656,0.36906,0.3339,0.23306,0.37689,0.17434,0.23961,0.25285,0.28829,0.5494,0.64972,0.50782,0.49051,0.26791,0.23187,0.39333,0.43759,0.24213,0.23906,0.24738,0.27676,0.18175,0.19976,0.26007,0.32111,0.29711,0.37151,0.41632,0.3491,0.50906,0.51479,0.35425,0.42167,0.39653,0.51757,0.37738,0.37233,0.41709,0.49203,0.27369,0.25613,0.3178,0.32558,0.27529,0.31241,0.27116,0.37882,0.23828,0.26295,0.21066,0.2857,0.14852,0.27291,0.11242,0.24159,0.26481,0.19828,0.22921,0.22324,0.13912,0.20592
0.63248,0.6007,0.41399,0.48249,0.35358,0.31853,0.523,0.51764,0.41098,0.45974,0.77281,0.74893,0.62684,0.73556,0.60902,0.76087,0.93448,0.85719,0.45895,0.44896,0.57637,0.41255,0.42253,0.40008,0.43854,0.44406,0.35254,0.25991,1,0.95849,0.56093,0.56157,0.54223,0.51174,0.17352,0.0863,0.62957,0.50263,0.76668,0.67272,0.71889,0.63126,0.39971,0.42486,0.30779,0.30062,0.43463,0.44191,0.35345,0.2766,0.29572,0.2188,0.31159,0.25714,0.50493,0.51609,0.61771,0.53535,0.28807,0.13843,0.4348,0.21694,0.81745,0.67064,0.29581,0.13551,0.15194,0.12918,0.38786,0.29291,0.26774,0.31155,0.5595,0.466,0.42756,0.22533,0.29081,0.12321,0.9113,0.8864,0.87827,0.82313,0.8599,0.89389,0.59346,0.46259,0.79513,0.48019,0.45025,0.39957,-0.041334,-0.16532,-0.1195,-0.063443,0.5331,0.59724,0.41563,0.34604,0.1303,0.10715,-0.10101,0.20183,-0.11357,-0.0010429,0.44535,0.55348,0.059225,0.039289,0.35931,0.41176,0.10031,0.088995,0.035922,0.11726,0.25876,0.59769
0.64153,0.64582,0.40016,0.49352,0.29885,0.34408,0.5194,0.53633,0.35346,0.45887,0.7415,0.7408,0.61847,0.71845,0.55061,0.74045,0.93487,0.89096,0.47596,0.49829,0.5958,0.46957,0.41824,0.40772,0.39828,0.45143,0.33485,0.25608,0.95849,1,0.57715,0.59035,0.57428,0.55352,0.21794,0.12214,0.62471,0.52902,0.73721,0.68288,0.71964,0.65621,0.42831,0.45074,0.33762,0.3296,0.46308,0.47412,0.36363,0.29958,0.31328,0.25364,0.34267,0.31577,0.53425,0.54107,0.65394,0.58761,0.29906,0.15061,0.4325,0.22688,0.83303,0.72594,0.30098,0.15515,0.19111,0.15577,0.44757,0.35635,0.28995,0.34456,0.548,0.49468,0.43938,0.28113,0.29419,0.14783,0.89958,0.91281,0.87471,0.84191,0.80288,0.8861,0.57458,0.46959,0.75115,0.47998,0.44749,0.41645,-0.017981,-0.16205,-0.12693,-0.057349,0.51174,0.57704,0.43122,0.37916,0.16657,0.13529,-0.068306,0.22141,-0.069191,0.029599,0.43764,0.54364,0.084791,0.079874,0.32305,0.40672,0.11654,0.091033,0.048146,0.14693,0.26304,0.63899
0.49475,0.52215,0.70345,0.70144,0.50334,0.56429,0.65674,0.63331,0.4689,0.4649,0.47217,0.45736,0.33783,0.41187,0.41458,0.51172,0.53279,0.59848,0.55124,0.44816,0.73508,0.65772,0.86584,0.83608,0.75006,0.86898,0.6834,0.66388,0.56093,0.57715,1,0.94772,0.65336,0.63706,0.49606,0.36623,0.51906,0.54473,0.58441,0.54475,0.44245,0.50255,0.51798,0.50913,0.46189,0.44167,0.50387,0.50724,0.3725,0.40316,0.36524,0.37504,0.25967,0.33279,0.42849,0.42987,0.53147,0.49571,0.2113,0.29478,0.2357,0.30682,0.48839,0.5072,0.59115,0.55575,0.46414,0.43205,0.38076,0.31881,0.53648,0.56538,0.47759,0.47959,0.41922,0.40936,0.36054,0.32305,0.53143,0.58855,0.5156,0.56598,0.55061,0.52468,0.52546,0.51876,0.48527,0.34945,0.42649,0.52388,0.28404,0.16177,0.22688,0.29489,0.36307,0.39421,0.40806,0.35335,0.306,0.2484,0.16853,0.33039,0.11795,0.17182,0.30785,0.38581,0.13662,0.20062,0.18714,0.33258,0.23221,0.11443,0.11726,0.22091,0.21693,0.42888
0.47971,0.51298,0.61279,0.65148,0.43931,0.53999,0.61482,0.62434,0.37659,0.45631,0.42025,0.41618,0.25822,0.35527,0.26904,0.45548,0.56394,0.62944,0.58012,0.49976,0.64199,0.63354,0.79138,0.78072,0.6234,0.79912,0.57764,0.5718,0.56157,0.59035,0.94772,1,0.68654,0.68837,0.50083,0.39798,0.49756,0.53914,0.57712,0.55328,0.4553,0.52352,0.4956,0.50773,0.46634,0.4573,0.48741,0.49638,0.34764,0.3458,0.29162,0.30375,0.15174,0.26652,0.40097,0.39341,0.5633,0.49187,0.16344,0.2261,0.16599,0.29377,0.51347,0.51804,0.51629,0.49579,0.46063,0.43863,0.43836,0.37042,0.53355,0.58396,0.49988,0.50222,0.46124,0.46513,0.38061,0.36145,0.536,0.60927,0.52195,0.56204,0.52872,0.52896,0.41457,0.44129,0.43834,0.29701,0.33673,0.43304,0.29358,0.15492,0.23046,0.26613,0.39086,0.41951,0.41537,0.36519,0.3136,0.22988,0.17763,0.28266,0.11585,0.15236,0.3073,0.39477,0.18663,0.19117,0.20748,0.35044,0.24279,0.13077,0.12541,0.24567,0.25255,0.45368
0.68051,0.80506,0.60307,0.65424,0.50684,0.61852,0.61435,0.65286,0.48597,0.57787,0.35436,0.43351,0.24127,0.40521,0.31413,0.36841,0.6033,0.70425,0.7758,0.85372,0.48901,0.4917,0.59135,0.59918,0.49811,0.58991,0.45322,0.43592,0.54223,0.57428,0.65336,0.68654,1,0.94896,0.76308,0.64879,0.67225,0.71283,0.68153,0.70977,0.50454,0.60808,0.77285,0.74893,0.79538,0.76467,0.71904,0.75622,0.70864,0.65346,0.61429,0.60147,0.41029,0.51222,0.65753,0.65832,0.82452,0.81435,0.56502,0.52437,0.49408,0.56768,0.71839,0.77354,0.53446,0.49494,0.7719,0.74223,0.76699,0.72065,0.46123,0.54086,0.62361,0.61567,0.63705,0.66835,0.62193,0.59999,0.5836,0.63162,0.58629,0.61908,0.47771,0.48832,0.49431,0.52955,0.42714,0.35107,0.57363,0.60445,0.49366,0.36355,0.35839,0.40766,0.5873,0.59431,0.73518,0.69464,0.65658,0.62066,0.43624,0.57392,0.44872,0.48664,0.50043,0.51753,0.48735,0.53457,0.33988,0.5867,0.57805,0.46872,0.39858,0.52421,0.48217,0.51353
0.58941,0.75683,0.58596,0.63992,0.56481,0.61013,0.57717,0.62143,0.48704,0.58628,0.28744,0.37747,0.15066,0.32027,0.28943,0.3041,0.57069,0.64921,0.70839,0.82417,0.38456,0.38704,0.58499,0.58859,0.48969,0.57598,0.42961,0.37814,0.51174,0.55352,0.63706,0.68837,0.94896,1,0.75179,0.67094,0.59988,0.66187,0.6436,0.64637,0.3981,0.54197,0.69551,0.65557,0.7377,0.69456,0.62103,0.67193,0.63908,0.58998,0.56896,0.52485,0.37192,0.4596,0.57532,0.58511,0.73562,0.77059,0.5534,0.47031,0.50734,0.59149,0.67763,0.73624,0.51743,0.47421,0.74766,0.71241,0.70255,0.71999,0.46996,0.55908,0.65593,0.65925,0.6371,0.7224,0.6835,0.66478,0.53841,0.58708,0.50871,0.52934,0.41102,0.40174,0.41097,0.42514,0.32643,0.20055,0.54776,0.53027,0.49634,0.40454,0.38331,0.41885,0.59238,0.58512,0.71345,0.66621,0.64303,0.62197,0.47157,0.55459,0.48027,0.52011,0.50315,0.49782,0.52933,0.58493,0.3519,0.58447,0.60021,0.48154,0.41741,0.52356,0.53592,0.41703
0.38607,0.47081,0.53055,0.48548,0.41685,0.59145,0.45168,0.44593,0.39552,0.3623,0.12214,0.14012,0.030015,0.13245,0.15079,0.079775,0.23603,0.35669,0.57624,0.65794,0.33457,0.38386,0.55997,0.59688,0.45904,0.54846,0.46711,0.50999,0.17352,0.21794,0.49606,0.50083,0.76308,0.75179,1,0.87849,0.52395,0.6148,0.42113,0.51063,0.20503,0.3897,0.62732,0.57741,0.75658,0.70047,0.52176,0.59414,0.5679,0.56071,0.50641,0.51289,0.27508,0.38995,0.44756,0.44176,0.51269,0.51866,0.44534,0.47992,0.32161,0.50162,0.35378,0.45756,0.56523,0.59788,0.84391,0.81118,0.51489,0.54777,0.41744,0.46084,0.36785,0.41216,0.45487,0.62111,0.56271,0.65052,0.19842,0.28805,0.23256,0.30368,0.2362,0.18728,0.34341,0.41721,0.20429,0.27678,0.51214,0.49184,0.71189,0.67948,0.62571,0.65533,0.44236,0.40948,0.61473,0.59164,0.66558,0.65425,0.65978,0.6294,0.67834,0.62369,0.38709,0.37632,0.57112,0.6149,0.15713,0.52421,0.61123,0.52354,0.47713,0.48987,0.47304,0.3189
0.24163,0.33974,0.37527,0.35538,0.31216,0.50061,0.27973,0.32159,0.23105,0.25182,-0.019041,0.014777,-0.11836,-0.003285,0.013737,-0.0016479,0.13916,0.23913,0.42037,0.54191,0.21386,0.29795,0.42674,0.49788,0.35157,0.45017,0.31173,0.36755,0.0863,0.12214,0.36623,0.39798,0.64879,0.67094,0.87849,1,0.40993,0.55331,0.32679,0.44872,0.12246,0.34986,0.51518,0.43595,0.66225,0.59604,0.3846,0.46423,0.46466,0.44132,0.41936,0.3973,0.15692,0.28472,0.33372,0.34251,0.39817,0.40072,0.33644,0.38923,0.19366,0.43867,0.2585,0.3502,0.40772,0.49655,0.76883,0.76042,0.40973,0.46759,0.36854,0.38159,0.31701,0.35633,0.39025,0.58413,0.52232,0.64437,0.10534,0.18576,0.11698,0.1635,0.11388,0.070999,0.19275,0.28746,0.082556,0.21033,0.38181,0.34212,0.65859,0.6499,0.61373,0.55532,0.38817,0.31645,0.5542,0.5117,0.60904,0.61157,0.61505,0.53295,0.66969,0.5829,0.32829,0.26589,0.5704,0.60837,0.1124,0.46987,0.59858,0.54137,0.48801,0.45381,0.45387,0.18029
0.62461,0.57347,0.51539,0.48691,0.39402,0.43684,0.48326,0.48078,0.36031,0.38259,0.5261,0.54043,0.40728,0.56884,0.39423,0.5118,0.66356,0.66979,0.48565,0.54561,0.52648,0.43262,0.52912,0.55554,0.52829,0.52502,0.51397,0.44425,0.62957,0.62471,0.51906,0.49756,0.67225,0.59988,0.52395,0.40993,1,0.88787,0.81186,0.86445,0.70614,0.77904,0.61312,0.61595,0.5192,0.51477,0.58656,0.63452,0.52326,0.46155,0.56145,0.4601,0.52177,0.4049,0.68407,0.6335,0.64736,0.5678,0.4436,0.3506,0.43363,0.30553,0.69928,0.62568,0.41897,0.38239,0.46428,0.49362,0.45151,0.40831,0.5544,0.57732,0.58207,0.56292,0.58542,0.49078,0.53419,0.44321,0.63398,0.65999,0.6941,0.69809,0.64679,0.64865,0.65425,0.59851,0.69544,0.57091,0.65815,0.57319,0.40561,0.28651,0.32144,0.35085,0.63806,0.60893,0.68974,0.65632,0.50069,0.49687,0.30059,0.55267,0.32529,0.40944,0.65528,0.6191,0.33058,0.28549,0.46568,0.69264,0.50737,0.48459,0.5044,0.45589,0.48585,0.60792
0.60656,0.57392,0.52827,0.5189,0.38435,0.5295,0.45476,0.48905,0.35208,0.38862,0.39402,0.42887,0.29343,0.43771,0.29542,0.42776,0.53265,0.59068,0.54083,0.63266,0.56326,0.53371,0.57642,0.61322,0.55797,0.58418,0.5551,0.51818,0.50263,0.52902,0.54473,0.53914,0.71283,0.66187,0.6148,0.55331,0.88787,1,0.70788,0.89011,0.62575,0.78063,0.69053,0.66191,0.61486,0.60605,0.64228,0.7004,0.59286,0.54965,0.61931,0.53029,0.51916,0.49894,0.67716,0.66158,0.64432,0.59419,0.46354,0.4773,0.36883,0.37365,0.59707,0.60751,0.45961,0.48767,0.61531,0.64101,0.54883,0.48677,0.56135,0.57879,0.53608,0.56206,0.56833,0.54821,0.50273,0.4793,0.50364,0.5704,0.58454,0.63031,0.55037,0.55226,0.60311,0.6026,0.56328,0.57933,0.63905,0.619,0.5491,0.41379,0.45557,0.44587,0.61278,0.60407,0.72216,0.72384,0.61412,0.61999,0.41784,0.56744,0.45807,0.49259,0.60879,0.55658,0.41668,0.44452,0.41078,0.67422,0.6,0.54834,0.57779,0.54494,0.52075,0.54229
0.56388,0.60453,0.56764,0.61733,0.54025,0.41325,0.5622,0.6026,0.43402,0.50489,0.55517,0.61063,0.38204,0.60184,0.53246,0.60854,0.76993,0.73642,0.45769,0.50066,0.56342,0.38353,0.55555,0.6026,0.5738,0.60356,0.48156,0.36548,0.76668,0.73721,0.58441,0.57712,0.68153,0.6436,0.42113,0.32679,0.81186,0.70788,1,0.83087,0.66633,0.72575,0.55392,0.57067,0.49212,0.48033,0.55982,0.58124,0.49939,0.40957,0.50499,0.38536,0.41442,0.33961,0.71407,0.62993,0.63237,0.58481,0.43365,0.28238,0.47557,0.37368,0.75111,0.65612,0.45058,0.3646,0.42741,0.44049,0.40313,0.38892,0.41447,0.44986,0.63638,0.59354,0.59548,0.45955,0.47105,0.3639,0.76856,0.72578,0.74996,0.70604,0.74359,0.70687,0.6513,0.58501,0.76327,0.45924,0.64499,0.52605,0.24603,0.073169,0.16299,0.18411,0.71,0.69343,0.64056,0.54799,0.4086,0.3498,0.21097,0.46047,0.13835,0.24831,0.60593,0.6221,0.30769,0.19429,0.49564,0.58116,0.36957,0.28878,0.27686,0.35488,0.46157,0.56178
0.66596,0.64084,0.53748,0.55561,0.41432,0.52563,0.5261,0.56376,0.39686,0.47496,0.52992,0.55677,0.39003,0.56822,0.39032,0.56956,0.70385,0.74243,0.56073,0.61563,0.61712,0.52317,0.5653,0.5921,0.56056,0.58157,0.52531,0.4662,0.67272,0.68288,0.54475,0.55328,0.70977,0.64637,0.51063,0.44872,0.86445,0.89011,0.83087,1,0.7218,0.83966,0.70099,0.71402,0.60082,0.61658,0.68551,0.73329,0.59598,0.52748,0.59509,0.49967,0.50515,0.46095,0.76139,0.74815,0.71923,0.64248,0.45993,0.42615,0.42029,0.37478,0.75279,0.71464,0.42348,0.40454,0.52955,0.58248,0.54107,0.46887,0.43253,0.45309,0.55555,0.56037,0.57866,0.49019,0.39317,0.33574,0.66934,0.71336,0.73795,0.75542,0.68855,0.70596,0.67866,0.64588,0.72703,0.69473,0.65413,0.62116,0.37613,0.19819,0.27186,0.26949,0.65538,0.65724,0.70428,0.70244,0.52906,0.52347,0.22539,0.4831,0.26356,0.35428,0.6067,0.58606,0.34047,0.33628,0.43021,0.63608,0.48671,0.43764,0.43319,0.45507,0.49142,0.61066
0.62772,0.51974,0.31543,0.39667,0.10484,0.35581,0.43511,0.47316,0.25889,0.37951,0.59932,0.66485,0.57413,0.68171,0.3927,0.66831,0.69368,0.74424,0.50658,0.49723,0.63159,0.54178,0.34498,0.37672,0.25699,0.34875,0.27829,0.26399,0.71889,0.71964,0.44245,0.4553,0.50454,0.3981,0.20503,0.12246,0.70614,0.62575,0.66633,0.7218,1,0.79629,0.39678,0.45345,0.26903,0.33543,0.45385,0.45737,0.31496,0.28465,0.28277,0.31671,0.323,0.27877,0.51834,0.51322,0.65004,0.4675,0.21022,0.2242,0.26404,0.18515,0.68826,0.66877,0.16604,0.18996,0.21403,0.231,0.49677,0.29752,0.26234,0.27307,0.4434,0.39541,0.45077,0.1861,0.094419,-0.015427,0.65782,0.67823,0.76002,0.75099,0.66457,0.78048,0.55323,0.53558,0.74785,0.67485,0.42557,0.45123,0.041433,-0.14763,-0.10916,-0.076859,0.35646,0.41972,0.31717,0.34157,0.1474,0.13958,-0.06008,0.15702,-0.055687,-0.0098061,0.26002,0.31587,-0.011701,-0.038637,0.21141,0.3577,0.071221,0.018741,0.0036935,0.047248,0.059076,0.61931
0.55087,0.50815,0.42949,0.43628,0.28463,0.43737,0.43591,0.43427,0.25971,0.3501,0.4573,0.46971,0.36397,0.47853,0.32516,0.50314,0.62368,0.6786,0.4965,0.55284,0.59356,0.54083,0.48237,0.50115,0.41807,0.49313,0.44804,0.37149,0.63126,0.65621,0.50255,0.52352,0.60808,0.54197,0.3897,0.34986,0.77904,0.78063,0.72575,0.83966,0.79629,1,0.51179,0.50586,0.40902,0.42654,0.49086,0.53318,0.41129,0.342,0.41843,0.3422,0.37704,0.36247,0.56426,0.53568,0.6076,0.51271,0.29996,0.27916,0.25739,0.20235,0.63495,0.59776,0.25933,0.27255,0.38478,0.40877,0.49476,0.39097,0.45037,0.46244,0.59433,0.63225,0.65273,0.48136,0.3188,0.26907,0.58268,0.65531,0.63816,0.64506,0.61268,0.66355,0.52188,0.47935,0.63554,0.61565,0.49702,0.44496,0.28115,0.11787,0.19951,0.19476,0.56643,0.54462,0.53749,0.51486,0.37014,0.38346,0.18948,0.39751,0.20869,0.28816,0.49522,0.44957,0.29805,0.24778,0.40782,0.52543,0.3665,0.30624,0.30338,0.32158,0.343,0.54337
0.69043,0.73272,0.64427,0.62444,0.53882,0.63906,0.591,0.59802,0.53764,0.55095,0.33019,0.38557,0.27175,0.39519,0.31016,0.32663,0.46445,0.57465,0.64819,0.67834,0.45409,0.39044,0.55067,0.536,0.51607,0.52102,0.4886,0.44144,0.39971,0.42831,0.51798,0.4956,0.77285,0.69551,0.62732,0.51518,0.61312,0.69053,0.55392,0.70099,0.39678,0.51179,1,0.95521,0.9088,0.89951,0.94793,0.95887,0.9217,0.8517,0.82744,0.76837,0.62152,0.67662,0.76247,0.80192,0.77405,0.80342,0.70257,0.70616,0.55847,0.56593,0.63684,0.67802,0.52709,0.50055,0.73011,0.75604,0.60466,0.57641,0.29329,0.39125,0.44322,0.46331,0.4296,0.50608,0.49865,0.45679,0.48049,0.50855,0.53838,0.60481,0.41174,0.43045,0.5795,0.61893,0.4152,0.43503,0.60891,0.71475,0.57073,0.38015,0.3396,0.43115,0.52917,0.58034,0.77064,0.79823,0.77795,0.76471,0.37724,0.62548,0.42294,0.52956,0.4723,0.48302,0.39428,0.51847,0.2564,0.54277,0.59153,0.53149,0.49647,0.56441,0.44517,0.48919
