1,0.93971,0.92117,0.92265,0.90866,0.86243,0.92029,0.87836,0.80687,0.68536,0.8934,0.82947,0.88206,0.82064,0.84648,0.76573,0.9082,0.91094,0.94453,0.96077,0.50553,0.56248,0.8189,0.79624,0.74897,0.74541,0.72996,0.74876,0.78524,0.71536,0.65426,0.59717,0.84701,0.7818,0.74851,0.58118,0.35688,0.39297,0.53254,0.51878,0.153,0.28125,0.77404,0.78998,0.72288,0.73505,0.75727,0.77464,0.70622,0.80707,0.76682,0.80697,0.85226,0.78956,0.73983,0.72249,0.96277,0.94618,0.83015,0.87631,0.78291,0.74208,0.77682,0.8809,0.64801,0.73881,0.86174,0.86692,0.85788,0.81481,0.21398,0.12152,0.29759,0.30549,-0.011272,0.17147,0.36491,0.3772,0.80795,0.81917,0.90034,0.8963,0.77296,0.84785,0.70604,0.7691,0.78191,0.83906,0.82285,0.79018,0.48795,0.5883,0.45099,0.55303,0.21092,0.12749,0.45902,0.1698,0.43603,0.36514,0.34899,0.44102,0.17378,0.19042,0.33025,0.14686,0.37694,-0.3617,0.20402,0.42338,0.29374,0.2855,0.13179,0.025264,0.035371,0.039982
0.93971,1,0.84463,0.89703,0.81766,0.76162,0.83264,0.80437,0.69452,0.62642,0.78642,0.8129,0.78879,0.7703,0.73076,0.72685,0.89723,0.91139,0.84076,0.9332,0.46472,0.48927,0.69405,0.69101,0.63696,0.65426,0.59514,0.63481,0.75323,0.71209,0.58202,0.5183,0.83262,0.77362,0.79424,0.66344,0.50286,0.55152,0.56211,0.60382,0.21467,0.33269,0.8664,0.8709,0.82695,0.84819,0.80673,0.84121,0.78736,0.83608,0.70697,0.74272,0.82084,0.78413,0.69676,0.725,0.9574,0.97326,0.76325,0.83368,0.66521,0.62153,0.69946,0.86896,0.46601,0.59322,0.8734,0.89856,0.89352,0.88517,0.26055,0.14751,0.31123,0.30743,0.1497,0.30617,0.4619,0.44144,0.7547,0.80839,0.85218,0.8475,0.69929,0.81113,0.57328,0.65461,0.63324,0.72442,0.71769,0.70032,0.51594,0.58867,0.4721,0.57709,0.30283,0.28031,0.52048,0.28003,0.45125,0.39744,0.44629,0.48741,0.28648,0.26954,0.37189,0.27102,0.43855,-0.22645,0.31265,0.47753,0.38792,0.3865,0.24948,0.16984,0.14738,0.083973
0.92117,0.84463,1,0.94915,0.91992,0.88215,0.97009,0.91399,0.7799,0.66712,0.87466,0.78081,0.83938,0.81455,0.80774,0.76486,0.81688,0.83919,0.94456,0.90328,0.47288,0.58163,0.92558,0.90651,0.87986,0.85273,0.85595,0.84215,0.72116,0.71344,0.68572,0.60026,0.79844,0.7024,0.6962,0.38828,0.2553,0.24319,0.4991,0.49731,0.011554,0.17786,0.6996,0.72271,0.64016,0.64479,0.71916,0.70403,0.59635,0.72531,0.71733,0.76439,0.84491,0.8009,0.74057,0.7054,0.88219,0.89336,0.75914,0.86687,0.72689,0.76413,0.84725,0.87634,0.72104,0.71562,0.88723,0.87161,0.81927,0.79504,0.087726,0.012816,0.1935,0.19107,-0.12609,0.012969,0.15412,0.14922,0.70283,0.72872,0.85477,0.86319,0.67918,0.83539,0.76895,0.80018,0.79391,0.89198,0.84654,0.83653,0.37487,0.5234,0.32614,0.46812,0.12729,-0.019557,0.36293,0.038637,0.32793,0.25448,0.23687,0.30066,0.075151,0.06964,0.25299,0.093813,0.24526,-0.45768,0.070137,0.27827,0.1425,0.1118,-0.031126,-0.15851,-0.10587,-0.047468
0.92265,0.89703,0.94915,1,0.89117,0.89346,0.96015,0.94912,0.80156,0.75056,0.85969,0.86392,0.86132,0.87538,0.80822,0.84336,0.86432,0.85405,0.90597,0.92899,0.54188,0.61622,0.88799,0.89828,0.80239,0.85631,0.75531,0.80781,0.78147,0.7854,0.75696,0.69614,0.86216,0.80532,0.79562,0.51918,0.40083,0.41496,0.58572,0.60575,0.044069,0.22962,0.77514,0.7908,0.72943,0.75917,0.77555,0.76826,0.71721,0.81102,0.78127,0.79652,0.8678,0.80208,0.77597,0.76745,0.88955,0.9124,0.8088,0.89026,0.75922,0.76837,0.81944,0.93092,0.64478,0.74889,0.92689,0.93483,0.83711,0.83828,0.18982,0.13142,0.19248,0.18857,-0.014587,0.12224,0.26733,0.25753,0.74755,0.77506,0.87468,0.87201,0.72819,0.87835,0.7073,0.7791,0.71371,0.81148,0.8547,0.83325,0.45374,0.57515,0.42464,0.53378,0.19881,0.11365,0.43296,0.12974,0.37524,0.29954,0.35896,0.38897,0.16392,0.14287,0.33404,0.2084,0.32718,-0.3283,0.16593,0.41106,0.25341,0.18176,0.072375,-0.047591,0.040195,0.10738
0.90866,0.81766,0.91992,0.89117,1,0.93455,0.92277,0.90339,0.82858,0.73301,0.88,0.81884,0.85861,0.84026,0.85585,0.78395,0.81346,0.83076,0.91752,0.88601,0.5639,0.61794,0.89489,0.8715,0.86223,0.8237,0.88071,0.87664,0.71827,0.69076,0.70717,0.62434,0.81276,0.73968,0.71225,0.45646,0.26774,0.25485,0.4807,0.45383,0.06833,0.19557,0.66244,0.66847,0.60742,0.62712,0.68704,0.66722,0.58353,0.73904,0.75804,0.8016,0.86771,0.80084,0.7393,0.68346,0.85935,0.86127,0.78901,0.89345,0.77527,0.84717,0.83312,0.87453,0.72601,0.79515,0.83374,0.8396,0.74232,0.7038,0.10888,0.080353,0.21761,0.23026,-0.11591,0.054895,0.20573,0.22606,0.74105,0.74035,0.85409,0.85914,0.71436,0.8057,0.77828,0.81093,0.83915,0.89046,0.84887,0.85312,0.45035,0.5608,0.37726,0.4695,0.08627,-0.00029964,0.37236,0.059192,0.38353,0.31048,0.26291,0.32376,0.11155,0.10387,0.29484,0.05551,0.29753,-0.41532,0.029737,0.30565,0.18686,0.14782,0.019625,-0.11607,-0.085437,0.034943
0.86243,0.76162,0.88215,0.89346,0.93455,1,0.9065,0.92937,0.84959,0.82591,0.84915,0.85394,0.83896,0.86911,0.84593,0.8374,0.74919,0.75532,0.87775,0.85788,0.58631,0.66012,0.89878,0.90451,0.8247,0.84977,0.85326,0.89451,0.6779,0.68641,0.72944,0.68638,0.79676,0.73685,0.67897,0.41343,0.27839,0.27041,0.50631,0.46232,0.036479,0.18728,0.59687,0.60135,0.54219,0.58195,0.61826,0.59991,0.5568,0.71928,0.75064,0.76469,0.83091,0.78475,0.70167,0.64239,0.78669,0.7928,0.78715,0.86603,0.77672,0.85944,0.76346,0.83859,0.69621,0.82664,0.79457,0.80168,0.67987,0.6548,0.080423,0.068958,0.1165,0.13915,-0.12053,0.029409,0.14946,0.16197,0.68152,0.67684,0.79302,0.80089,0.71926,0.80527,0.7487,0.79384,0.79726,0.83846,0.8614,0.83395,0.44169,0.54479,0.40475,0.47578,0.076766,-0.0093139,0.31609,0.016936,0.34715,0.27209,0.25178,0.32538,0.085454,0.095749,0.26712,0.081847,0.24976,-0.358,0.019816,0.3178,0.1676,0.09,0.0043605,-0.11392,-0.035201,0.1024
0.92029,0.83264,0.97009,0.96015,0.92277,0.9065,1,0.95799,0.8684,0.76493,0.92072,0.85128,0.91069,0.88281,0.87238,0.83073,0.83525,0.82074,0.92439,0.89908,0.52571,0.59554,0.92823,0.91499,0.85767,0.85679,0.81313,0.83478,0.77625,0.74596,0.74365,0.67392,0.80834,0.75168,0.70235,0.42289,0.29184,0.28624,0.5276,0.51039,0.04991,0.192,0.69553,0.71493,0.64686,0.66278,0.72885,0.7075,0.64201,0.77572,0.80391,0.83652,0.87556,0.80313,0.77027,0.74651,0.86472,0.8736,0.83324,0.90268,0.82225,0.84755,0.86451,0.91294,0.74769,0.80356,0.88847,0.86871,0.78435,0.76204,0.18241,0.13295,0.18549,0.18193,-0.088532,0.034357,0.19942,0.1992,0.7395,0.72131,0.86285,0.8588,0.75731,0.84541,0.79079,0.85062,0.78022,0.8547,0.88203,0.88463,0.43175,0.58476,0.38798,0.51766,0.1617,0.046959,0.40035,0.084076,0.3804,0.31548,0.30085,0.3726,0.11216,0.11437,0.2887,0.12972,0.3,-0.3787,0.12671,0.37221,0.19632,0.1272,0.026275,-0.12343,-0.042251,0.060472
0.87836,0.80437,0.91399,0.94912,0.90339,0.92937,0.95799,1,0.80702,0.8088,0.88113,0.90608,0.88717,0.94059,0.83403,0.88024,0.79272,0.77271,0.88786,0.86961,0.53267,0.61654,0.89737,0.92061,0.84278,0.8543,0.78729,0.85063,0.74119,0.7482,0.73747,0.684,0.78618,0.73632,0.6822,0.38882,0.26317,0.273,0.48989,0.49222,0.021918,0.16001,0.65367,0.67004,0.59301,0.62553,0.68467,0.65914,0.6041,0.75058,0.77149,0.79094,0.83792,0.77708,0.73545,0.70001,0.81281,0.81633,0.77146,0.86438,0.76332,0.86483,0.79226,0.88633,0.65392,0.79733,0.83382,0.84749,0.73226,0.72095,0.11361,0.07462,0.12579,0.12185,-0.1076,0.015283,0.14112,0.14248,0.68776,0.68858,0.83254,0.80902,0.7316,0.84008,0.73699,0.79851,0.74512,0.82465,0.83687,0.83972,0.39249,0.51993,0.35034,0.44582,0.12445,0.033705,0.32807,0.013542,0.32498,0.24375,0.25697,0.297,0.050309,0.053363,0.25076,0.090062,0.23477,-0.38966,0.11082,0.38982,0.13843,0.058385,-0.032244,-0.18278,-0.070257,0.084289
0.80687,0.69452,0.7799,0.80156,0.82858,0.84959,0.8684,0.80702,1,0.83649,0.85959,0.79762,0.87225,0.77492,0.90767,0.78847,0.74319,0.70211,0.76669,0.78782,0.6029,0.59827,0.82398,0.77953,0.65737,0.70106,0.69571,0.73117,0.73539,0.64374,0.72046,0.68714,0.76963,0.76814,0.65184,0.48976,0.34393,0.33116,0.58247,0.49236,0.15475,0.25837,0.56043,0.54889,0.55204,0.59148,0.60116,0.56962,0.61723,0.7361,0.80716,0.81389,0.82409,0.70053,0.69797,0.67805,0.73712,0.74587,0.89592,0.8633,0.92852,0.84639,0.80802,0.81888,0.7526,0.85289,0.76741,0.72518,0.60223,0.58436,0.28841,0.30248,0.18083,0.18503,-0.017156,0.10466,0.28688,0.29728,0.71408,0.61539,0.74286,0.75459,0.82407,0.74491,0.76209,0.80187,0.6995,0.69061,0.89271,0.85724,0.54561,0.68191,0.53705,0.63066,0.20723,0.15303,0.43574,0.19721,0.45277,0.43252,0.42295,0.53547,0.20434,0.25509,0.36341,0.20947,0.4028,-0.15124,0.17432,0.42846,0.3161,0.20396,0.20939,0.071782,0.13216,0.27398
0.68536,0.62642,0.66712,0.75056,0.73301,0.82591,0.76493,0.8088,0.83649,1,0.74045,0.82653,0.81151,0.84534,0.81048,0.87527,0.65908,0.5937,0.65166,0.68843,0.70789,0.65906,0.78196,0.79583,0.57177,0.65106,0.59148,0.73343,0.6591,0.5822,0.7775,0.76749,0.74659,0.75872,0.69622,0.51803,0.47624,0.44469,0.64263,0.52016,0.24712,0.29816,0.52581,0.47199,0.50522,0.55764,0.53277,0.51534,0.57682,0.66436,0.67005,0.65737,0.70552,0.64684,0.57816,0.59721,0.63411,0.62281,0.76259,0.73826,0.81151,0.84005,0.67775,0.72817,0.57894,0.80824,0.64754,0.63355,0.39166,0.40726,0.32671,0.31637,0.1364,0.13626,0.19206,0.23423,0.34195,0.31921,0.63268,0.55591,0.63739,0.60758,0.80076,0.69241,0.62207,0.64461,0.63904,0.62507,0.77269,0.7403,0.61763,0.71127,0.63853,0.67959,0.22826,0.18793,0.44051,0.22505,0.49046,0.48162,0.52058,0.58587,0.30888,0.34877,0.45399,0.37754,0.42382,0.0057801,0.15218,0.49903,0.38253,0.24642,0.32428,0.13531,0.29412,0.50693
0.8934,0.78642,0.87466,0.85969,0.88,0.84915,0.92072,0.88113,0.85959,0.74045,1,0.85903,0.94109,0.88385,0.927,0.8252,0.83848,0.82303,0.88385,0.87405,0.48709,0.55611,0.86672,0.82757,0.77295,0.73551,0.78482,0.78244,0.83351,0.77737,0.68303,0.64395,0.77238,0.73615,0.63139,0.43032,0.28092,0.29466,0.50432,0.4727,0.15811,0.27569,0.58091,0.59752,0.51384,0.55057,0.62931,0.60726,0.5348,0.6976,0.73675,0.78904,0.8202,0.72167,0.70046,0.67689,0.83019,0.81104,0.82189,0.86162,0.84098,0.84865,0.83059,0.83799,0.77382,0.81761,0.76027,0.74358,0.69259,0.66886,0.21489,0.1903,0.2599,0.28815,-0.039722,0.091052,0.20756,0.22566,0.76551,0.70354,0.84621,0.83698,0.80728,0.84297,0.80788,0.8277,0.7997,0.85561,0.86461,0.85711,0.45541,0.59883,0.42447,0.5497,0.26697,0.13297,0.42059,0.12706,0.42336,0.38408,0.32187,0.43203,0.12878,0.16352,0.2818,0.12216,0.29043,-0.38692,0.21902,0.39793,0.24433,0.19017,0.095846,-0.065761,-0.015089,0.12067
0.82947,0.8129,0.78081,0.86392,0.81884,0.85394,0.85128,0.90608,0.79762,0.82653,0.85903,1,0.8462,0.94305,0.81866,0.89044,0.8098,0.77155,0.78218,0.84066,0.52646,0.54953,0.78681,0.80009,0.70403,0.73043,0.67203,0.77821,0.78607,0.76524,0.70333,0.64274,0.74181,0.73309,0.67306,0.45868,0.37605,0.37773,0.5364,0.5117,0.094282,0.17459,0.63183,0.61887,0.56059,0.6122,0.64617,0.61771,0.58798,0.71188,0.69176,0.73669,0.80311,0.71998,0.66252,0.65902,0.77659,0.78484,0.74074,0.82019,0.75975,0.8268,0.70147,0.84598,0.56615,0.74823,0.74991,0.77124,0.67745,0.68093,0.15172,0.12897,0.083737,0.10531,-0.040759,0.077514,0.20744,0.20312,0.69733,0.65869,0.76217,0.72321,0.76298,0.79995,0.63732,0.70492,0.62913,0.69936,0.78064,0.78931,0.44912,0.55008,0.4235,0.50683,0.24723,0.20181,0.36845,0.12123,0.34891,0.30752,0.37253,0.39938,0.14738,0.14089,0.28479,0.15403,0.28272,-0.26528,0.28019,0.52329,0.24974,0.13956,0.10935,-0.063558,0.036565,0.22521
0.88206,0.78879,0.83938,0.86132,0.85861,0.83896,0.91069,0.88717,0.87225,0.81151,0.94109,0.8462,1,0.90114,0.95093,0.8652,0.82235,0.78941,0.84889,0.86097,0.5911,0.6327,0.84566,0.82901,0.72921,0.72469,0.70308,0.74349,0.8302,0.7368,0.7355,0.71867,0.81577,0.79172,0.70181,0.53596,0.36334,0.37759,0.54065,0.51648,0.26173,0.373,0.59437,0.61222,0.57398,0.62075,0.64275,0.6523,0.61817,0.77248,0.79666,0.81344,0.80974,0.70136,0.72776,0.71732,0.80339,0.78661,0.86226,0.85889,0.8836,0.85029,0.84935,0.84626,0.75894,0.83229,0.76297,0.74796,0.63189,0.59853,0.37366,0.33227,0.36321,0.34687,0.11132,0.21637,0.33965,0.35454,0.77938,0.71624,0.8751,0.85451,0.87496,0.84974,0.82665,0.8377,0.80532,0.82072,0.87011,0.83954,0.54698,0.6833,0.52568,0.63376,0.27757,0.16039,0.50875,0.22598,0.51011,0.47819,0.41996,0.5214,0.21729,0.27129,0.41581,0.26116,0.40794,-0.24555,0.22098,0.51329,0.35338,0.28339,0.21255,0.018786,0.1097,0.25555
0.82064,0.7703,0.81455,0.87538,0.84026,0.86911,0.88281,0.94059,0.77492,0.84534,0.88385,0.94305,0.90114,1,0.85646,0.93278,0.77927,0.73335,0.80816,0.8213,0.5316,0.57045,0.83546,0.85938,0.76586,0.75983,0.70928,0.79784,0.76957,0.75924,0.74628,0.69876,0.75885,0.72313,0.66438,0.42477,0.33231,0.33646,0.49098,0.47161,0.090253,0.18574,0.58426,0.58248,0.52402,0.57063,0.60115,0.59164,0.56077,0.69561,0.70679,0.73212,0.7727,0.68741,0.64569,0.6411,0.75923,0.74949,0.75941,0.81201,0.7828,0.86576,0.75599,0.83322,0.64868,0.79761,0.74522,0.74819,0.63739,0.62705,0.17072,0.15233,0.14983,0.1491,0.016338,0.094766,0.19245,0.19062,0.67553,0.64568,0.78995,0.73997,0.77224,0.81769,0.71513,0.76745,0.69969,0.77131,0.80916,0.81061,0.43486,0.55617,0.41335,0.51616,0.22775,0.13965,0.3631,0.080497,0.35049,0.30819,0.32814,0.38176,0.13212,0.13638,0.3021,0.1747,0.25231,-0.30467,0.21302,0.48439,0.2134,0.12564,0.075717,-0.11066,0.014244,0.23124
0.84648,0.73076,0.80774,0.80822,0.85585,0.84593,0.87238,0.83403,0.90767,0.81048,0.927,0.81866,0.95093,0.85646,1,0.88156,0.79313,0.76763,0.82783,0.82912,0.60781,0.64022,0.84539,0.81223,0.7518,0.74511,0.7559,0.78406,0.84248,0.75137,0.74948,0.71596,0.80557,0.7659,0.65515,0.47398,0.34596,0.32063,0.57794,0.51581,0.20947,0.31282,0.5278,0.52892,0.50969,0.539,0.58152,0.57604,0.54817,0.68143,0.73352,0.73644,0.78303,0.66867,0.68615,0.65682,0.76129,0.75115,0.83459,0.8245,0.88091,0.83521,0.85428,0.82782,0.79612,0.82062,0.72444,0.6897,0.58586,0.54139,0.30932,0.29067,0.2613,0.2534,0.026204,0.14729,0.25661,0.26526,0.76369,0.67793,0.83205,0.81451,0.91443,0.86169,0.81991,0.80499,0.81557,0.80285,0.88377,0.82676,0.50203,0.65596,0.5117,0.62835,0.22633,0.14049,0.44635,0.18171,0.45454,0.43759,0.37445,0.49409,0.17161,0.23152,0.36638,0.23115,0.35443,-0.25488,0.20048,0.49414,0.32308,0.23408,0.18076,-0.014922,0.060324,0.27408
0.76573,0.72685,0.76486,0.84336,0.78395,0.8374,0.83073,0.88024,0.78847,0.87527,0.8252,0.89044,0.8652,0.93278,0.88156,1,0.74266,0.69069,0.75535,0.78403,0.5919,0.62035,0.82791,0.85496,0.74776,0.78633,0.69294,0.81822,0.8058,0.77737,0.79624,0.76004,0.77489,0.73461,0.67157,0.42087,0.38052,0.34776,0.55293,0.51934,0.094543,0.23498,0.5213,0.50799,0.48644,0.53196,0.52394,0.52002,0.52248,0.62088,0.61723,0.61802,0.6946,0.59727,0.58062,0.57412,0.69171,0.6949,0.70665,0.74476,0.75631,0.79283,0.75621,0.81357,0.61708,0.75428,0.70614,0.70034,0.55565,0.54888,0.21835,0.18468,0.11239,0.081671,0.052681,0.09508,0.17402,0.15152,0.66565,0.60988,0.76095,0.70247,0.82526,0.87585,0.68202,0.68711,0.65504,0.70669,0.80906,0.74273,0.40558,0.54559,0.45336,0.55541,0.18154,0.12194,0.32041,0.063598,0.29384,0.28352,0.33768,0.40583,0.10983,0.13894,0.29557,0.25622,0.23796,-0.23644,0.17304,0.49894,0.23025,0.10289,0.1053,-0.090255,0.04341,0.32352
0.9082,0.89723,0.81688,0.86432,0.81346,0.74919,0.83525,0.79272,0.74319,0.65908,0.83848,0.8098,0.82235,0.77927,0.79313,0.74266,1,0.95981,0.85531,0.90322,0.58175,0.57518,0.73918,0.7004,0.63271,0.67719,0.61053,0.6651,0.90077,0.8399,0.75343,0.69491,0.8584,0.82785,0.80903,0.66679,0.51632,0.54226,0.64864,0.6458,0.19336,0.24285,0.82667,0.83563,0.77993,0.78746,0.82478,0.82196,0.76433,0.78373,0.71033,0.75761,0.78863,0.72646,0.74056,0.77401,0.92458,0.89943,0.77946,0.82227,0.70051,0.63799,0.71456,0.86068,0.54856,0.65929,0.83843,0.84963,0.7937,0.76914,0.31106,0.22367,0.28475,0.27993,0.12655,0.26648,0.47363,0.46633,0.93656,0.92334,0.911,0.8821,0.8098,0.86089,0.56145,0.64472,0.68707,0.71486,0.71049,0.70828,0.5253,0.61915,0.5123,0.60382,0.31976,0.28747,0.56513,0.30649,0.4882,0.44756,0.48159,0.50998,0.27274,0.26127,0.3929,0.26901,0.4593,-0.18336,0.36534,0.51518,0.42338,0.39175,0.25201,0.13197,0.17103,0.23991
0.91094,0.91139,0.83919,0.85405,0.83076,0.75532,0.82074,0.77271,0.70211,0.5937,0.82303,0.77155,0.78941,0.73335,0.76763,0.69069,0.95981,1,0.87481,0.90492,0.53488,0.55622,0.73339,0.68471,0.65207,0.67428,0.66341,0.67772,0.8393,0.81013,0.67349,0.60655,0.85082,0.79189,0.78804,0.61233,0.48309,0.49473,0.61254,0.64976,0.17892,0.25105,0.82677,0.82974,0.75937,0.76173,0.81814,0.81991,0.70863,0.75398,0.66811,0.71154,0.8044,0.76525,0.73674,0.75831,0.94018,0.92666,0.73516,0.81,0.63913,0.60146,0.74601,0.84941,0.54748,0.60298,0.85163,0.85492,0.82897,0.80508,0.24721,0.14086,0.29349,0.2896,0.11049,0.24958,0.41542,0.40078,0.87155,0.92075,0.90538,0.89821,0.75723,0.85429,0.58944,0.63271,0.70816,0.75584,0.69895,0.69906,0.48361,0.58897,0.44301,0.55323,0.29684,0.25505,0.54086,0.28346,0.46134,0.41356,0.42404,0.44243,0.2426,0.23337,0.35776,0.23743,0.40676,-0.25547,0.34721,0.47041,0.3834,0.3908,0.1993,0.1119,0.10281,0.13383
0.94453,0.84076,0.94456,0.90597,0.91752,0.87775,0.92439,0.88786,0.76669,0.65166,0.88385,0.78218,0.84889,0.80816,0.82783,0.75535,0.85531,0.87481,1,0.94567,0.48753,0.59513,0.87845,0.84651,0.82282,0.81608,0.8195,0.81767,0.75652,0.71668,0.70423,0.64608,0.84764,0.76518,0.70459,0.47154,0.26352,0.26929,0.50217,0.4779,0.035063,0.20633,0.66855,0.69193,0.61231,0.6154,0.68756,0.68496,0.58094,0.71436,0.68795,0.75977,0.79665,0.76788,0.7089,0.66531,0.90142,0.87629,0.77156,0.84649,0.74518,0.76902,0.78812,0.8464,0.70432,0.76348,0.84004,0.83416,0.79514,0.74396,0.10104,0.021427,0.24634,0.2418,-0.1023,0.066205,0.23089,0.24239,0.76157,0.77568,0.87212,0.86377,0.70704,0.85127,0.71185,0.74923,0.79971,0.87994,0.81438,0.77442,0.41599,0.53507,0.38797,0.47728,0.10949,0.0061558,0.38181,0.057491,0.37189,0.28998,0.26378,0.32959,0.097524,0.098222,0.27396,0.082664,0.28159,-0.44865,0.085261,0.2932,0.20165,0.1844,0.009524,-0.090745,-0.079068,-0.0048329
0.96077,0.9332,0.90328,0.92899,0.88601,0.85788,0.89908,0.86961,0.78782,0.68843,0.87405,0.84066,0.86097,0.8213,0.82912,0.78403,0.90322,0.90492,0.94567,1,0.56407,0.64744,0.82376,0.80409,0.73468,0.75253,0.73307,0.75537,0.81228,0.76121,0.70366,0.66198,0.91251,0.86048,0.80838,0.64313,0.45678,0.47962,0.6229,0.60984,0.1919,0.35995,0.75949,0.77865,0.7398,0.76708,0.77132,0.78756,0.72489,0.83408,0.75094,0.81063,0.85342,0.81445,0.76209,0.74893,0.93935,0.93655,0.84151,0.90347,0.78219,0.75189,0.77204,0.89699,0.63853,0.74311,0.8908,0.90087,0.85095,0.82797,0.25041,0.18253,0.3608,0.364,0.057496,0.25918,0.39616,0.39983,0.80812,0.81273,0.90115,0.90658,0.74826,0.87556,0.69791,0.76108,0.75918,0.83097,0.84408,0.79935,0.56348,0.64843,0.53514,0.60909,0.29599,0.21472,0.54079,0.25271,0.50197,0.4295,0.43838,0.48562,0.25325,0.25927,0.42007,0.25149,0.44135,-0.27245,0.24807,0.44041,0.38851,0.35577,0.20561,0.089996,0.1028,0.11835
0.50553,0.46472,0.47288,0.54188,0.5639,0.58631,0.52571,0.53267,0.6029,0.70789,0.48709,0.52646,0.5911,0.5316,0.60781,0.5919,0.58175,0.53488,0.48753,0.56407,1,0.86799,0.57752,0.569,0.42007,0.43672,0.49933,0.56069,0.57781,0.51152,0.70549,0.72063,0.67686,0.72179,0.6428,0.55473,0.58104,0.49404,0.74522,0.64972,0.50707,0.45953,0.49096,0.46357,0.55674,0.5827,0.58059,0.59254,0.6119,0.62604,0.63457,0.57968,0.64059,0.5542,0.674,0.70069,0.50602,0.4841,0.63873,0.64062,0.60221,0.58333,0.54787,0.63476,0.48655,0.53061,0.57096,0.53657,0.29467,0.27793,0.52954,0.53506,0.41441,0.39176,0.29551,0.41855,0.43776,0.43952,0.67721,0.5892,0.60647,0.62939,0.70744,0.57812,0.56466,0.58217,0.67705,0.50003,0.64863,0.65704,0.64574,0.69692,0.6326,0.63231,0.37057,0.30278,0.63658,0.48679,0.63747,0.60485,0.53856,0.5159,0.3756,0.45469,0.63818,0.49202,0.54486,0.24108,0.27713,0.52857,0.54751,0.46282,0.42272,0.21914,0.40592,0.5414
0.56248,0.48927,0.58163,0.61622,0.61794,0.66012,0.59554,0.61654,0.59827,0.65906,0.55611,0.54953,0.6327,0.57045,0.64022,0.62035,0.57518,0.55622,0.59513,0.64744,0.86799,1,0.68307,0.68545,0.55527,0.56592,0.61601,0.6467,0.61798,0.58123,0.71499,0.73556,0.71937,0.72095,0.66646,0.48021,0.42988,0.39494,0.71383,0.6884,0.37147,0.53113,0.44901,0.45809,0.49564,0.5122,0.59263,0.58371,0.52851,0.59887,0.60158,0.57011,0.67093,0.62897,0.74553,0.70743,0.52298,0.52639,0.61306,0.66847,0.59023,0.61982,0.58922,0.6325,0.53054,0.56087,0.59958,0.59904,0.36671,0.33792,0.35778,0.35907,0.4404,0.41373,0.1441,0.31995,0.28749,0.29768,0.64379,0.58711,0.67518,0.691,0.70202,0.67937,0.64713,0.61009,0.76745,0.63918,0.71881,0.67006,0.56701,0.63229,0.5353,0.54142,0.33332,0.21372,0.55567,0.34144,0.56626,0.49857,0.39691,0.39273,0.21735,0.30832,0.52418,0.36145,0.43857,0.010585,0.18332,0.46286,0.40276,0.3222,0.22651,0.069788,0.21746,0.38253
0.8189,0.69405,0.92558,0.88799,0.89489,0.89878,0.92823,0.89737,0.82398,0.78196,0.86672,0.78681,0.84566,0.83546,0.84539,0.82791,0.73918,0.73339,0.87845,0.82376,0.57752,0.68307,1,0.97837,0.87275,0.86873,0.88837,0.9182,0.71796,0.70908,0.8108,0.75077,0.79521,0.7265,0.69598,0.35036,0.24867,0.18702,0.50772,0.43861,0.042749,0.19683,0.51775,0.51979,0.46772,0.4945,0.57555,0.53425,0.46377,0.61527,0.66536,0.68292,0.78152,0.70309,0.65899,0.61275,0.73493,0.74166,0.73776,0.81464,0.78354,0.8323,0.86132,0.81585,0.8033,0.7974,0.78463,0.75334,0.60163,0.59465,0.13872,0.10921,0.2021,0.19496,-0.1015,-0.014826,0.11077,0.11796,0.70236,0.67112,0.80574,0.80607,0.71415,0.81652,0.81163,0.79026,0.80332,0.86759,0.87798,0.84335,0.42386,0.57535,0.4023,0.51981,0.094524,-0.076331,0.32788,0.0071999,0.33351,0.28152,0.26477,0.3331,0.08669,0.10196,0.30934,0.1512,0.22711,-0.37085,-0.0015368,0.27137,0.14556,0.063231,-0.0034994,-0.19251,-0.058022,0.12801
0.79624,0.69101,0.90651,0.89828,0.8715,0.90451,0.91499,0.92061,0.77953,0.79583,0.82757,0.80009,0.82901,0.85938,0.81223,0.85496,0.7004,0.68471,0.84651,0.80409,0.569,0.68545,0.97837,1,0.87732,0.89379,0.8573,0.90975,0.67645,0.7005,0.79706,0.75461,0.77304,0.71005,0.68645,0.32566,0.22785,0.18139,0.47126,0.42028,0.0075333,0.17886,0.51428,0.52103,0.46566,0.49745,0.56737,0.53267,0.46636,0.6154,0.66626,0.66233,0.7654,0.69412,0.64972,0.60518,0.70237,0.72056,0.69862,0.79057,0.74309,0.82898,0.8326,0.82196,0.7421,0.76957,0.77141,0.75824,0.59045,0.5902,0.11148,0.080345,0.16013,0.15662,-0.11313,-0.02289,0.082569,0.09018,0.65164,0.63627,0.79068,0.78617,0.68298,0.80309,0.79211,0.78587,0.77205,0.8499,0.85463,0.82066,0.39286,0.53395,0.37373,0.48112,0.054819,-0.10587,0.28879,-0.026671,0.29918,0.2377,0.22551,0.28807,0.052812,0.06935,0.28728,0.14504,0.18,-0.37138,-0.04288,0.27035,0.11854,0.015641,-0.039707,-0.23229,-0.071116,0.12116
0.74897,0.63696,0.87986,0.80239,0.86223,0.8247,0.85767,0.84278,0.65737,0.57177,0.77295,0.70403,0.72921,0.76586,0.7518,0.74776,0.63271,0.65207,0.82282,0.73468,0.42007,0.55527,0.87275,0.87732,1,0.90033,0.91193,0.90114,0.63835,0.67175,0.65241,0.54264,0.61477,0.50914,0.48356,0.10514,0.011757,-0.049421,0.29309,0.29931,-0.13224,0.024692,0.4626,0.50476,0.40755,0.3781,0.53133,0.49421,0.33913,0.4857,0.55877,0.5926,0.70115,0.64454,0.624,0.53016,0.65151,0.68117,0.53184,0.71104,0.58134,0.73259,0.78768,0.79328,0.71597,0.61083,0.70999,0.69432,0.6375,0.57634,-0.08103,-0.11299,0.042399,0.022485,-0.33635,-0.24252,-0.16443,-0.15356,0.55263,0.55481,0.73117,0.72248,0.58477,0.74947,0.74415,0.74713,0.74173,0.811,0.74362,0.74002,0.11814,0.2781,0.070536,0.20568,-0.10958,-0.25099,0.1081,-0.22064,0.0942,0.021294,-0.056807,-0.0055788,-0.18975,-0.19469,0.020304,-0.13677,-0.015508,-0.58568,-0.128,0.13365,-0.10703,-0.16547,-0.30849,-0.48094,-0.40364,-0.18378
0.74541,0.65426,0.85273,0.85631,0.8237,0.84977,0.85679,0.8543,0.70106,0.65106,0.73551,0.73043,0.72469,0.75983,0.74511,0.78633,0.67719,0.67428,0.81608,0.75253,0.43672,0.56592,0.86873,0.89379,0.90033,1,0.80461,0.88445,0.69832,0.74509,0.78927,0.7016,0.70222,0.6245,0.63659,0.24615,0.14765,0.10856,0.41381,0.40785,-0.25381,-0.03583,0.52896,0.55655,0.47039,0.45737,0.58048,0.53757,0.41111,0.51929,0.5637,0.58089,0.67629,0.65972,0.63899,0.55205,0.64468,0.69469,0.56635,0.69338,0.60158,0.70003,0.75277,0.81335,0.6395,0.66643,0.75252,0.7611,0.61989,0.59279,-0.043701,-0.069965,-0.078824,-0.092702,-0.27575,-0.19916,-0.039032,-0.038577,0.61823,0.63465,0.73309,0.71513,0.60829,0.79136,0.60981,0.65185,0.631,0.72822,0.72172,0.67854,0.19916,0.33364,0.1947,0.27717,-0.13403,-0.20617,0.13572,-0.17631,0.12336,0.040354,0.077007,0.09458,-0.079582,-0.12624,0.099402,-0.019264,0.078518,-0.45622,-0.12199,0.16498,-0.015788,-0.12757,-0.21894,-0.34732,-0.23913,-0.0076752
0.72996,0.59514,0.85595,0.75531,0.88071,0.85326,0.81313,0.78729,0.69571,0.59148,0.78482,0.67203,0.70308,0.70928,0.7559,0.69294,0.61053,0.66341,0.8195,0.73307,0.49933,0.61601,0.88837,0.8573,0.91193,0.80461,1,0.93249,0.58742,0.62308,0.60627,0.51523,0.63036,0.52134,0.47953,0.11804,0.034608,-0.041262,0.3424,0.33005,-0.058354,0.11223,0.40884,0.42585,0.33859,0.35228,0.47257,0.42526,0.28741,0.47616,0.54934,0.5904,0.71668,0.63892,0.59692,0.502,0.64694,0.66885,0.57393,0.74733,0.61425,0.75333,0.78757,0.73286,0.78541,0.67899,0.68467,0.65857,0.57993,0.53387,-0.071103,-0.08762,0.10659,0.11515,-0.3321,-0.19267,-0.14714,-0.12605,0.56643,0.56398,0.71714,0.73444,0.572,0.73384,0.80141,0.75547,0.80984,0.86856,0.78736,0.78705,0.19161,0.33789,0.13522,0.25374,-0.060583,-0.22289,0.1316,-0.17496,0.14411,0.0773,-0.011197,0.05149,-0.14387,-0.1331,0.078079,-0.1175,0.020023,-0.5677,-0.13365,0.099279,-0.073744,-0.11113,-0.23431,-0.38038,-0.32805,-0.1317
0.74876,0.63481,0.84215,0.80781,0.87664,0.89451,0.83478,0.85063,0.73117,0.73343,0.78244,0.77821,0.74349,0.79784,0.78406,0.81822,0.6651,0.67772,0.81767,0.75537,0.56069,0.6467,0.9182,0.90975,0.90114,0.88445,0.93249,1,0.67175,0.68248,0.75788,0.67203,0.6976,0.61009,0.59775,0.23142,0.13989,0.055622,0.40182,0.34115,-0.083113,0.063592,0.44854,0.44651,0.37761,0.39359,0.49542,0.44168,0.3448,0.50228,0.54739,0.57944,0.69778,0.63799,0.57973,0.49305,0.65069,0.67244,0.59061,0.74303,0.65122,0.77964,0.76442,0.76865,0.72405,0.73309,0.70108,0.69284,0.54705,0.52064,-0.0064059,-0.036204,0.045618,0.024484,-0.25448,-0.17722,-0.047234,-0.034796,0.63996,0.62596,0.73211,0.71498,0.63758,0.77281,0.71757,0.69771,0.74901,0.79824,0.77835,0.75154,0.25938,0.38728,0.24435,0.33105,-0.06859,-0.20328,0.13448,-0.1748,0.15603,0.097302,0.099784,0.14498,-0.079217,-0.074971,0.14281,-0.017281,0.10669,-0.45473,-0.10993,0.18737,-0.01962,-0.10526,-0.16312,-0.34241,-0.21962,0.027737
0.78524,0.75323,0.72116,0.78147,0.71827,0.6779,0.77625,0.74119,0.73539,0.6591,0.83351,0.78607,0.8302,0.76957,0.84248,0.8058,0.90077,0.8393,0.75652,0.81228,0.57781,0.61798,0.71796,0.67645,0.63835,0.69832,0.58742,0.67175,1,0.91204,0.80046,0.74646,0.78941,0.77344,0.71834,0.55447,0.49603,0.48653,0.65367,0.65999,0.18899,0.27736,0.63031,0.64879,0.61371,0.61959,0.68585,0.66926,0.61177,0.64504,0.60222,0.64432,0.68643,0.60362,0.68713,0.6917,0.75137,0.74666,0.69561,0.72656,0.68393,0.61521,0.70421,0.80663,0.57555,0.63346,0.72187,0.71779,0.62963,0.60272,0.34728,0.30114,0.24349,0.20766,0.096792,0.18387,0.3315,0.32102,0.8846,0.79469,0.84973,0.7875,0.86341,0.90284,0.57187,0.60829,0.63948,0.64114,0.70835,0.66949,0.44249,0.56701,0.4727,0.57238,0.35349,0.30709,0.49407,0.26084,0.41675,0.39886,0.43707,0.46433,0.19476,0.201,0.34936,0.27197,0.39632,-0.1677,0.39332,0.57426,0.37459,0.29058,0.19977,0.024214,0.11001,0.31998
0.71536,0.71209,0.71344,0.7854,0.69076,0.68641,0.74596,0.7482,0.64374,0.5822,0.77737,0.76524,0.7368,0.75924,0.75137,0.77737,0.8399,0.81013,0.71668,0.76121,0.51152,0.58123,0.70908,0.7005,0.67175,0.74509,0.62308,0.68248,0.91204,1,0.77253,0.72443,0.74365,0.71051,0.67514,0.40766,0.41196,0.42342,0.5796,0.65998,0.049035,0.15363,0.60401,0.62855,0.56142,0.58133,0.67015,0.63615,0.54394,0.57673,0.55508,0.54647,0.67264,0.58189,0.67961,0.66844,0.68853,0.71929,0.59432,0.6845,0.55879,0.55404,0.68952,0.80529,0.51474,0.53263,0.72758,0.73356,0.6471,0.64037,0.19781,0.17536,0.11291,0.10666,0.0041955,0.10709,0.16787,0.15119,0.79301,0.78371,0.82229,0.77116,0.74422,0.88861,0.54521,0.57687,0.58539,0.62678,0.64963,0.64016,0.31996,0.45409,0.32141,0.44827,0.30457,0.27398,0.38816,0.15266,0.30317,0.2557,0.30183,0.29367,0.11195,0.079379,0.24434,0.21919,0.22401,-0.24051,0.39456,0.46056,0.23517,0.16115,0.034662,-0.074843,0.010842,0.25312
0.65426,0.58202,0.68572,0.75696,0.70717,0.72944,0.74365,0.73747,0.72046,0.7775,0.68303,0.70333,0.7355,0.74628,0.74948,0.79624,0.75343,0.67349,0.70423,0.70366,0.70549,0.71499,0.8108,0.79706,0.65241,0.78927,0.60627,0.75788,0.80046,0.77253,1,0.95397,0.81978,0.81914,0.79474,0.55556,0.49062,0.43818,0.65538,0.56932,0.070893,0.17023,0.54293,0.52754,0.54396,0.5504,0.61246,0.57532,0.56343,0.57262,0.58353,0.56213,0.62793,0.58376,0.62359,0.62705,0.60505,0.60489,0.66609,0.66716,0.69211,0.66195,0.67841,0.74446,0.59863,0.70175,0.69871,0.6766,0.4378,0.43297,0.31959,0.31479,0.17868,0.13048,0.13684,0.1713,0.34857,0.33654,0.80161,0.73532,0.73139,0.69344,0.74463,0.7617,0.52682,0.56027,0.60502,0.58112,0.69662,0.64327,0.52844,0.63093,0.56501,0.60411,0.17987,0.12974,0.44615,0.19184,0.43487,0.39907,0.4688,0.46038,0.27061,0.25791,0.44706,0.36238,0.41567,-0.01993,0.16306,0.40187,0.3487,0.24371,0.20519,0.026885,0.20563,0.47997
0.59717,0.5183,0.60026,0.69614,0.62434,0.68638,0.67392,0.684,0.68714,0.76749,0.64395,0.64274,0.71867,0.69876,0.71596,0.76004,0.69491,0.60655,0.64608,0.66198,0.72063,0.73556,0.75077,0.75461,0.54264,0.7016,0.51523,0.67203,0.74646,0.72443,0.95397,1,0.8089,0.8444,0.76844,0.59576,0.50694,0.47687,0.62596,0.53824,0.17494,0.26268,0.45428,0.44694,0.48404,0.50986,0.54163,0.51613,0.55299,0.56238,0.58814,0.54138,0.56952,0.51704,0.58517,0.59526,0.53778,0.52746,0.6657,0.62759,0.68458,0.6258,0.62517,0.67677,0.54641,0.68346,0.63239,0.60974,0.35834,0.36322,0.41782,0.41978,0.27836,0.22747,0.22827,0.27005,0.41749,0.41985,0.77709,0.69569,0.71426,0.67429,0.71841,0.70823,0.52945,0.54664,0.584,0.53348,0.67614,0.5986,0.59097,0.67275,0.64392,0.6613,0.24565,0.17814,0.50035,0.26587,0.50537,0.47435,0.51058,0.52746,0.31881,0.35312,0.50907,0.44173,0.4513,0.086362,0.18915,0.4175,0.43603,0.31016,0.28512,0.12328,0.31646,0.55104
0.84701,0.83262,0.79844,0.86216,0.81276,0.79676,0.80834,0.78618,0.76963,0.74659,0.77238,0.74181,0.81577,0.75885,0.80557,0.77489,0.8584,0.85082,0.84764,0.91251,0.67686,0.71937,0.79521,0.77304,0.61477,0.70222,0.63036,0.6976,0.78941,0.74365,0.81978,0.8089,1,0.9648,0.92443,0.78025,0.62489,0.62654,0.74179,0.68815,0.27271,0.41074,0.74166,0.72935,0.76248,0.79228,0.76855,0.77339,0.77553,0.82677,0.73308,0.73204,0.79355,0.75637,0.73863,0.75695,0.85137,0.84673,0.84721,0.84673,0.77876,0.69137,0.77369,0.85109,0.61036,0.72937,0.86795,0.86618,0.69848,0.70026,0.40548,0.3587,0.42487,0.39852,0.27768,0.4406,0.55867,0.54693,0.81479,0.83467,0.85051,0.86746,0.77251,0.83041,0.62916,0.66271,0.71972,0.7287,0.80127,0.72463,0.71856,0.79323,0.72144,0.76975,0.33283,0.3034,0.65887,0.40404,0.63271,0.5861,0.62537,0.64594,0.43993,0.45005,0.59451,0.49038,0.585,-0.024464,0.25314,0.46982,0.55988,0.50456,0.39939,0.27559,0.32888,0.38993
0.7818,0.77362,0.7024,0.80532,0.73968,0.73685,0.75168,0.73632,0.76814,0.75872,0.73615,0.73309,0.79172,0.72313,0.7659,0.73461,0.82785,0.79189,0.76518,0.86048,0.72179,0.72095,0.7265,0.71005,0.50914,0.6245,0.52134,0.61009,0.77344,0.71051,0.81914,0.8444,0.9648,1,0.90298,0.83536,0.68523,0.69234,0.76769,0.69382,0.3594,0.46652,0.71332,0.69699,0.74926,0.79063,0.76099,0.76412,0.8012,0.83689,0.76634,0.75502,0.7812,0.72721,0.7427,0.78368,0.78979,0.78017,0.85575,0.83197,0.789,0.69484,0.71109,0.82579,0.55745,0.73012,0.81097,0.81684,0.62399,0.64311,0.52046,0.49923,0.47259,0.45862,0.35331,0.51975,0.63998,0.63576,0.8121,0.79196,0.79687,0.82081,0.76432,0.76163,0.58995,0.6451,0.66136,0.64049,0.77437,0.71248,0.79231,0.84429,0.79681,0.80526,0.40919,0.40483,0.72695,0.51207,0.7176,0.67743,0.70688,0.716,0.51431,0.54128,0.6566,0.54472,0.65273,0.10244,0.32646,0.52943,0.6574,0.57447,0.49925,0.36895,0.44786,0.49399
0.74851,0.79424,0.6962,0.79562,0.71225,0.67897,0.70235,0.6822,0.65184,0.69622,0.63139,0.67306,0.70181,0.66438,0.65515,0.67157,0.80903,0.78804,0.70459,0.80838,0.6428,0.66646,0.69598,0.68645,0.48356,0.63659,0.47953,0.59775,0.71834,0.67514,0.79474,0.76844,0.92443,0.90298,1,0.83017,0.69995,0.69699,0.75731,0.71474,0.25257,0.36066,0.7755,0.74495,0.78916,0.81772,0.7849,0.78519,0.78206,0.77983,0.64972,0.64666,0.72287,0.70732,0.70335,0.73104,0.77693,0.79734,0.7512,0.75048,0.67423,0.56975,0.68332,0.77052,0.46539,0.62507,0.81993,0.84289,0.6217,0.64779,0.42632,0.37638,0.38469,0.36796,0.36189,0.48888,0.64064,0.62224,0.78356,0.83151,0.77161,0.78066,0.66488,0.71702,0.47789,0.51857,0.58696,0.60373,0.67993,0.62016,0.73924,0.77218,0.72428,0.75321,0.36198,0.3347,0.6815,0.45491,0.62877,0.58075,0.68385,0.67034,0.53459,0.5007,0.65279,0.55253,0.65108,0.11366,0.2626,0.47054,0.59484,0.52978,0.46694,0.36146,0.4297,0.47404
0.58118,0.66344,0.38828,0.51918,0.45646,0.41343,0.42289,0.38882,0.48976,0.51803,0.43032,0.45868,0.53596,0.42477,0.47398,0.42087,0.66679,0.61233,0.47154,0.64313,0.55473,0.48021,0.35036,0.32566,0.10514,0.24615,0.11804,0.23142,0.55447,0.40766,0.55556,0.59576,0.78025,0.83536,0.83017,1,0.80963,0.86544,0.68142,0.58865,0.51925,0.54042,0.67091,0.64086,0.74768,0.79042,0.64774,0.70268,0.80267,0.75748,0.57799,0.5802,0.53877,0.55054,0.51812,0.60544,0.64994,0.62334,0.69904,0.59216,0.56587,0.36828,0.36802,0.53001,0.21707,0.46585,0.57408,0.61208,0.46217,0.49655,0.61991,0.58412,0.58113,0.56417,0.61885,0.76469,0.91363,0.90589,0.68066,0.66281,0.56405,0.59426,0.55226,0.46707,0.25424,0.3385,0.40494,0.34496,0.46746,0.39765,0.8647,0.80391,0.87257,0.81697,0.5176,0.55987,0.79817,0.70528,0.78742,0.77631,0.8468,0.84463,0.73106,0.74751,0.76169,0.67208,0.84084,0.39535,0.39983,0.514,0.82322,0.8099,0.77111,0.69915,0.71599,0.5649
0.35688,0.50286,0.2553,0.40083,0.26774,0.27839,0.29184,0.26317,0.34393,0.47624,0.28092,0.37605,0.36334,0.33231,0.34596,0.38052,0.51632,0.48309,0.26352,0.45678,0.58104,0.42988,0.24867,0.22785,0.011757,0.14765,0.034608,0.13989,0.49603,0.41196,0.49062,0.50694,0.62489,0.68523,0.69995,0.80963,1,0.94143,0.79292,0.72128,0.59603,0.53563,0.59035,0.52302,0.67599,0.70526,0.57515,0.62029,0.69961,0.61137,0.4266,0.38805,0.46853,0.48574,0.43899,0.56585,0.47024,0.4649,0.52178,0.43345,0.37939,0.23652,0.29363,0.44588,0.12056,0.27168,0.47877,0.4718,0.3092,0.38877,0.64457,0.63329,0.44677,0.45305,0.72507,0.78182,0.77016,0.704,0.51815,0.48352,0.39124,0.41929,0.47799,0.41235,0.17385,0.22786,0.25993,0.20635,0.37287,0.35758,0.7918,0.76267,0.80684,0.79578,0.65568,0.72475,0.79862,0.80032,0.73507,0.75898,0.85704,0.80476,0.78978,0.78298,0.76504,0.82405,0.75774,0.54592,0.56726,0.62265,0.85519,0.80092,0.80329,0.69384,0.77896,0.69551
0.39297,0.55152,0.24319,0.41496,0.25485,0.27041,0.28624,0.273,0.33116,0.44469,0.29466,0.37773,0.37759,0.33646,0.32063,0.34776,0.54226,0.49473,0.26929,0.47962,0.49404,0.39494,0.18702,0.18139,-0.049421,0.10856,-0.041262,0.055622,0.48653,0.42342,0.43818,0.47687,0.62654,0.69234,0.69699,0.86544,0.94143,1,0.74704,0.73335,0.56201,0.57248,0.64616,0.59931,0.72363,0.76689,0.61615,0.67321,0.76406,0.67041,0.46,0.42367,0.47008,0.51091,0.46373,0.59421,0.51117,0.50559,0.54671,0.44585,0.37143,0.21055,0.2195,0.42899,0.01897,0.25828,0.48063,0.50694,0.37114,0.4459,0.5905,0.58208,0.44068,0.46536,0.72228,0.83245,0.82345,0.76592,0.51898,0.5064,0.40584,0.42689,0.46485,0.40417,0.11336,0.20503,0.2313,0.19017,0.32802,0.31017,0.79991,0.7448,0.80214,0.77129,0.68379,0.77914,0.80442,0.79831,0.76156,0.75945,0.85793,0.80911,0.78335,0.7703,0.72392,0.78329,0.77488,0.51251,0.60068,0.60115,0.8462,0.8264,0.80339,0.76903,0.80231,0.66261
0.53254,0.56211,0.4991,0.58572,0.4807,0.50631,0.5276,0.48989,0.58247,0.64263,0.50432,0.5364,0.54065,0.49098,0.57794,0.55293,0.64864,0.61254,0.50217,0.6229,0.74522,0.71383,0.50772,0.47126,0.29309,0.41381,0.3424,0.40182,0.65367,0.5796,0.65538,0.62596,0.74179,0.76769,0.75731,0.68142,0.79292,0.74704,1,0.89971,0.41146,0.45958,0.65514,0.60792,0.69654,0.7025,0.72205,0.71604,0.71377,0.66601,0.56827,0.55367,0.66605,0.66453,0.72395,0.77163,0.61117,0.60559,0.67438,0.64077,0.58491,0.49696,0.50869,0.6247,0.3956,0.50257,0.64253,0.63312,0.42846,0.45842,0.46095,0.45914,0.29121,0.33386,0.40039,0.56006,0.54526,0.4885,0.62474,0.58968,0.52973,0.56373,0.69756,0.62153,0.38152,0.4119,0.54616,0.45605,0.61718,0.58662,0.72505,0.77796,0.73814,0.74765,0.54972,0.569,0.74359,0.62854,0.7068,0.68128,0.72089,0.68691,0.57678,0.58097,0.67661,0.63912,0.66094,0.28458,0.47142,0.58267,0.68407,0.59091,0.56138,0.45784,0.54692,0.62845
0.51878,0.60382,0.49731,0.60575,0.45383,0.46232,0.51039,0.49222,0.49236,0.52016,0.4727,0.5117,0.51648,0.47161,0.51581,0.51934,0.6458,0.64976,0.4779,0.60984,0.64972,0.6884,0.43861,0.42028,0.29931,0.40785,0.33005,0.34115,0.65999,0.65998,0.56932,0.53824,0.68815,0.69382,0.71474,0.58865,0.72128,0.73335,0.89971,1,0.33425,0.47745,0.70413,0.68469,0.7311,0.74552,0.76005,0.76755,0.72163,0.65951,0.54084,0.51257,0.65822,0.64578,0.75195,0.7999,0.60364,0.63486,0.58022,0.60551,0.44546,0.3854,0.49196,0.63104,0.28136,0.3706,0.67131,0.67926,0.5239,0.53916,0.37969,0.35896,0.25703,0.27852,0.35175,0.51805,0.43395,0.36424,0.58926,0.61153,0.58466,0.59327,0.65131,0.67899,0.36864,0.38791,0.48426,0.44368,0.55401,0.54231,0.56493,0.63482,0.54804,0.59155,0.56954,0.61712,0.6903,0.57203,0.59033,0.5401,0.58811,0.51468,0.43355,0.42091,0.52539,0.53243,0.53464,0.16582,0.55488,0.62491,0.57541,0.52694,0.41895,0.38505,0.41379,0.49716
0.153,0.21467,0.011554,0.044069,0.06833,0.036479,0.04991,0.021918,0.15475,0.24712,0.15811,0.094282,0.26173,0.090253,0.20947,0.094543,0.19336,0.17892,0.035063,0.1919,0.50707,0.37147,0.042749,0.0075333,-0.13224,-0.25381,-0.058354,-0.083113,0.18899,0.049035,0.070893,0.17494,0.27271,0.3594,0.25257,0.51925,0.59603,0.56201,0.41146,0.33425,1,0.79906,0.16322,0.14215,0.29841,0.33481,0.20479,0.28076,0.37602,0.36902,0.28281,0.2233,0.25315,0.17668,0.20764,0.31097,0.20066,0.15132,0.32571,0.22279,0.2563,0.13833,0.13283,0.13276,0.10177,0.075504,0.082074,0.051223,-0.011115,0.014129,0.74926,0.71343,0.76747,0.75594,0.71581,0.76144,0.61208,0.60013,0.27843,0.1784,0.21571,0.25981,0.35418,0.13613,0.28498,0.21956,0.32806,0.14621,0.22201,0.23498,0.65337,0.6141,0.62454,0.62901,0.62863,0.56255,0.68341,0.72918,0.70979,0.76005,0.60696,0.65213,0.59888,0.7407,0.66033,0.64771,0.62344,0.52032,0.4452,0.46431,0.70964,0.7526,0.72952,0.58129,0.6406,0.46573
0.28125,0.33269,0.17786,0.22962,0.19557,0.18728,0.192,0.16001,0.25837,0.29816,0.27569,0.17459,0.373,0.18574,0.31282,0.23498,0.24285,0.25105,0.20633,0.35995,0.45953,0.53113,0.19683,0.17886,0.024692,-0.03583,0.11223,0.063592,0.27736,0.15363,0.17023,0.26268,0.41074,0.46652,0.36066,0.54042,0.53563,0.57248,0.45958,0.47745,0.79906,1,0.24088,0.24128,0.34405,0.40032,0.27249,0.36265,0.39441,0.44723,0.34209,0.30871,0.36901,0.3026,0.33127,0.39818,0.29218,0.28518,0.41068,0.34867,0.35967,0.25461,0.2602,0.24206,0.21527,0.24566,0.21768,0.22198,0.13643,0.1534,0.64312,0.61429,0.77802,0.77872,0.62249,0.72461,0.52857,0.51515,0.27508,0.21189,0.31942,0.37181,0.40337,0.33907,0.41369,0.32553,0.4024,0.32358,0.40125,0.33777,0.62355,0.60132,0.59793,0.57513,0.53627,0.48602,0.6292,0.60209,0.65047,0.66944,0.53022,0.59268,0.5026,0.62077,0.57043,0.57893,0.56021,0.26397,0.27369,0.42181,0.61841,0.64313,0.60021,0.53485,0.52608,0.37851
0.77404,0.8664,0.6996,0.77514,0.66244,0.59687,0.69553,0.65367,0.56043,0.52581,0.58091,0.63183,0.59437,0.58426,0.5278,0.5213,0.82667,0.82677,0.66855,0.75949,0.49096,0.44901,0.51775,0.51428,0.4626,0.52896,0.40884,0.44854,0.63031,0.60401,0.54293,0.45428,0.74166,0.71332,0.7755,0.67091,0.59035,0.64616,0.65514,0.70413,0.16322,0.24088,1,0.98261,0.95644,0.93263,0.94419,0.95399,0.89671,0.83999,0.71246,0.70768,0.78068,0.79619,0.748,0.81926,0.87308,0.88954,0.67569,0.74839,0.50814,0.48131,0.56401,0.7971,0.30911,0.45832,0.84912,0.87923,0.81891,0.82097,0.26575,0.16773,0.20124,0.21454,0.22116,0.37389,0.53518,0.49222,0.68989,0.79229,0.69492,0.72218,0.58394,0.62802,0.35088,0.49634,0.49035,0.52376,0.5321,0.57923,0.5137,0.56131,0.44215,0.50388,0.27133,0.35119,0.56602,0.38359,0.49878,0.43286,0.48318,0.46553,0.34958,0.29545,0.3577,0.30337,0.49495,-0.052459,0.32197,0.4332,0.4378,0.44237,0.30685,0.28696,0.25896,0.16189
