1,0.90184,0.75604,0.68916,0.65123,0.66904,0.68567,0.68546,0.67881,0.58118,0.77271,0.572,0.69047,0.56639,0.71793,0.55249,0.83879,0.76936,0.7551,0.64979,0.36051,0.34254,0.56308,0.56189,0.59095,0.60187,0.5102,0.60261,0.62916,0.48453,0.31098,0.21976,0.5509,0.41511,0.38212,0.28976,0.48689,0.45821,0.45212,0.59252,0.33703,0.48146,0.74385,0.7841,0.63668,0.62643,0.74823,0.73049,0.70377,0.72908,0.6854,0.65775,0.65154,0.62139,0.68299,0.72257,0.93446,0.88383,0.66761,0.61145,0.71089,0.55069,0.8033,0.61194,0.51918,0.51608,0.56497,0.47841,0.81542,0.64255,0.32358,0.21296,0.36651,0.30308,0.2037,0.16757,0.2131,0.026959,0.81828,0.79589,0.85646,0.80399,0.69914,0.63008,0.74351,0.73858,0.43552,0.60024,0.61688,0.71021,0.13948,0.24573,0.085422,0.23223,0.5851,0.54023,0.68511,0.72528,0.58681,0.59248,0.24076,0.44104,0.42439,0.49746,0.38138,0.50172,0.33748,0.19755,0.49167,0.61432,0.45733,0.4801,0.42824,0.57983,0.44745,0.29864
0.90184,1,0.73499,0.72904,0.63414,0.61538,0.64003,0.67161,0.63918,0.53585,0.68536,0.58331,0.61535,0.55353,0.70106,0.56642,0.84456,0.8152,0.82781,0.79297,0.48438,0.47397,0.62582,0.59549,0.62106,0.61818,0.56345,0.62167,0.65961,0.56087,0.44344,0.34585,0.69126,0.58715,0.47486,0.41539,0.52166,0.56519,0.50171,0.66031,0.359,0.59709,0.70196,0.75379,0.63491,0.62766,0.70768,0.72593,0.65231,0.68835,0.59689,0.59693,0.55413,0.53707,0.61761,0.67567,0.88696,0.8951,0.60063,0.59473,0.61755,0.51317,0.79296,0.65105,0.53614,0.50229,0.62197,0.56389,0.86569,0.77017,0.3978,0.31973,0.43136,0.45244,0.27947,0.32164,0.33609,0.19851,0.84348,0.84078,0.85323,0.82212,0.70751,0.68056,0.68382,0.70373,0.41527,0.54007,0.60641,0.64322,0.21449,0.29055,0.15788,0.31119,0.53409,0.54753,0.66033,0.68843,0.59418,0.55835,0.24295,0.44277,0.43239,0.47592,0.41047,0.50867,0.39677,0.2379,0.46221,0.59759,0.48721,0.50469,0.41936,0.55983,0.44911,0.3123
0.75604,0.73499,1,0.85951,0.83538,0.77998,0.88701,0.7481,0.83769,0.57416,0.6224,0.45696,0.69946,0.54049,0.79122,0.4533,0.63537,0.6437,0.69342,0.57564,0.56126,0.54447,0.85951,0.80605,0.85614,0.83559,0.67304,0.77141,0.5592,0.41138,0.57554,0.44737,0.68087,0.51235,0.66978,0.52877,0.62669,0.60268,0.63918,0.71704,0.40791,0.57494,0.64862,0.70433,0.66215,0.62266,0.6801,0.72943,0.65159,0.71549,0.64681,0.72652,0.66381,0.57233,0.73986,0.75062,0.70947,0.71622,0.75496,0.71771,0.77071,0.61247,0.71078,0.58834,0.80266,0.75128,0.74789,0.68592,0.64823,0.55001,0.46537,0.4056,0.48539,0.45113,0.40879,0.33886,0.33168,0.20565,0.67127,0.73564,0.68808,0.74404,0.63821,0.55706,0.83635,0.82843,0.51565,0.62028,0.82089,0.81392,0.40148,0.58424,0.35587,0.61946,0.52916,0.51068,0.68648,0.71718,0.63158,0.70091,0.38882,0.67548,0.50189,0.58073,0.56999,0.65576,0.47374,0.44103,0.46305,0.59743,0.56906,0.5931,0.50128,0.56511,0.56028,0.3477
0.68916,0.72904,0.85951,1,0.80551,0.7675,0.79201,0.8537,0.77099,0.69703,0.58808,0.53532,0.6236,0.61984,0.74062,0.57746,0.64256,0.63635,0.69824,0.66688,0.54031,0.54749,0.82178,0.87027,0.76297,0.7732,0.65045,0.77224,0.56056,0.46804,0.59638,0.55371,0.67405,0.59066,0.61812,0.54653,0.55536,0.58884,0.57354,0.68183,0.38749,0.59413,0.51257,0.59592,0.55452,0.55066,0.54272,0.62292,0.49745,0.58963,0.49813,0.56934,0.50574,0.38811,0.6383,0.61062,0.63243,0.65382,0.65726,0.65317,0.69763,0.6866,0.67492,0.63949,0.72357,0.77683,0.68008,0.68533,0.63606,0.59236,0.47511,0.40275,0.48584,0.48254,0.46742,0.40913,0.43653,0.3297,0.69882,0.74824,0.68128,0.72956,0.61435,0.58279,0.75819,0.79212,0.46983,0.55641,0.78397,0.77903,0.5579,0.55509,0.54424,0.62261,0.48161,0.51077,0.60241,0.6322,0.60823,0.61895,0.46944,0.64279,0.55443,0.56116,0.58512,0.62894,0.48895,0.43989,0.46646,0.56658,0.53966,0.56493,0.51799,0.53476,0.53835,0.3874
0.65123,0.63414,0.83538,0.80551,1,0.81337,0.79686,0.68917,0.88165,0.70227,0.51629,0.36864,0.63492,0.48709,0.75129,0.49325,0.55031,0.52632,0.58482,0.4959,0.49409,0.45068,0.73844,0.70788,0.72576,0.67566,0.58937,0.7287,0.44311,0.31363,0.46147,0.38847,0.56829,0.43311,0.57566,0.47507,0.49454,0.51714,0.53864,0.62781,0.29418,0.47662,0.57737,0.63088,0.64916,0.64044,0.64832,0.69631,0.62371,0.67878,0.61769,0.65615,0.62358,0.51379,0.6791,0.69891,0.65153,0.62601,0.72983,0.72452,0.68952,0.62303,0.61084,0.55371,0.70285,0.69757,0.71478,0.65863,0.58994,0.51394,0.33727,0.29406,0.38701,0.34419,0.38346,0.30522,0.27839,0.15842,0.57885,0.63457,0.59625,0.64555,0.56259,0.46153,0.75233,0.75678,0.42689,0.54402,0.76766,0.72956,0.44851,0.58672,0.38323,0.59086,0.51871,0.50337,0.6232,0.64739,0.60471,0.69926,0.36356,0.63277,0.49391,0.54753,0.52419,0.59254,0.46981,0.42088,0.41165,0.59071,0.55651,0.58767,0.51244,0.54058,0.56113,0.30211
0.66904,0.61538,0.77998,0.7675,0.81337,1,0.70471,0.68613,0.79691,0.793,0.55856,0.4178,0.61907,0.47161,0.71455,0.51585,0.55744,0.52846,0.53631,0.44426,0.38906,0.40613,0.65551,0.67418,0.65398,0.68255,0.46593,0.73848,0.41289,0.29453,0.33872,0.28478,0.49836,0.36965,0.49331,0.40595,0.49842,0.42465,0.52635,0.57082,0.27497,0.40512,0.57031,0.62777,0.6075,0.59688,0.59936,0.65364,0.62549,0.68213,0.6178,0.64594,0.62759,0.49267,0.68423,0.65929,0.62928,0.60352,0.73832,0.73631,0.6626,0.63497,0.54919,0.50575,0.58857,0.67463,0.64509,0.58276,0.54944,0.42244,0.28702,0.2487,0.33299,0.27358,0.32841,0.22039,0.21725,0.083245,0.5631,0.57791,0.58234,0.61816,0.53725,0.47612,0.72144,0.69531,0.5306,0.63023,0.71709,0.71478,0.47789,0.55231,0.4374,0.55342,0.48898,0.46879,0.59263,0.64773,0.62698,0.68998,0.46577,0.6358,0.56809,0.56848,0.50236,0.61038,0.48534,0.45673,0.42292,0.53022,0.54514,0.59143,0.60404,0.62729,0.54722,0.32873
0.68567,0.64003,0.88701,0.79201,0.79686,0.70471,1,0.84825,0.86693,0.67291,0.69297,0.59928,0.78383,0.66554,0.78823,0.56941,0.61491,0.61925,0.63502,0.52244,0.38159,0.38285,0.70514,0.6979,0.68753,0.64725,0.50983,0.60922,0.61874,0.48648,0.44554,0.40196,0.57283,0.46772,0.49001,0.41773,0.52389,0.48522,0.50453,0.56569,0.3344,0.49613,0.59103,0.63498,0.53475,0.51539,0.61734,0.62737,0.51947,0.58097,0.52445,0.56261,0.57306,0.47221,0.64201,0.63128,0.61169,0.62491,0.68841,0.59741,0.8161,0.70578,0.70662,0.65543,0.71215,0.72273,0.57193,0.51267,0.53709,0.44014,0.46221,0.37676,0.3979,0.36018,0.38544,0.34971,0.34056,0.22095,0.65931,0.70147,0.67231,0.7191,0.62885,0.56919,0.79057,0.75776,0.37606,0.49358,0.78242,0.72687,0.36324,0.48279,0.32665,0.52998,0.48967,0.44169,0.59365,0.60599,0.57721,0.59735,0.3757,0.62979,0.43878,0.49885,0.46795,0.53101,0.37829,0.39795,0.45535,0.53781,0.43469,0.49658,0.43937,0.48425,0.44129,0.36812
0.68546,0.67161,0.7481,0.8537,0.68917,0.68613,0.84825,1,0.73808,0.77572,0.69446,0.75924,0.69789,0.80163,0.74267,0.73639,0.65571,0.66105,0.67529,0.63064,0.33072,0.38527,0.63458,0.74144,0.58224,0.58524,0.43728,0.5719,0.65801,0.59685,0.43588,0.46852,0.55312,0.54473,0.39773,0.37807,0.48604,0.47308,0.45778,0.53178,0.33036,0.51884,0.47127,0.53939,0.41222,0.4309,0.48605,0.51519,0.41483,0.50207,0.42168,0.4486,0.45368,0.33678,0.57773,0.52755,0.59016,0.61023,0.57757,0.54472,0.72869,0.77778,0.70874,0.74362,0.56619,0.69222,0.46684,0.472,0.54207,0.47889,0.46192,0.35599,0.39408,0.37507,0.35221,0.37826,0.41851,0.30112,0.7066,0.74366,0.69058,0.7154,0.64538,0.6252,0.6851,0.70886,0.32032,0.45038,0.68701,0.70682,0.42054,0.35978,0.40644,0.4184,0.44466,0.43898,0.5108,0.55574,0.55902,0.50875,0.42708,0.5422,0.48711,0.46568,0.43128,0.45203,0.37819,0.36823,0.48889,0.52543,0.39181,0.45748,0.42855,0.46254,0.40322,0.4128
0.67881,0.63918,0.83769,0.77099,0.88165,0.79691,0.86693,0.73808,1,0.71561,0.56175,0.43674,0.69241,0.48953,0.72133,0.44504,0.56478,0.5432,0.56378,0.42718,0.38319,0.34055,0.61954,0.62467,0.64818,0.61345,0.52418,0.6518,0.43959,0.31807,0.34691,0.28543,0.51251,0.38638,0.49232,0.42509,0.46116,0.44366,0.47315,0.5638,0.23343,0.40653,0.65567,0.69115,0.65964,0.61421,0.68936,0.71402,0.63915,0.67911,0.6423,0.66754,0.68231,0.56209,0.69716,0.70425,0.67162,0.65049,0.76451,0.72018,0.79866,0.70635,0.62447,0.57719,0.69181,0.76169,0.64444,0.56853,0.55635,0.45183,0.36763,0.29608,0.32554,0.26575,0.30859,0.24671,0.2341,0.10895,0.58767,0.62835,0.61709,0.66334,0.54099,0.47672,0.80247,0.78166,0.38683,0.51371,0.8192,0.76849,0.36853,0.53203,0.30572,0.55065,0.47508,0.43593,0.60048,0.61158,0.5802,0.64255,0.3846,0.61545,0.43303,0.49124,0.45473,0.5314,0.42328,0.42427,0.38205,0.51744,0.45909,0.48255,0.44722,0.50065,0.45454,0.31662
0.58118,0.53585,0.57416,0.69703,0.70227,0.793,0.67291,0.77572,0.71561,1,0.57054,0.56056,0.60215,0.5841,0.65756,0.70143,0.54616,0.51145,0.51975,0.46467,0.227,0.279,0.49022,0.60432,0.42925,0.43083,0.29972,0.53768,0.48541,0.44335,0.28531,0.35544,0.45522,0.429,0.35668,0.34981,0.34638,0.37205,0.33802,0.42109,0.22564,0.39611,0.45133,0.49905,0.43635,0.47103,0.49163,0.51679,0.44714,0.48573,0.44858,0.40971,0.45498,0.32161,0.52019,0.49841,0.54067,0.50531,0.55542,0.54375,0.5901,0.72394,0.52756,0.57013,0.41479,0.57347,0.45809,0.43372,0.46335,0.37403,0.31981,0.27486,0.32851,0.28126,0.29775,0.3038,0.31702,0.22226,0.56708,0.58725,0.57147,0.56845,0.50481,0.52312,0.5918,0.59104,0.2992,0.41764,0.58897,0.60043,0.47232,0.43846,0.43994,0.43014,0.43074,0.38405,0.48144,0.508,0.55336,0.54315,0.43645,0.51563,0.48921,0.47543,0.36939,0.42753,0.36685,0.37109,0.37792,0.49687,0.39517,0.41213,0.43901,0.46587,0.37801,0.28577
0.77271,0.68536,0.6224,0.58808,0.51629,0.55856,0.69297,0.69446,0.56175,0.57054,1,0.74849,0.81729,0.68342,0.75787,0.64166,0.80539,0.71716,0.6734,0.56702,0.17214,0.2249,0.46726,0.48939,0.4849,0.49184,0.33971,0.51033,0.74495,0.57272,0.21722,0.18827,0.40045,0.32526,0.17513,0.15742,0.44615,0.36639,0.38684,0.46864,0.31563,0.39037,0.48243,0.55686,0.36958,0.40649,0.53669,0.49707,0.41822,0.47302,0.4198,0.39934,0.46202,0.42239,0.57445,0.54956,0.6523,0.64552,0.44972,0.38044,0.61322,0.51236,0.7696,0.61963,0.39923,0.40546,0.28176,0.24187,0.55586,0.37441,0.29742,0.15012,0.32058,0.23727,0.18611,0.15234,0.11602,0.00037527,0.75215,0.68902,0.80372,0.75407,0.75188,0.66909,0.64868,0.63979,0.4403,0.53756,0.51144,0.60761,0.10234,0.10642,0.067699,0.1268,0.48601,0.41161,0.56522,0.59331,0.50035,0.41382,0.17919,0.28517,0.35476,0.33215,0.30823,0.40435,0.24798,0.15729,0.52683,0.48443,0.27938,0.38999,0.37418,0.48628,0.32932,0.31168
0.572,0.58331,0.45696,0.53532,0.36864,0.4178,0.59928,0.75924,0.43674,0.56056,0.74849,1,0.61741,0.76193,0.62159,0.75328,0.68344,0.69381,0.65002,0.65993,0.10721,0.22208,0.38748,0.47448,0.3319,0.31518,0.20185,0.32161,0.73736,0.73263,0.26417,0.32186,0.45014,0.52091,0.17165,0.24213,0.37966,0.35407,0.28669,0.34855,0.29473,0.43433,0.2702,0.33904,0.14581,0.21691,0.28498,0.27148,0.17155,0.2441,0.19403,0.1628,0.27695,0.18425,0.33308,0.2831,0.45106,0.46739,0.26816,0.2675,0.50348,0.58023,0.67075,0.74384,0.28221,0.3392,0.17849,0.20716,0.43074,0.38263,0.33845,0.25572,0.31398,0.33199,0.22655,0.33276,0.32913,0.26429,0.6693,0.66709,0.64397,0.64006,0.60458,0.662,0.44889,0.46986,0.15659,0.27321,0.40847,0.45357,0.2042,0.076622,0.17998,0.11654,0.26319,0.27314,0.32346,0.36269,0.39786,0.23042,0.26075,0.26339,0.33813,0.26185,0.20007,0.23829,0.16448,0.19225,0.39934,0.37542,0.20459,0.28381,0.26137,0.31972,0.18359,0.31042
0.69047,0.61535,0.69946,0.6236,0.63492,0.61907,0.78383,0.69789,0.69241,0.60215,0.81729,0.61741,1,0.72498,0.85061,0.62767,0.6531,0.56499,0.58817,0.42784,0.21001,0.22418,0.55073,0.52904,0.58208,0.53336,0.4263,0.54469,0.61578,0.43413,0.23486,0.15667,0.35053,0.2445,0.2135,0.17099,0.45222,0.37251,0.41698,0.49155,0.26959,0.3912,0.52909,0.5806,0.46008,0.42544,0.59703,0.54264,0.50647,0.53729,0.49025,0.50167,0.54197,0.47751,0.65184,0.62266,0.614,0.60191,0.51988,0.42782,0.68288,0.54578,0.70609,0.55096,0.55467,0.54345,0.34164,0.27102,0.49416,0.30827,0.2844,0.17676,0.33436,0.23491,0.2133,0.14051,0.067074,-0.028872,0.62778,0.61279,0.70993,0.70533,0.67729,0.564,0.76203,0.71048,0.44483,0.54043,0.64649,0.66907,0.1223,0.19896,0.099839,0.2313,0.4984,0.35427,0.57916,0.56956,0.49291,0.46281,0.14635,0.34406,0.29539,0.25601,0.3529,0.43365,0.2104,0.17807,0.41994,0.47009,0.27615,0.38073,0.3709,0.44347,0.35528,0.26982
0.56639,0.55353,0.54049,0.61984,0.48709,0.47161,0.66554,0.80163,0.48953,0.5841,0.68342,0.76193,0.72498,1,0.72258,0.83589,0.62787,0.60971,0.55618,0.54292,0.23057,0.32281,0.50895,0.5956,0.47895,0.48067,0.33684,0.43093,0.69543,0.65823,0.39904,0.43145,0.43644,0.45958,0.24929,0.23613,0.45398,0.41199,0.35182,0.40197,0.33244,0.46562,0.39768,0.43523,0.2957,0.31969,0.40905,0.38886,0.33433,0.37734,0.32518,0.30308,0.3648,0.275,0.49,0.43343,0.48046,0.51104,0.35284,0.32432,0.54864,0.55459,0.66697,0.68822,0.44692,0.45041,0.28979,0.30786,0.44827,0.37575,0.40308,0.31558,0.36446,0.35516,0.29987,0.34334,0.3807,0.31601,0.62988,0.64787,0.65677,0.67917,0.67193,0.65444,0.57589,0.61166,0.30984,0.41275,0.48425,0.51812,0.29435,0.18298,0.30875,0.22718,0.37241,0.35894,0.4354,0.43359,0.49763,0.37128,0.33632,0.37575,0.42302,0.32726,0.39005,0.41092,0.28913,0.25701,0.42055,0.4275,0.25826,0.34922,0.33259,0.38342,0.3368,0.32534
0.71793,0.70106,0.79122,0.74062,0.75129,0.71455,0.78823,0.74267,0.72133,0.65756,0.75787,0.62159,0.85061,0.72258,1,0.753,0.76806,0.71336,0.72613,0.63812,0.49756,0.53798,0.72758,0.7184,0.71338,0.68209,0.54007,0.6948,0.77336,0.62882,0.53074,0.45841,0.60742,0.5077,0.43942,0.37251,0.63663,0.60282,0.63926,0.71051,0.46755,0.63482,0.54437,0.62256,0.54088,0.53553,0.62947,0.6376,0.55062,0.5892,0.50895,0.5302,0.54177,0.44379,0.69832,0.67044,0.64873,0.63506,0.58701,0.5494,0.65923,0.58868,0.77765,0.63922,0.63266,0.59713,0.55858,0.51693,0.64168,0.5242,0.48774,0.39324,0.55433,0.48162,0.44802,0.39504,0.32106,0.19427,0.77052,0.78401,0.79737,0.82177,0.84406,0.74581,0.76664,0.77299,0.55291,0.65886,0.71698,0.7094,0.3654,0.40189,0.34958,0.43532,0.5904,0.56722,0.70794,0.70189,0.66151,0.62184,0.3512,0.53214,0.513,0.48053,0.55618,0.63172,0.44546,0.40011,0.59848,0.6305,0.50172,0.56007,0.55843,0.60069,0.56707,0.41855
0.55249,0.56642,0.4533,0.57746,0.49325,0.51585,0.56941,0.73639,0.44504,0.70143,0.64166,0.75328,0.62767,0.83589,0.753,1,0.69413,0.6878,0.61166,0.63559,0.31248,0.43024,0.49962,0.6012,0.4105,0.40473,0.31247,0.4535,0.78772,0.79969,0.47105,0.54121,0.53339,0.57792,0.24721,0.26894,0.46262,0.48932,0.39639,0.47385,0.37367,0.56909,0.36918,0.42035,0.3036,0.35758,0.40677,0.41047,0.32921,0.34535,0.28739,0.22841,0.29226,0.22687,0.41855,0.39449,0.48553,0.47298,0.31741,0.31015,0.44376,0.56078,0.65077,0.67321,0.3513,0.34468,0.31028,0.33756,0.52266,0.47541,0.4707,0.42971,0.48607,0.47532,0.38609,0.43299,0.45622,0.38927,0.7059,0.71809,0.68525,0.6932,0.7235,0.76666,0.5031,0.53952,0.26426,0.39963,0.43827,0.42451,0.35853,0.20069,0.35695,0.22821,0.44205,0.46221,0.46689,0.48732,0.52445,0.40211,0.36689,0.37224,0.44856,0.36957,0.36455,0.4209,0.32959,0.30381,0.50104,0.54497,0.32419,0.35094,0.40066,0.43628,0.35666,0.34838
0.83879,0.84456,0.63537,0.64256,0.55031,0.55744,0.61491,0.65571,0.56478,0.54616,0.80539,0.68344,0.6531,0.62787,0.76806,0.69413,1,0.92679,0.76678,0.75333,0.39765,0.46434,0.54227,0.58083,0.52575,0.53288,0.41108,0.56666,0.87522,0.75866,0.44926,0.4137,0.64043,0.57218,0.36248,0.32955,0.57369,0.58573,0.50503,0.65231,0.44632,0.59956,0.6367,0.70063,0.54229,0.57746,0.67223,0.66954,0.55068,0.56941,0.47859,0.43418,0.47749,0.43105,0.58319,0.62054,0.77425,0.74532,0.47121,0.42521,0.5639,0.49244,0.83013,0.64761,0.43241,0.39449,0.48285,0.45335,0.79241,0.66981,0.45421,0.34879,0.49333,0.45201,0.35334,0.34177,0.35722,0.20889,0.95326,0.89489,0.9408,0.88429,0.83499,0.82615,0.63727,0.66319,0.44912,0.59176,0.53328,0.57876,0.23138,0.21894,0.20694,0.25299,0.56401,0.58619,0.68603,0.70862,0.6266,0.5388,0.32363,0.41078,0.49317,0.48636,0.4807,0.58043,0.44099,0.32503,0.63222,0.61298,0.49568,0.48858,0.47976,0.62148,0.50328,0.41059
0.76936,0.8152,0.6437,0.63635,0.52632,0.52846,0.61925,0.66105,0.5432,0.51145,0.71716,0.69381,0.56499,0.60971,0.71336,0.6878,0.92679,1,0.76844,0.78192,0.4705,0.5616,0.57178,0.60458,0.52208,0.53627,0.40422,0.54734,0.87476,0.83514,0.53694,0.52566,0.73583,0.69433,0.43696,0.41556,0.59813,0.6354,0.53329,0.67301,0.48313,0.68646,0.60736,0.66842,0.53671,0.56909,0.63263,0.65418,0.52203,0.54279,0.45193,0.41812,0.45323,0.40184,0.56064,0.60003,0.71574,0.71316,0.47753,0.44202,0.52799,0.48193,0.81461,0.68499,0.44806,0.38068,0.53563,0.51182,0.77965,0.70581,0.51942,0.45015,0.5316,0.51906,0.40898,0.42806,0.47124,0.33036,0.91532,0.92531,0.88441,0.86839,0.79418,0.84658,0.60625,0.63241,0.38451,0.5372,0.54827,0.54663,0.28452,0.29558,0.25771,0.34097,0.52648,0.58931,0.63574,0.68645,0.63198,0.54487,0.38103,0.4919,0.53443,0.51709,0.52964,0.58951,0.50605,0.38135,0.59832,0.60548,0.50638,0.47532,0.44725,0.59205,0.5057,0.43531
0.7551,0.82781,0.69342,0.69824,0.58482,0.53631,0.63502,0.67529,0.56378,0.51975,0.6734,0.65002,0.58817,0.55618,0.72613,0.61166,0.76678,0.76844,1,0.91696,0.48794,0.51902,0.60666,0.5858,0.53141,0.52076,0.45543,0.53134,0.72256,0.64095,0.46751,0.43601,0.76566,0.7228,0.45861,0.47047,0.51883,0.60989,0.5595,0.68782,0.42181,0.67722,0.50484,0.57064,0.47304,0.53023,0.54611,0.58562,0.45749,0.50348,0.38617,0.39351,0.3918,0.34209,0.5181,0.55088,0.68102,0.66556,0.45489,0.49382,0.53136,0.5213,0.80865,0.71863,0.48737,0.43901,0.5786,0.56934,0.80497,0.77311,0.46441,0.38996,0.54242,0.56348,0.43997,0.49151,0.4495,0.32611,0.79509,0.8534,0.78216,0.7673,0.73017,0.69702,0.59949,0.63977,0.31391,0.46443,0.57119,0.57901,0.30074,0.34647,0.24176,0.34642,0.5285,0.54907,0.61738,0.67326,0.57965,0.53676,0.28745,0.47124,0.44014,0.4782,0.41516,0.45903,0.39289,0.3243,0.50548,0.64146,0.51757,0.52857,0.38892,0.50226,0.43787,0.32399
0.64979,0.79297,0.57564,0.66688,0.4959,0.44426,0.52244,0.63064,0.42718,0.46467,0.56702,0.65993,0.42784,0.54292,0.63812,0.63559,0.75333,0.78192,0.91696,1,0.52482,0.59117,0.57376,0.57557,0.45914,0.46037,0.38436,0.48687,0.73729,0.71993,0.54315,0.55281,0.80001,0.8156,0.46598,0.51234,0.55175,0.63638,0.56472,0.66456,0.47519,0.68452,0.39873,0.46121,0.37433,0.45431,0.43559,0.49063,0.32679,0.3822,0.25983,0.25833,0.26092,0.19803,0.4085,0.42518,0.57276,0.57507,0.35364,0.40591,0.40635,0.45684,0.72081,0.68208,0.38179,0.35355,0.54519,0.57121,0.79341,0.83228,0.47436,0.43672,0.55028,0.61313,0.49496,0.57326,0.5866,0.48899,0.78793,0.84035,0.74479,0.72776,0.71056,0.72408,0.45214,0.51899,0.29436,0.42119,0.48344,0.45977,0.4223,0.3713,0.37185,0.37912,0.50216,0.59234,0.57182,0.59866,0.59295,0.49461,0.3655,0.46907,0.52757,0.50728,0.46403,0.46598,0.4521,0.37063,0.54449,0.62706,0.56831,0.57522,0.43329,0.49993,0.46384,0.38729
0.36051,0.48438,0.56126,0.54031,0.49409,0.38906,0.38159,0.33072,0.38319,0.227,0.17214,0.10721,0.21001,0.23057,0.49756,0.31248,0.39765,0.4705,0.48794,0.52482,1,0.907,0.66244,0.60591,0.61736,0.62262,0.54083,0.61864,0.40559,0.36004,0.78755,0.67156,0.71902,0.62949,0.66242,0.55668,0.57469,0.71479,0.70951,0.76732,0.60953,0.71079,0.35741,0.38106,0.45737,0.42648,0.40977,0.49269,0.42125,0.41816,0.34531,0.4,0.29175,0.24707,0.43934,0.4696,0.36963,0.34634,0.39292,0.43095,0.25933,0.21577,0.38651,0.28703,0.48435,0.40117,0.67262,0.69723,0.57439,0.63122,0.52529,0.58388,0.60204,0.60143,0.51993,0.47976,0.50074,0.46103,0.42155,0.52775,0.39671,0.45827,0.48527,0.4352,0.39103,0.43083,0.42689,0.42738,0.49575,0.39925,0.4824,0.57828,0.43813,0.59524,0.40191,0.49475,0.50284,0.49834,0.46954,0.53794,0.39445,0.57903,0.49555,0.51778,0.66213,0.58925,0.54059,0.41269,0.36061,0.49895,0.59398,0.54254,0.47609,0.46363,0.59345,0.35349
0.34254,0.47397,0.54447,0.54749,0.45068,0.40613,0.38285,0.38527,0.34055,0.279,0.2249,0.22208,0.22418,0.32281,0.53798,0.43024,0.46434,0.5616,0.51902,0.59117,0.907,1,0.66352,0.65416,0.58892,0.61892,0.43582,0.6073,0.52344,0.51877,0.82423,0.76633,0.78603,0.73412,0.68482,0.63167,0.67329,0.76099,0.74274,0.78776,0.63272,0.74824,0.31055,0.35007,0.39761,0.40736,0.36956,0.46743,0.34966,0.35135,0.26548,0.30503,0.23244,0.16657,0.42293,0.4264,0.31667,0.30704,0.34,0.39748,0.2437,0.26112,0.42077,0.36748,0.46365,0.38214,0.65894,0.71726,0.5604,0.64005,0.59506,0.66786,0.64856,0.67384,0.59423,0.55432,0.59471,0.58229,0.48641,0.59006,0.45285,0.53119,0.56506,0.57825,0.38197,0.42764,0.4619,0.49982,0.47611,0.39147,0.56247,0.59664,0.56915,0.62855,0.41848,0.55698,0.52297,0.52248,0.53752,0.55425,0.52706,0.62021,0.61225,0.56407,0.71146,0.65551,0.62345,0.50252,0.45169,0.52085,0.63986,0.58354,0.5571,0.542,0.6168,0.42511
0.56308,0.62582,0.85951,0.82178,0.73844,0.65551,0.70514,0.63458,0.61954,0.49022,0.46726,0.38748,0.55073,0.50895,0.72758,0.49962,0.54227,0.57178,0.60666,0.57376,0.66244,0.66352,1,0.92858,0.91453,0.88135,0.77781,0.81424,0.52344,0.44601,0.79894,0.66744,0.72885,0.59876,0.73812,0.5851,0.62199,0.65379,0.60988,0.69705,0.45098,0.66559,0.46224,0.54037,0.53019,0.50568,0.49047,0.58971,0.46426,0.54582,0.45672,0.55998,0.46463,0.3823,0.57791,0.5948,0.52399,0.5618,0.5418,0.55282,0.54534,0.47802,0.57387,0.47174,0.76904,0.63542,0.67915,0.68335,0.56412,0.52735,0.50917,0.4988,0.58421,0.5822,0.50255,0.42096,0.45184,0.37373,0.58388,0.6769,0.5575,0.64214,0.54587,0.51331,0.68032,0.72554,0.47995,0.49729,0.67887,0.66151,0.48215,0.57846,0.47262,0.64843,0.37702,0.43901,0.5434,0.58284,0.50405,0.56595,0.354,0.58702,0.44709,0.48472,0.58889,0.67094,0.42955,0.40001,0.40865,0.52001,0.52601,0.51004,0.44651,0.44993,0.53215,0.33507
0.56189,0.59549,0.80605,0.87027,0.70788,0.67418,0.6979,0.74144,0.62467,0.60432,0.48939,0.47448,0.52904,0.5956,0.7184,0.6012,0.58083,0.60458,0.5858,0.57557,0.60591,0.65416,0.92858,1,0.84647,0.85367,0.68679,0.81251,0.57678,0.51292,0.78637,0.7251,0.6993,0.61089,0.6834,0.55339,0.60271,0.62124,0.57566,0.67358,0.46414,0.65451,0.42503,0.51494,0.46304,0.46865,0.44502,0.55159,0.40929,0.48289,0.40225,0.47971,0.40396,0.2929,0.55246,0.5513,0.5043,0.52312,0.48745,0.48754,0.55136,0.56668,0.57676,0.5158,0.70722,0.64996,0.61228,0.65328,0.5333,0.49558,0.53705,0.50182,0.56842,0.5472,0.50351,0.41106,0.47703,0.40164,0.62557,0.70916,0.58858,0.65875,0.56905,0.56612,0.64863,0.72068,0.45518,0.50727,0.64121,0.6742,0.52503,0.5207,0.54725,0.6037,0.38504,0.43384,0.52549,0.5715,0.50596,0.53112,0.432,0.58145,0.48408,0.49224,0.58655,0.64823,0.4334,0.42818,0.45941,0.53123,0.50616,0.48047,0.46846,0.47649,0.52217,0.37064
0.59095,0.62106,0.85614,0.76297,0.72576,0.65398,0.68753,0.58224,0.64818,0.42925,0.4849,0.3319,0.58208,0.47895,0.71338,0.4105,0.52575,0.52208,0.53141,0.45914,0.61736,0.58892,0.91453,0.84647,1,0.94958,0.83671,0.87019,0.44468,0.33574,0.6941,0.49324,0.60578,0.42904,0.6825,0.46985,0.58368,0.58118,0.55556,0.65244,0.39607,0.5688,0.52277,0.59249,0.59034,0.52174,0.55625,0.63238,0.53798,0.60705,0.54756,0.63612,0.54433,0.45859,0.63133,0.65567,0.58117,0.62223,0.5811,0.57219,0.59082,0.46115,0.56453,0.42782,0.80711,0.63815,0.64159,0.59986,0.53158,0.44397,0.40096,0.37596,0.47036,0.44676,0.36864,0.30293,0.2911,0.20289,0.54436,0.60391,0.53932,0.61944,0.52541,0.47194,0.71499,0.74337,0.52058,0.50338,0.68495,0.71512,0.30813,0.45558,0.30599,0.52524,0.36869,0.37236,0.55705,0.58142,0.48599,0.55599,0.2508,0.4807,0.35766,0.41535,0.52572,0.62092,0.38377,0.33306,0.36526,0.45009,0.4461,0.44399,0.40389,0.41672,0.47609,0.28948
0.60187,0.61818,0.83559,0.7732,0.67566,0.68255,0.64725,0.58524,0.61345,0.43083,0.49184,0.31518,0.53336,0.48067,0.68209,0.40473,0.53288,0.53627,0.52076,0.46037,0.62262,0.61892,0.88135,0.85367,0.94958,1,0.80097,0.89401,0.44108,0.32812,0.68851,0.50398,0.60296,0.43105,0.66854,0.47801,0.6148,0.57183,0.58228,0.67443,0.41868,0.55966,0.54708,0.61628,0.60105,0.54513,0.56895,0.65191,0.55234,0.62002,0.56368,0.64396,0.56203,0.48316,0.66594,0.67368,0.57632,0.61398,0.57966,0.57562,0.5699,0.4392,0.54776,0.40935,0.77823,0.62706,0.644,0.61631,0.54625,0.44414,0.4219,0.3762,0.46013,0.42998,0.39166,0.2919,0.30386,0.19412,0.55087,0.60446,0.55357,0.61702,0.55114,0.49354,0.7161,0.74533,0.58843,0.5785,0.66599,0.71715,0.34751,0.46816,0.36896,0.52882,0.42234,0.4226,0.60134,0.6146,0.53809,0.5866,0.32691,0.50794,0.41739,0.45275,0.57048,0.66432,0.43783,0.39238,0.42073,0.49149,0.49111,0.48099,0.44821,0.46968,0.51552,0.33805
0.5102,0.56345,0.67304,0.65045,0.58937,0.46593,0.50983,0.43728,0.52418,0.29972,0.33971,0.20185,0.4263,0.33684,0.54007,0.31247,0.41108,0.40422,0.45543,0.38436,0.54083,0.43582,0.77781,0.68679,0.83671,0.80097,1,0.7851,0.28506,0.22825,0.61595,0.4079,0.50045,0.34129,0.56288,0.38194,0.41346,0.48636,0.3784,0.52111,0.23137,0.50184,0.47968,0.53599,0.53728,0.45589,0.48961,0.55299,0.4662,0.53909,0.48657,0.57714,0.46548,0.46284,0.47588,0.52282,0.53578,0.61054,0.49749,0.49648,0.53286,0.40617,0.42463,0.30709,0.72661,0.59219,0.52726,0.50076,0.46769,0.40886,0.36565,0.34198,0.40717,0.39129,0.2993,0.24929,0.26241,0.16695,0.45492,0.50853,0.41001,0.47016,0.33935,0.31949,0.60767,0.64573,0.28547,0.28795,0.57598,0.58769,0.19316,0.31157,0.16629,0.38064,0.25991,0.25039,0.40351,0.41032,0.28913,0.36664,0.046536,0.30097,0.11429,0.22311,0.32265,0.43342,0.2067,0.15359,0.20613,0.34116,0.26484,0.23084,0.1825,0.19184,0.26502,0.16015
0.60261,0.62167,0.77141,0.77224,0.7287,0.73848,0.60922,0.5719,0.6518,0.53768,0.51033,0.32161,0.54469,0.43093,0.6948,0.4535,0.56666,0.54734,0.53134,0.48687,0.61864,0.6073,0.81424,0.81251,0.87019,0.89401,0.7851,1,0.44075,0.32573,0.62701,0.48161,0.58293,0.42822,0.59763,0.45423,0.60114,0.5808,0.58043,0.70294,0.41167,0.53627,0.51334,0.5945,0.5909,0.5668,0.57656,0.64549,0.54981,0.59999,0.56423,0.59957,0.55255,0.47524,0.6587,0.66964,0.60343,0.60296,0.55496,0.56309,0.56553,0.4842,0.53862,0.41881,0.69843,0.60746,0.62813,0.61331,0.57188,0.46528,0.38205,0.36025,0.48313,0.4172,0.39948,0.27674,0.27075,0.16606,0.57797,0.60641,0.56853,0.60388,0.5531,0.49464,0.68034,0.7347,0.54798,0.54539,0.63745,0.7089,0.39723,0.46509,0.38906,0.49741,0.46154,0.43384,0.61046,0.62464,0.54604,0.59753,0.31653,0.47407,0.43398,0.42767,0.5574,0.64415,0.43477,0.37999,0.43209,0.50973,0.50387,0.51625,0.50698,0.51184,0.52192,0.37435
0.62916,0.65961,0.5592,0.56056,0.44311,0.41289,0.61874,0.65801,0.43959,0.48541,0.74495,0.73736,0.61578,0.69543,0.77336,0.78772,0.87522,0.87476,0.72256,0.73729,0.40559,0.52344,0.52344,0.57678,0.44468,0.44108,0.28506,0.44075,1,0.90958,0.53913,0.56952,0.6527,0.65522,0.32051,0.329,0.59516,0.62087,0.53673,0.62674,0.5268,0.67647,0.43036,0.50192,0.35624,0.41905,0.48377,0.49266,0.3504,0.36899,0.27028,0.23877,0.29792,0.24374,0.46613,0.46477,0.53761,0.52569,0.31468,0.27629,0.45603,0.45936,0.76794,0.64713,0.3748,0.31408,0.37986,0.39139,0.63853,0.56857,0.58942,0.50028,0.59459,0.57781,0.48705,0.50468,0.50272,0.3843,0.86278,0.85378,0.82768,0.80201,0.85018,0.86653,0.51392,0.53875,0.35626,0.48304,0.46207,0.43888,0.27607,0.21859,0.28599,0.27486,0.50144,0.55092,0.58437,0.59869,0.58685,0.46302,0.36882,0.41291,0.49435,0.4611,0.48929,0.52888,0.42875,0.37725,0.64295,0.5734,0.43911,0.45027,0.44356,0.54275,0.46794,0.43629
0.48453,0.56087,0.41138,0.46804,0.31363,0.29453,0.48648,0.59685,0.31807,0.44335,0.57272,0.73263,0.43413,0.65823,0.62882,0.79969,0.75866,0.83514,0.64095,0.71993,0.36004,0.51877,0.44601,0.51292,0.33574,0.32812,0.22825,0.32573,0.90958,1,0.56842,0.65384,0.67169,0.73804,0.32598,0.3437,0.51744,0.57889,0.44278,0.52018,0.5026,0.67477,0.32897,0.39201,0.27189,0.34368,0.36444,0.38907,0.23406,0.25251,0.17343,0.13016,0.19786,0.14518,0.33067,0.33639,0.4138,0.42633,0.21798,0.21287,0.33423,0.42943,0.66242,0.66804,0.2909,0.22764,0.32668,0.37018,0.56661,0.56409,0.59969,0.5588,0.60677,0.64986,0.49747,0.5922,0.596,0.52302,0.76915,0.79944,0.71251,0.72238,0.73245,0.87003,0.38917,0.43034,0.22503,0.3329,0.3754,0.33053,0.30536,0.22397,0.33474,0.26566,0.39241,0.53239,0.44008,0.46269,0.51681,0.37412,0.41482,0.38337,0.48411,0.43314,0.4438,0.46253,0.41032,0.38321,0.58662,0.48349,0.34977,0.31557,0.33326,0.43015,0.3812,0.46139
0.31098,0.44344,0.57554,0.59638,0.46147,0.33872,0.44554,0.43588,0.34691,0.28531,0.21722,0.26417,0.23486,0.39904,0.53074,0.47105,0.44926,0.53694,0.46751,0.54315,0.78755,0.82423,0.79894,0.78637,0.6941,0.68851,0.61595,0.62701,0.53913,0.56842,1,0.91659,0.77911,0.7444,0.70624,0.60251,0.60163,0.71077,0.58412,0.64863,0.53025,0.72328,0.28785,0.34393,0.35486,0.35877,0.31282,0.42323,0.27572,0.30758,0.22359,0.29443,0.20612,0.14402,0.34423,0.38508,0.29235,0.32874,0.28359,0.32083,0.28167,0.32069,0.39206,0.3354,0.5349,0.40537,0.57481,0.6328,0.48951,0.55854,0.64418,0.6935,0.67911,0.71338,0.57952,0.56026,0.66147,0.65562,0.48663,0.60337,0.42521,0.49699,0.46513,0.52104,0.37152,0.45476,0.30412,0.30352,0.43009,0.37276,0.50179,0.52674,0.52839,0.60818,0.29702,0.43278,0.41111,0.39259,0.41425,0.43317,0.40117,0.53104,0.42849,0.45412,0.60915,0.58778,0.45198,0.43133,0.37998,0.42491,0.49826,0.38876,0.35016,0.33379,0.47189,0.36932
0.21976,0.34585,0.44737,0.55371,0.38847,0.28478,0.40196,0.46852,0.28543,0.35544,0.18827,0.32186,0.15667,0.43145,0.45841,0.54121,0.4137,0.52566,0.43601,0.55281,0.67156,0.76633,0.66744,0.7251,0.49324,0.50398,0.4079,0.48161,0.56952,0.65384,0.91659,1,0.74465,0.7914,0.60694,0.57392,0.52274,0.63991,0.51019,0.5553,0.50647,0.66903,0.16903,0.22394,0.23354,0.27238,0.19335,0.30765,0.13388,0.15298,0.080962,0.11992,0.081662,0.01568,0.23769,0.25725,0.16796,0.18156,0.17154,0.20542,0.19058,0.33355,0.33472,0.37138,0.3841,0.32721,0.47404,0.56544,0.40878,0.51069,0.67462,0.71432,0.66477,0.70817,0.59654,0.61821,0.74676,0.75292,0.4702,0.59317,0.39009,0.45118,0.44502,0.54227,0.25723,0.35561,0.19495,0.22918,0.33545,0.26562,0.58386,0.5189,0.62122,0.58268,0.26425,0.42188,0.33367,0.31848,0.39482,0.37874,0.47922,0.53034,0.47302,0.45884,0.58882,0.515,0.43975,0.44644,0.40111,0.42147,0.45974,0.34882,0.32241,0.30727,0.42509,0.39973
0.5509,0.69126,0.68087,0.67405,0.56829,0.49836,0.57283,0.55312,0.51251,0.45522,0.40045,0.45014,0.35053,0.43644,0.60742,0.53339,0.64043,0.73583,0.76566,0.80001,0.71902,0.78603,0.72885,0.6993,0.60578,0.60296,0.50045,0.58293,0.6527,0.67169,0.77911,0.74465,1,0.93089,0.8036,0.78166,0.60646,0.73994,0.63932,0.73182,0.5305,0.75842,0.46655,0.52681,0.51615,0.60118,0.49204,0.60314,0.44303,0.48701,0.3778,0.416,0.37223,0.30083,0.46575,0.52564,0.53298,0.54281,0.49399,0.55832,0.45613,0.49706,0.62401,0.5945,0.57369,0.49954,0.78648,0.81522,0.75019,0.80844,0.61501,0.64917,0.67269,0.7297,0.58127,0.62119,0.6835,0.61965,0.69026,0.78582,0.6292,0.66698,0.6182,0.68501,0.50323,0.55856,0.34753,0.40945,0.57986,0.5023,0.52092,0.61367,0.50532,0.65825,0.42931,0.59357,0.5436,0.59189,0.5832,0.60811,0.52574,0.68277,0.60386,0.64351,0.59293,0.62753,0.57189,0.52304,0.48419,0.55409,0.61631,0.54264,0.4622,0.51399,0.52792,0.42634
0.41511,0.58715,0.51235,0.59066,0.43311,0.36965,0.46772,0.54473,0.38638,0.429,0.32526,0.52091,0.2445,0.45958,0.5077,0.57792,0.57218,0.69433,0.7228,0.8156,0.62949,0.73412,0.59876,0.61089,0.42904,0.43105,0.34129,0.42822,0.65522,0.73804,0.7444,0.7914,0.93089,1,0.68768,0.74203,0.53487,0.69729,0.55705,0.63485,0.48804,0.72259,0.30326,0.36257,0.35809,0.47169,0.32352,0.43817,0.26442,0.31591,0.18303,0.21377,0.19503,0.10991,0.31866,0.36172,0.37718,0.40028,0.33447,0.41772,0.33374,0.48044,0.5493,0.60483,0.41169,0.3901,0.63561,0.70793,0.66447,0.77666,0.61465,0.66895,0.62501,0.72813,0.57809,0.68369,0.76604,0.72409,0.62431,0.73165,0.54544,0.57539,0.55758,0.66705,0.34493,0.41556,0.19495,0.26133,0.45909,0.36625,0.52995,0.52837,0.52365,0.57754,0.33978,0.53205,0.41617,0.46065,0.51432,0.48416,0.52258,0.6029,0.57796,0.5635,0.52093,0.50961,0.51908,0.49409,0.43426,0.48347,0.54509,0.47738,0.38224,0.40997,0.42835,0.42642
0.38212,0.47486,0.66978,0.61812,0.57566,0.49331,0.49001,0.39773,0.49232,0.35668,0.17513,0.17165,0.2135,0.24929,0.43942,0.24721,0.36248,0.43696,0.45861,0.46598,0.66242,0.68482,0.73812,0.6834,0.6825,0.66854,0.56288,0.59763,0.32051,0.32598,0.70624,0.60694,0.8036,0.68768,1,0.85162,0.54651,0.64102,0.55531,0.61712,0.42206,0.56884,0.40737,0.46048,0.53612,0.57192,0.41394,0.55352,0.40919,0.48223,0.39886,0.49844,0.41709,0.31097,0.47187,0.49929,0.40371,0.42921,0.56741,0.61453,0.47129,0.46202,0.40244,0.39688,0.71185,0.62061,0.84464,0.85223,0.50091,0.57815,0.47832,0.56118,0.48829,0.54963,0.4673,0.46915,0.54398,0.51007,0.41145,0.51747,0.3732,0.44432,0.37091,0.39659,0.50454,0.53152,0.36973,0.3809,0.62406,0.5466,0.53316,0.70228,0.5373,0.74591,0.27517,0.44077,0.43763,0.46849,0.47397,0.56798,0.49259,0.67184,0.53665,0.6125,0.5644,0.61767,0.53466,0.49564,0.30322,0.38419,0.57592,0.4695,0.4164,0.39237,0.47316,0.32995
0.28976,0.41539,0.52877,0.54653,0.47507,0.40595,0.41773,0.37807,0.42509,0.34981,0.15742,0.24213,0.17099,0.23613,0.37251,0.26894,0.32955,0.41556,0.47047,0.51234,0.55668,0.63167,0.5851,0.55339,0.46985,0.47801,0.38194,0.45423,0.329,0.3437,0.60251,0.57392,0.78166,0.74203,0.85162,1,0.55304,0.6234,0.55684,0.58458,0.36932,0.50934,0.28768,0.35685,0.41243,0.53041,0.30239,0.45915,0.28147,0.36087,0.25181,0.3314,0.29339,0.19006,0.36398,0.3564,0.28854,0.31749,0.45936,0.54338,0.38843,0.48195,0.37357,0.42203,0.55816,0.54717,0.73343,0.80477,0.47762,0.59798,0.47622,0.57319,0.44151,0.52538,0.4588,0.49035,0.59656,0.60338,0.38066,0.46965,0.33081,0.38559,0.35682,0.40524,0.39528,0.42528,0.26896,0.28484,0.55073,0.40871,0.56751,0.65583,0.56814,0.68091,0.30059,0.47739,0.3836,0.41517,0.45058,0.48009,0.52889,0.60365,0.53698,0.54175,0.47119,0.49534,0.55345,0.50265,0.31991,0.40361,0.59303,0.46886,0.40025,0.38415,0.41217,0.34728
0.48689,0.52166,0.62669,0.55536,0.49454,0.49842,0.52389,0.48604,0.46116,0.34638,0.44615,0.37966,0.45222,0.45398,0.63663,0.46262,0.57369,0.59813,0.51883,0.55175,0.57469,0.67329,0.62199,0.60271,0.58368,0.6148,0.41346,0.60114,0.59516,0.51744,0.60163,0.52274,0.60646,0.53487,0.54651,0.55304,1,0.75775,0.82746,0.78582,0.6326,0.59673,0.39963,0.46754,0.46,0.47391,0.5028,0.54912,0.42595,0.48417,0.4189,0.45495,0.45148,0.37059,0.66219,0.59385,0.43003,0.4126,0.46335,0.45303,0.49339,0.41758,0.53395,0.4287,0.53684,0.49098,0.56734,0.57583,0.521,0.50635,0.48522,0.48016,0.56743,0.53617,0.53453,0.47977,0.46413,0.39567,0.5677,0.61111,0.55999,0.59732,0.66142,0.57488,0.55349,0.58624,0.58122,0.59956,0.60822,0.57593,0.52681,0.56448,0.53149,0.54908,0.59319,0.66039,0.69093,0.66896,0.70407,0.66773,0.56106,0.58852,0.64013,0.57678,0.68091,0.7093,0.66522,0.55333,0.61046,0.59048,0.68186,0.68443,0.65313,0.6392,0.67006,0.485
0.45821,0.56519,0.60268,0.58884,0.51714,0.42465,0.48522,0.47308,0.44366,0.37205,0.36639,0.35407,0.37251,0.41199,0.60282,0.48932,0.58573,0.6354,0.60989,0.63638,0.71479,0.76099,0.65379,0.62124,0.58118,0.57183,0.48636,0.5808,0.62087,0.57889,0.71077,0.63991,0.73994,0.69729,0.64102,0.6234,0.75775,1,0.73869,0.852,0.57608,0.80539,0.38468,0.45538,0.46941,0.50961,0.4706,0.55758,0.44129,0.48591,0.3693,0.40394,0.34882,0.27854,0.51449,0.53955,0.44768,0.44144,0.39734,0.44998,0.3906,0.37904,0.55356,0.46438,0.527,0.44022,0.644,0.67631,0.61098,0.65263,0.64977,0.68524,0.65632,0.69678,0.58006,0.62207,0.60035,0.56758,0.61703,0.6866,0.5576,0.60636,0.62986,0.59436,0.48115,0.54769,0.37779,0.4387,0.54987,0.48575,0.52307,0.57189,0.47471,0.57149,0.50894,0.60058,0.6056,0.60968,0.60212,0.59873,0.43436,0.57615,0.5462,0.56433,0.64488,0.65001,0.63378,0.47445,0.45183,0.60343,0.6286,0.57886,0.51356,0.53098,0.60512,0.39901
0.45212,0.50171,0.63918,0.57354,0.53864,0.52635,0.50453,0.45778,0.47315,0.33802,0.38684,0.28669,0.41698,0.35182,0.63926,0.39639,0.50503,0.53329,0.5595,0.56472,0.70951,0.74274,0.60988,0.57566,0.55556,0.58228,0.3784,0.58043,0.53673,0.44278,0.58412,0.51019,0.63932,0.55705,0.55531,0.55684,0.82746,0.73869,1,0.87151,0.71074,0.62428,0.37725,0.42663,0.45239,0.45619,0.4835,0.52938,0.44249,0.47947,0.39563,0.46514,0.39538,0.32283,0.65606,0.59061,0.39405,0.37365,0.47749,0.50753,0.40522,0.34537,0.49451,0.40637,0.50203,0.46966,0.6466,0.65215,0.54969,0.55085,0.40738,0.43111,0.58429,0.54227,0.57241,0.44053,0.42632,0.33841,0.51863,0.57668,0.51242,0.55396,0.65123,0.53433,0.50524,0.51778,0.56961,0.60664,0.61085,0.54079,0.56132,0.62759,0.54077,0.60354,0.60346,0.69548,0.69042,0.69325,0.68627,0.69209,0.56164,0.64608,0.68815,0.62887,0.73581,0.71386,0.69236,0.57598,0.56415,0.58309,0.71615,0.73118,0.6794,0.64794,0.74963,0.51889
0.59252,0.66031,0.71704,0.68183,0.62781,0.57082,0.56569,0.53178,0.5638,0.42109,0.46864,0.34855,0.49155,0.40197,0.71051,0.47385,0.65231,0.67301,0.68782,0.66456,0.76732,0.78776,0.69705,0.67358,0.65244,0.67443,0.52111,0.70294,0.62674,0.52018,0.64863,0.5553,0.73182,0.63485,0.61712,0.58458,0.78582,0.852,0.87151,1,0.65515,0.75682,0.49932,0.58137,0.60903,0.62216,0.60325,0.68245,0.56624,0.59671,0.49492,0.53765,0.46423,0.41952,0.66951,0.69382,0.57143,0.53402,0.52392,0.55095,0.46878,0.39472,0.64963,0.48619,0.60304,0.52433,0.73333,0.75193,0.70241,0.66713,0.51144,0.49978,0.62141,0.61413,0.56123,0.4896,0.42887,0.33676,0.67005,0.73595,0.66597,0.69502,0.74065,0.64022,0.62235,0.66593,0.55836,0.63267,0.65618,0.63017,0.48654,0.5788,0.4529,0.57011,0.64366,0.70333,0.74803,0.75067,0.6851,0.69448,0.47507,0.60292,0.61182,0.58137,0.72582,0.73659,0.65698,0.51726,0.55637,0.68062,0.69014,0.66461,0.61446,0.65172,0.726,0.47675
0.33703,0.359,0.40791,0.38749,0.29418,0.27497,0.3344,0.33036,0.23343,0.22564,0.31563,0.29473,0.26959,0.33244,0.46755,0.37367,0.44632,0.48313,0.42181,0.47519,0.60953,0.63272,0.45098,0.46414,0.39607,0.41868,0.23137,0.41167,0.5268,0.5026,0.53025,0.50647,0.5305,0.48804,0.42206,0.36932,0.6326,0.57608,0.71074,0.65515,1,0.62357,0.21711,0.24488,0.24516,0.24724,0.26987,0.30017,0.22612,0.22138,0.19266,0.19628,0.18701,0.12217,0.38299,0.34683,0.27373,0.2059,0.23221,0.20354,0.21293,0.17919,0.43158,0.28624,0.32721,0.24894,0.42529,0.45538,0.44894,0.44023,0.3955,0.38682,0.63845,0.57335,0.55342,0.44031,0.43506,0.35439,0.43335,0.49847,0.43573,0.44636,0.52498,0.50159,0.3187,0.33725,0.41939,0.41952,0.39042,0.34025,0.39171,0.41742,0.41103,0.41453,0.42851,0.46699,0.47223,0.43377,0.45477,0.43657,0.38683,0.48412,0.51697,0.49296,0.595,0.54047,0.47807,0.39066,0.43236,0.44792,0.48706,0.48924,0.4289,0.39925,0.57997,0.40837
0.48146,0.59709,0.57494,0.59413,0.47662,0.40512,0.49613,0.51884,0.40653,0.39611,0.39037,0.43433,0.3912,0.46562,0.63482,0.56909,0.59956,0.68646,0.67722,0.68452,0.71079,0.74824,0.66559,0.65451,0.5688,0.55966,0.50184,0.53627,0.67647,0.67477,0.72328,0.66903,0.75842,0.72259,0.56884,0.50934,0.59673,0.80539,0.62428,0.75682,0.62357,1,0.38121,0.43171,0.39476,0.39668,0.43179,0.48704,0.36796,0.39093,0.29962,0.31538,0.27481,0.20951,0.43097,0.4535,0.44284,0.46848,0.33603,0.36509,0.36152,0.38292,0.58985,0.51373,0.4978,0.39572,0.55436,0.60138,0.63391,0.67167,0.6429,0.65525,0.76449,0.79059,0.63991,0.63746,0.58402,0.5074,0.62619,0.72873,0.5773,0.6532,0.63785,0.63714,0.4644,0.51183,0.3223,0.40739,0.51562,0.44824,0.41721,0.42589,0.37496,0.47291,0.41427,0.5055,0.52549,0.54036,0.49466,0.46753,0.3236,0.5209,0.46356,0.48392,0.5765,0.57254,0.48849,0.37449,0.40838,0.56524,0.5401,0.48558,0.43338,0.48449,0.53284,0.31107
0.74385,0.70196,0.64862,0.51257,0.57737,0.57031,0.59103,0.47127,0.65567,0.45133,0.48243,0.2702,0.52909,0.39768,0.54437,0.36918,0.6367,0.60736,0.50484,0.39873,0.35741,0.31055,0.46224,0.42503,0.52277,0.54708,0.47968,0.51334,0.43036,0.32897,0.28785,0.16903,0.46655,0.30326,0.40737,0.28768,0.39963,0.38468,0.37725,0.49932,0.21711,0.38121,1,0.95013,0.86042,0.7563,0.93002,0.90132,0.87522,0.80151,0.79701,0.74604,0.72994,0.73059,0.70548,0.78968,0.78844,0.76376,0.67371,0.5896,0.60966,0.39789,0.60535,0.39065,0.53794,0.48324,0.62893,0.49868,0.70173,0.53953,0.31398,0.25115,0.27559,0.21078,0.17403,0.11667,0.1972,0.01554,0.62081,0.64414,0.69301,0.66005,0.53989,0.52304,0.70409,0.67545,0.41141,0.536,0.59006,0.61335,0.11754,0.33243,0.039385,0.2727,0.5281,0.46617,0.67585,0.67965,0.61461,0.6395,0.25522,0.4369,0.33165,0.41886,0.39148,0.50455,0.40376,0.29094,0.38821,0.50623,0.44795,0.38288,0.34423,0.48301,0.40976,0.30695
