1,0.91088,0.90325,0.89007,0.77779,0.7386,0.92088,0.88151,0.82178,0.72398,0.89865,0.86371,0.89312,0.85054,0.8533,0.81693,0.87143,0.82657,0.93682,0.89498,0.62336,0.49259,0.87424,0.84582,0.78123,0.84462,0.69161,0.75217,0.89345,0.84952,0.8088,0.82582,0.88733,0.85821,0.7463,0.65757,0.85509,0.81443,0.80379,0.79738,0.82139,0.77892,0.76524,0.76631,0.76254,0.7579,0.74671,0.79859,0.80489,0.77154,0.76802,0.77397,0.72432,0.68682,0.85574,0.84493,0.91322,0.856,0.88466,0.83941,0.89457,0.85742,0.908,0.8286,0.74777,0.83337,0.84401,0.8055,0.85866,0.83278,0.69735,0.70128,0.68634,0.75528,0.56146,0.62778,0.68223,0.72894,0.82928,0.83259,0.85136,0.84479,0.7664,0.81674,0.87255,0.78074,0.5876,0.70096,0.86912,0.84874,0.83694,0.82894,0.75488,0.79884,0.76248,0.73181,0.83417,0.81331,0.81407,0.82098,0.70183,0.78321,0.68243,0.67796,0.67404,0.59717,0.55902,0.14795,0.73495,0.79215,0.83163,0.81643,0.77,0.69839,0.54312,0.4867
0.91088,1,0.85691,0.91737,0.87589,0.76482,0.88232,0.90558,0.88386,0.74638,0.81792,0.90536,0.8571,0.88641,0.81203,0.82587,0.89565,0.90268,0.92753,0.95043,0.64243,0.44296,0.86663,0.88183,0.73008,0.84361,0.68617,0.68472,0.87354,0.8912,0.79852,0.84698,0.91469,0.90254,0.72315,0.62487,0.87079,0.8942,0.7597,0.79154,0.7912,0.78172,0.78922,0.8039,0.8108,0.82949,0.7681,0.83671,0.84101,0.80272,0.7451,0.77832,0.70809,0.67887,0.84059,0.83539,0.92981,0.94556,0.88896,0.89107,0.84427,0.85998,0.86389,0.84734,0.67942,0.80685,0.89172,0.89553,0.93663,0.92524,0.62093,0.63245,0.6149,0.7225,0.53342,0.67591,0.62682,0.71133,0.90939,0.86488,0.89357,0.89371,0.67557,0.86214,0.84328,0.7995,0.53106,0.6743,0.87901,0.82252,0.86971,0.85363,0.76492,0.80191,0.75831,0.6985,0.83905,0.76199,0.82235,0.78985,0.71676,0.76017,0.67331,0.66317,0.63338,0.54484,0.50451,0.086394,0.71799,0.71997,0.87239,0.83937,0.79075,0.70157,0.53495,0.48606
0.90325,0.85691,1,0.94235,0.85293,0.77884,0.96753,0.92557,0.8867,0.742,0.79738,0.81825,0.82714,0.82341,0.81366,0.75322,0.77784,0.72694,0.92129,0.8611,0.60313,0.45739,0.93645,0.87417,0.78191,0.83585,0.72437,0.78173,0.80447,0.76637,0.83445,0.87038,0.83895,0.83878,0.66843,0.58647,0.79706,0.74828,0.75115,0.72453,0.78317,0.7334,0.68474,0.68338,0.7089,0.69025,0.65783,0.71831,0.74885,0.70285,0.73914,0.7306,0.69098,0.63995,0.8136,0.80297,0.81958,0.77141,0.81638,0.77168,0.80707,0.77508,0.82809,0.73864,0.72057,0.7818,0.80716,0.76464,0.77516,0.79055,0.7063,0.66959,0.67882,0.71279,0.53775,0.56448,0.62042,0.71904,0.75033,0.72267,0.7464,0.74677,0.64472,0.6999,0.81243,0.72361,0.50584,0.61815,0.87902,0.79476,0.83566,0.8347,0.7199,0.81463,0.72464,0.69422,0.78031,0.76307,0.77979,0.77974,0.68083,0.8049,0.68075,0.71022,0.69252,0.62987,0.56961,0.12147,0.70658,0.75367,0.80907,0.78743,0.76182,0.67509,0.56175,0.49367
0.89007,0.91737,0.94235,1,0.8771,0.81375,0.95043,0.97928,0.91493,0.82863,0.80286,0.88066,0.8518,0.90054,0.8189,0.81205,0.85161,0.81206,0.91843,0.91501,0.66387,0.47253,0.95471,0.95709,0.81739,0.90327,0.72173,0.79128,0.84083,0.83664,0.86744,0.9147,0.90486,0.91298,0.7602,0.66565,0.82794,0.81667,0.75456,0.74419,0.80392,0.77608,0.75546,0.75639,0.79061,0.7892,0.73001,0.80066,0.80678,0.76826,0.75024,0.76866,0.71253,0.68214,0.82434,0.82223,0.87556,0.85951,0.84279,0.84449,0.80941,0.85333,0.84861,0.82037,0.69416,0.83585,0.86768,0.8609,0.84859,0.86567,0.68667,0.67778,0.66131,0.7404,0.52043,0.63507,0.63752,0.73661,0.84814,0.81472,0.83769,0.83459,0.65472,0.78611,0.83663,0.78623,0.50429,0.66185,0.87218,0.8337,0.87874,0.86141,0.77488,0.81042,0.72617,0.67486,0.81134,0.74584,0.81686,0.78966,0.71951,0.7859,0.68944,0.69053,0.67035,0.58787,0.55321,0.069636,0.69918,0.73548,0.84111,0.80686,0.76939,0.67758,0.54747,0.50052
0.77779,0.87589,0.85293,0.8771,1,0.81611,0.83722,0.85917,0.93695,0.68868,0.68477,0.81985,0.74096,0.81301,0.77912,0.78865,0.77742,0.78762,0.84633,0.86977,0.66188,0.46156,0.84842,0.83763,0.69314,0.76818,0.77312,0.68947,0.75131,0.78796,0.78757,0.8297,0.8221,0.83926,0.61963,0.54783,0.7556,0.77542,0.69875,0.68966,0.69138,0.68811,0.65842,0.67711,0.71675,0.71056,0.64446,0.70907,0.72928,0.67606,0.66636,0.67238,0.65342,0.59597,0.78684,0.73803,0.80925,0.82254,0.75481,0.75075,0.71738,0.70991,0.7761,0.73249,0.60587,0.68239,0.79409,0.79925,0.80515,0.82442,0.58339,0.58962,0.58449,0.68422,0.45121,0.59404,0.55822,0.68269,0.79574,0.71647,0.76306,0.74949,0.54196,0.74637,0.73521,0.66509,0.49207,0.58881,0.8324,0.6999,0.82957,0.79576,0.7027,0.76709,0.69579,0.65006,0.76464,0.69199,0.77,0.72592,0.66669,0.74983,0.63172,0.68194,0.60906,0.55858,0.44748,0.10125,0.68978,0.66953,0.81764,0.78964,0.76922,0.667,0.56065,0.50822
0.7386,0.76482,0.77884,0.81375,0.81611,1,0.79412,0.80188,0.77727,0.67951,0.65347,0.72879,0.64326,0.78844,0.73863,0.76356,0.73686,0.64508,0.7255,0.74236,0.78028,0.73064,0.78155,0.76356,0.70407,0.72172,0.83117,0.822,0.7104,0.69603,0.84328,0.81799,0.76904,0.80315,0.66995,0.69628,0.74065,0.68832,0.74844,0.68672,0.74886,0.7421,0.64184,0.63421,0.68371,0.66107,0.61772,0.66459,0.6797,0.65041,0.70009,0.62454,0.62912,0.54283,0.76276,0.68346,0.74945,0.71265,0.68065,0.66,0.69774,0.64643,0.74363,0.66892,0.6244,0.65985,0.73119,0.69809,0.69596,0.70418,0.80202,0.80598,0.77475,0.81398,0.60055,0.66213,0.75967,0.80479,0.69519,0.66786,0.67713,0.67299,0.56695,0.65923,0.65697,0.6126,0.55724,0.59744,0.77166,0.69194,0.82177,0.77771,0.79047,0.76084,0.70926,0.72049,0.8059,0.79529,0.81956,0.77216,0.75083,0.77189,0.7452,0.78809,0.74685,0.76791,0.53534,0.21395,0.75141,0.723,0.78921,0.82208,0.73468,0.73054,0.69309,0.58866
0.92088,0.88232,0.96753,0.95043,0.83722,0.79412,1,0.94758,0.89768,0.80194,0.8498,0.85557,0.88293,0.86649,0.85525,0.81128,0.83571,0.78122,0.91699,0.87195,0.63653,0.47893,0.93959,0.89579,0.79693,0.85877,0.7058,0.77682,0.86597,0.82562,0.87517,0.90063,0.87067,0.8697,0.70156,0.62781,0.82772,0.77793,0.76861,0.73351,0.81859,0.76278,0.70755,0.70167,0.72337,0.70735,0.68722,0.74708,0.75818,0.71411,0.74769,0.73524,0.69142,0.65261,0.82246,0.81034,0.84181,0.80215,0.83041,0.79226,0.83839,0.81392,0.86251,0.80321,0.73675,0.80779,0.82575,0.78186,0.79922,0.8071,0.74524,0.72126,0.70635,0.76647,0.56855,0.63553,0.68369,0.7561,0.79695,0.7862,0.8052,0.79404,0.69804,0.76037,0.83427,0.7526,0.53085,0.64547,0.88015,0.82543,0.86832,0.85634,0.77805,0.85291,0.75714,0.7035,0.81193,0.77537,0.81388,0.80073,0.73513,0.83907,0.71314,0.74351,0.72619,0.65667,0.59482,0.14748,0.73334,0.764,0.82868,0.81024,0.78116,0.71343,0.57628,0.52927
0.88151,0.90558,0.92557,0.97928,0.85917,0.80188,0.94758,1,0.90287,0.84135,0.79572,0.8924,0.84598,0.91016,0.81876,0.82442,0.84114,0.82066,0.88731,0.87523,0.63107,0.44976,0.93321,0.93317,0.77753,0.85723,0.69666,0.74676,0.83871,0.84109,0.8521,0.90418,0.88184,0.88539,0.73069,0.64531,0.80772,0.8002,0.73159,0.72296,0.78789,0.7645,0.74211,0.74626,0.7684,0.77059,0.71415,0.78061,0.79037,0.7529,0.75187,0.76251,0.71451,0.67592,0.81323,0.80435,0.85524,0.84274,0.83124,0.82842,0.81174,0.85189,0.83829,0.83367,0.69523,0.83631,0.8378,0.83137,0.82034,0.83108,0.6714,0.67636,0.62925,0.72661,0.50478,0.63247,0.62727,0.71679,0.83925,0.8137,0.83073,0.83145,0.65004,0.78442,0.82413,0.76956,0.51394,0.65444,0.86162,0.82547,0.86601,0.82898,0.76677,0.80054,0.70213,0.64593,0.78405,0.71295,0.79444,0.76341,0.72073,0.7848,0.67745,0.68826,0.66364,0.57826,0.53099,0.089009,0.6864,0.70011,0.81125,0.77521,0.74315,0.65307,0.51295,0.48632
0.82178,0.88386,0.8867,0.91493,0.93695,0.77727,0.89768,0.90287,1,0.77423,0.73739,0.83756,0.79359,0.84038,0.82814,0.82121,0.79807,0.79183,0.86843,0.87173,0.62246,0.41827,0.87789,0.85994,0.753,0.82441,0.72628,0.71665,0.80256,0.81618,0.81923,0.85986,0.85375,0.8498,0.6791,0.59268,0.7837,0.77613,0.6922,0.69126,0.71103,0.68724,0.69059,0.69957,0.71855,0.71588,0.67453,0.73204,0.73298,0.68952,0.68969,0.68624,0.66613,0.62212,0.78117,0.75568,0.81707,0.82816,0.77482,0.76291,0.76454,0.76925,0.80622,0.78667,0.6541,0.7385,0.79929,0.79274,0.80236,0.81293,0.62911,0.62709,0.59035,0.69059,0.44434,0.60749,0.59249,0.7031,0.79925,0.76455,0.78919,0.78151,0.60943,0.75898,0.77456,0.71551,0.49072,0.61305,0.84425,0.76389,0.84506,0.81624,0.72432,0.79366,0.69707,0.64444,0.75672,0.68769,0.76608,0.72308,0.68671,0.76603,0.63039,0.66423,0.61208,0.54768,0.47685,0.039455,0.68072,0.69876,0.80039,0.77726,0.75267,0.65501,0.50508,0.51052
0.72398,0.74638,0.742,0.82863,0.68868,0.67951,0.80194,0.84135,0.77423,1,0.70183,0.72794,0.74263,0.77406,0.74788,0.72963,0.74238,0.70586,0.71646,0.72104,0.54113,0.31547,0.80341,0.83724,0.68087,0.76942,0.56069,0.62799,0.73999,0.7101,0.72157,0.75996,0.77858,0.75582,0.68721,0.61847,0.6912,0.65354,0.63592,0.58623,0.66108,0.61329,0.68449,0.67144,0.6891,0.69253,0.6657,0.71615,0.67197,0.65879,0.62572,0.64721,0.60819,0.61994,0.67403,0.68376,0.73078,0.73086,0.67749,0.69613,0.71342,0.79632,0.72192,0.75663,0.66809,0.7503,0.7064,0.7063,0.67806,0.68783,0.51842,0.52491,0.49217,0.59426,0.38334,0.52779,0.53598,0.59383,0.73438,0.72479,0.75008,0.72877,0.60921,0.67225,0.72952,0.66531,0.43659,0.58605,0.73335,0.71916,0.74683,0.71219,0.68181,0.66186,0.55641,0.45578,0.65058,0.55737,0.66148,0.62805,0.62852,0.62443,0.5797,0.54102,0.55123,0.41675,0.46341,0.064171,0.51501,0.56239,0.66955,0.63851,0.57108,0.50448,0.34342,0.33388
0.89865,0.81792,0.79738,0.80286,0.68477,0.65347,0.8498,0.79572,0.73739,0.70183,1,0.8425,0.95153,0.82954,0.85391,0.81245,0.85771,0.81184,0.83803,0.81264,0.64478,0.46479,0.82334,0.80571,0.75234,0.79633,0.6172,0.66745,0.8876,0.87968,0.761,0.76857,0.80886,0.7706,0.68816,0.58245,0.79058,0.76236,0.77023,0.76293,0.77377,0.74788,0.71465,0.70954,0.67421,0.67896,0.7254,0.75949,0.68103,0.66832,0.629,0.6662,0.58958,0.6183,0.76018,0.77697,0.78872,0.75423,0.74769,0.71388,0.78014,0.78194,0.86164,0.75858,0.67003,0.74708,0.73897,0.70467,0.74205,0.72258,0.63143,0.63294,0.60288,0.69922,0.52589,0.59873,0.60242,0.61436,0.78483,0.82916,0.84922,0.82418,0.74922,0.8316,0.85344,0.77253,0.56644,0.69207,0.78514,0.79987,0.73491,0.7395,0.69437,0.71991,0.73085,0.64873,0.78626,0.72394,0.71894,0.72736,0.61951,0.69396,0.60243,0.5814,0.59982,0.52024,0.50866,0.10195,0.6327,0.74158,0.75293,0.72974,0.66985,0.61816,0.47838,0.48241
0.86371,0.90536,0.81825,0.88066,0.81985,0.72879,0.85557,0.8924,0.83756,0.72794,0.8425,1,0.88377,0.92407,0.81575,0.87211,0.86889,0.90487,0.85991,0.87711,0.62356,0.42603,0.85176,0.86763,0.71857,0.81652,0.63701,0.64236,0.8814,0.92377,0.80442,0.84632,0.85848,0.84901,0.66729,0.56673,0.7986,0.84027,0.70684,0.73307,0.76828,0.74182,0.73385,0.76026,0.74273,0.76267,0.73501,0.78632,0.76396,0.7218,0.69242,0.71605,0.66995,0.66367,0.80106,0.78997,0.83215,0.8488,0.80416,0.80381,0.79601,0.82559,0.85428,0.85158,0.61718,0.7678,0.81656,0.8211,0.82466,0.82822,0.57381,0.59749,0.56067,0.70035,0.46554,0.63651,0.56131,0.63658,0.86262,0.84462,0.87231,0.8753,0.66386,0.88473,0.82205,0.80639,0.49025,0.67909,0.79947,0.79071,0.80572,0.76787,0.7151,0.72763,0.71185,0.64236,0.78461,0.69679,0.76031,0.73426,0.69451,0.71823,0.629,0.61574,0.58025,0.49044,0.47862,0.089682,0.68483,0.69228,0.81874,0.75023,0.72396,0.61916,0.47882,0.49827
0.89312,0.8571,0.82714,0.8518,0.74096,0.64326,0.88293,0.84598,0.79359,0.74263,0.95153,0.88377,1,0.87296,0.86515,0.83393,0.86462,0.85538,0.87087,0.85749,0.60925,0.40805,0.86356,0.86497,0.76734,0.84111,0.59627,0.65015,0.91496,0.91024,0.77807,0.80544,0.8496,0.8093,0.72412,0.58557,0.82266,0.82708,0.75347,0.77065,0.78995,0.75841,0.73796,0.73779,0.73471,0.7405,0.75173,0.79352,0.74527,0.71723,0.6564,0.70951,0.59355,0.64751,0.78395,0.80707,0.82049,0.80468,0.81261,0.78998,0.81318,0.83021,0.85235,0.79594,0.71307,0.78789,0.80868,0.78423,0.79806,0.78224,0.59394,0.60574,0.57062,0.67667,0.5126,0.60918,0.57972,0.61963,0.82571,0.84424,0.87945,0.85878,0.75236,0.8699,0.88468,0.79899,0.54687,0.69594,0.81668,0.81774,0.79638,0.78706,0.74314,0.76893,0.75064,0.65822,0.80699,0.71737,0.76085,0.74948,0.68744,0.75316,0.64395,0.61737,0.62006,0.50089,0.54828,0.082324,0.6395,0.7422,0.79583,0.76293,0.71933,0.64293,0.49269,0.45985
0.85054,0.88641,0.82341,0.90054,0.81301,0.78844,0.86649,0.91016,0.84038,0.77406,0.82954,0.92407,0.87296,1,0.86092,0.91574,0.85551,0.83038,0.8238,0.84267,0.70398,0.54952,0.88041,0.89658,0.77828,0.83839,0.71139,0.7241,0.88139,0.90014,0.85326,0.87799,0.87258,0.85474,0.75691,0.65588,0.84631,0.84139,0.78281,0.79109,0.81377,0.79554,0.77137,0.76831,0.77201,0.78084,0.76337,0.80505,0.78613,0.74626,0.7251,0.72483,0.70075,0.68214,0.84191,0.81605,0.83226,0.81749,0.79222,0.78021,0.78465,0.80738,0.84287,0.77655,0.6843,0.79496,0.82186,0.81054,0.81433,0.79928,0.67754,0.70425,0.65536,0.77069,0.54353,0.67022,0.64639,0.70356,0.84977,0.84798,0.86946,0.8727,0.70436,0.86307,0.8528,0.8108,0.55762,0.73812,0.83042,0.82513,0.84252,0.79079,0.77615,0.75644,0.73826,0.69755,0.8271,0.75864,0.78933,0.76144,0.73948,0.74614,0.66511,0.65352,0.66063,0.59587,0.49681,0.076746,0.70341,0.74997,0.81377,0.78886,0.70929,0.65607,0.54478,0.53655
0.8533,0.81203,0.81366,0.8189,0.77912,0.73863,0.85525,0.81876,0.82814,0.74788,0.85391,0.81575,0.86515,0.86092,1,0.9157,0.83583,0.77031,0.79581,0.78757,0.7587,0.59156,0.86835,0.84047,0.82955,0.82119,0.80207,0.74504,0.87245,0.84838,0.82049,0.80033,0.81029,0.76878,0.76442,0.6625,0.81583,0.75804,0.84667,0.81051,0.80791,0.78342,0.75951,0.73938,0.7388,0.71503,0.76418,0.77873,0.72577,0.7044,0.71659,0.67729,0.67297,0.64367,0.82091,0.79906,0.81201,0.76883,0.74544,0.70115,0.77592,0.75631,0.87086,0.72539,0.71896,0.74389,0.77298,0.72535,0.73418,0.70577,0.66712,0.69147,0.63408,0.74135,0.50984,0.60224,0.6188,0.62526,0.80105,0.82809,0.85849,0.83623,0.83042,0.8389,0.87396,0.79908,0.69375,0.78639,0.83153,0.81499,0.76193,0.75514,0.68963,0.71791,0.71971,0.70198,0.81419,0.75814,0.72931,0.72037,0.65583,0.71246,0.5975,0.62386,0.64253,0.60482,0.47021,0.13619,0.65562,0.73841,0.75348,0.75411,0.62438,0.59811,0.50512,0.5025
0.81693,0.82587,0.75322,0.81205,0.78865,0.76356,0.81128,0.82442,0.82121,0.72963,0.81245,0.87211,0.83393,0.91574,0.9157,1,0.84268,0.79931,0.76824,0.78576,0.74712,0.6136,0.81149,0.81398,0.7683,0.79142,0.76085,0.71283,0.87872,0.8841,0.8118,0.79689,0.81369,0.78136,0.72919,0.65593,0.81006,0.79903,0.79345,0.80924,0.79407,0.80426,0.75338,0.73855,0.73674,0.73467,0.75968,0.77381,0.72994,0.70057,0.68838,0.65537,0.68115,0.64933,0.81332,0.78031,0.7976,0.78002,0.72491,0.69472,0.76369,0.7611,0.85458,0.76649,0.66061,0.73357,0.75082,0.73435,0.75381,0.71017,0.66174,0.69553,0.64583,0.7852,0.49735,0.68218,0.64531,0.66047,0.80352,0.8388,0.86269,0.85481,0.79531,0.89362,0.84065,0.81313,0.66897,0.79815,0.78392,0.80703,0.77861,0.74476,0.71434,0.7148,0.732,0.71453,0.8086,0.75608,0.74422,0.72536,0.70121,0.72009,0.6379,0.64959,0.66421,0.60611,0.44777,0.16763,0.6926,0.73386,0.75757,0.76211,0.66363,0.63556,0.55619,0.52449
0.87143,0.89565,0.77784,0.85161,0.77742,0.73686,0.83571,0.84114,0.79807,0.74238,0.85771,0.86889,0.86462,0.85551,0.83583,0.84268,1,0.9228,0.84416,0.8878,0.72542,0.5181,0.85296,0.86242,0.78229,0.85066,0.68157,0.69944,0.93744,0.934,0.84136,0.83457,0.90542,0.88805,0.7862,0.68815,0.84376,0.83764,0.79314,0.77428,0.82804,0.79134,0.80402,0.7978,0.80217,0.80197,0.80854,0.84896,0.79997,0.76945,0.71093,0.72694,0.66617,0.66642,0.79179,0.80002,0.9252,0.90539,0.81547,0.81923,0.77886,0.80228,0.90002,0.83836,0.61399,0.73848,0.83307,0.82941,0.88551,0.86456,0.61442,0.66242,0.63395,0.75082,0.56796,0.68912,0.67769,0.70596,0.95609,0.93681,0.95661,0.91446,0.73354,0.89361,0.82317,0.75356,0.56893,0.70844,0.78797,0.78922,0.82128,0.79261,0.73752,0.73627,0.74671,0.64794,0.83258,0.74286,0.7804,0.76803,0.70077,0.71698,0.6567,0.64475,0.64622,0.55354,0.49665,0.096217,0.69183,0.72743,0.82883,0.79646,0.70478,0.66831,0.51678,0.50556
0.82657,0.90268,0.72694,0.81206,0.78762,0.64508,0.78122,0.82066,0.79183,0.70586,0.81184,0.90487,0.85538,0.83038,0.77031,0.79931,0.9228,1,0.82379,0.87101,0.60821,0.38405,0.78344,0.81926,0.67215,0.78058,0.59243,0.56359,0.8855,0.94119,0.73166,0.77613,0.85732,0.8344,0.6879,0.55713,0.79324,0.85108,0.69161,0.73148,0.74498,0.73264,0.77837,0.79336,0.77968,0.79781,0.78146,0.81743,0.79891,0.77203,0.69861,0.75092,0.65124,0.66564,0.76517,0.77428,0.87983,0.91954,0.8352,0.84877,0.78198,0.82958,0.83183,0.86441,0.59323,0.74685,0.82209,0.84477,0.87,0.85881,0.47437,0.53738,0.49272,0.64761,0.45733,0.64085,0.53726,0.59794,0.93247,0.91858,0.91989,0.91484,0.65097,0.90676,0.80286,0.75133,0.48954,0.67378,0.76267,0.76249,0.79853,0.75191,0.69427,0.7019,0.67088,0.5595,0.77043,0.64567,0.74751,0.72147,0.66917,0.67486,0.59833,0.58036,0.54677,0.43055,0.43405,0.048033,0.62088,0.63248,0.80005,0.74524,0.69519,0.62202,0.44498,0.45831
0.93682,0.92753,0.92129,0.91843,0.84633,0.7255,0.91699,0.88731,0.86843,0.71646,0.83803,0.85991,0.87087,0.8238,0.79581,0.76824,0.84416,0.82379,1,0.95948,0.57359,0.41277,0.87518,0.85867,0.73025,0.84653,0.65898,0.71464,0.8543,0.84059,0.79148,0.83509,0.8929,0.8825,0.65927,0.55851,0.82812,0.83675,0.73993,0.75995,0.78731,0.74984,0.71301,0.73023,0.74737,0.75531,0.70021,0.77087,0.79699,0.74618,0.70373,0.74822,0.66551,0.6363,0.81535,0.82004,0.88569,0.86712,0.88328,0.86203,0.85853,0.83948,0.86678,0.81631,0.70516,0.80018,0.86179,0.84158,0.88361,0.88638,0.63096,0.61325,0.64862,0.70603,0.50061,0.60752,0.60322,0.70992,0.82109,0.78916,0.82534,0.8173,0.67097,0.80902,0.83475,0.75176,0.49618,0.63185,0.86132,0.80113,0.84217,0.84856,0.72142,0.79449,0.76664,0.70464,0.80692,0.76664,0.81447,0.80772,0.69524,0.78627,0.69697,0.67273,0.65286,0.55076,0.58436,0.13343,0.70093,0.74839,0.84072,0.81345,0.81098,0.69823,0.56119,0.47929
0.89498,0.95043,0.8611,0.91501,0.86977,0.74236,0.87195,0.87523,0.87173,0.72104,0.81264,0.87711,0.85749,0.84267,0.78757,0.78576,0.8878,0.87101,0.95948,1,0.62613,0.43952,0.86615,0.88517,0.72947,0.86479,0.64189,0.6878,0.8645,0.86708,0.81089,0.85814,0.93878,0.93977,0.71905,0.61111,0.81881,0.85444,0.72949,0.74576,0.7758,0.74949,0.72959,0.7487,0.78509,0.8008,0.71902,0.80084,0.81048,0.75693,0.68677,0.73413,0.6367,0.6192,0.79202,0.79328,0.91923,0.92755,0.88173,0.88999,0.83478,0.85206,0.86877,0.84692,0.67976,0.79103,0.89675,0.89969,0.94586,0.95749,0.58991,0.59654,0.63092,0.71644,0.51573,0.62321,0.6124,0.71897,0.8874,0.8341,0.87475,0.85513,0.65354,0.84123,0.82237,0.75068,0.47624,0.61593,0.83056,0.77646,0.85524,0.85676,0.75349,0.78527,0.76728,0.69659,0.8118,0.74658,0.8249,0.79038,0.72259,0.76783,0.69776,0.65922,0.6272,0.51993,0.57517,0.097483,0.71327,0.73238,0.86671,0.82032,0.80932,0.69443,0.54142,0.47214
0.62336,0.64243,0.60313,0.66387,0.66188,0.78028,0.63653,0.63107,0.62246,0.54113,0.64478,0.62356,0.60925,0.70398,0.7587,0.74712,0.72542,0.60821,0.57359,0.62613,1,0.85253,0.69574,0.70033,0.72436,0.68113,0.81767,0.74347,0.6859,0.69138,0.75248,0.67789,0.67314,0.67945,0.70505,0.66031,0.71949,0.65467,0.82499,0.76322,0.74211,0.76147,0.62213,0.58672,0.63218,0.59437,0.64394,0.64691,0.59968,0.59857,0.59839,0.53625,0.51615,0.49838,0.70321,0.64101,0.67156,0.63169,0.55295,0.53277,0.54717,0.53803,0.6559,0.53541,0.50933,0.55004,0.64204,0.60922,0.61283,0.58598,0.69594,0.71597,0.68897,0.72904,0.58947,0.62207,0.65466,0.60993,0.6791,0.68785,0.70987,0.67693,0.61944,0.70238,0.63702,0.61173,0.67075,0.70681,0.66426,0.64197,0.65879,0.64122,0.65227,0.58818,0.66078,0.69619,0.76096,0.71443,0.68098,0.64669,0.59725,0.58831,0.55025,0.57102,0.58392,0.66436,0.38449,0.12073,0.59274,0.6785,0.64592,0.70593,0.55156,0.58722,0.59408,0.50823
0.49259,0.44296,0.45739,0.47253,0.46156,0.73064,0.47893,0.44976,0.41827,0.31547,0.46479,0.42603,0.40805,0.54952,0.59156,0.6136,0.5181,0.38405,0.41277,0.43952,0.85253,1,0.48182,0.44724,0.54642,0.47039,0.72887,0.68977,0.53099,0.49985,0.64658,0.53639,0.51103,0.51811,0.56472,0.59573,0.58729,0.49343,0.7079,0.6921,0.66288,0.72275,0.44453,0.39608,0.45089,0.40977,0.44871,0.42804,0.45603,0.44933,0.51705,0.38189,0.40891,0.31151,0.58207,0.48115,0.51664,0.43556,0.43269,0.36373,0.46557,0.35032,0.51704,0.36259,0.48049,0.42471,0.46589,0.40337,0.44722,0.39685,0.75666,0.78558,0.76362,0.73265,0.60715,0.53159,0.69327,0.62586,0.43756,0.50015,0.47651,0.47584,0.54955,0.53274,0.48024,0.43808,0.6393,0.59559,0.51674,0.50109,0.54221,0.51863,0.60285,0.51609,0.58247,0.72392,0.64018,0.69995,0.61787,0.59292,0.58458,0.54503,0.55518,0.59027,0.63491,0.75544,0.39303,0.2211,0.56278,0.62834,0.48131,0.6275,0.48989,0.59035,0.67585,0.5126
0.87424,0.86663,0.93645,0.95471,0.84842,0.78155,0.93959,0.93321,0.87789,0.80341,0.82334,0.85176,0.86356,0.88041,0.86835,0.81149,0.85296,0.78344,0.87518,0.86615,0.69574,0.48182,1,0.96536,0.87218,0.90788,0.76014,0.80684,0.84407,0.8207,0.88395,0.90555,0.87642,0.87705,0.7834,0.66064,0.80363,0.7694,0.78632,0.74105,0.82082,0.76229,0.74802,0.7444,0.77117,0.75226,0.72885,0.79076,0.77438,0.74139,0.74656,0.74245,0.7047,0.68253,0.80952,0.81846,0.84973,0.81454,0.79334,0.77855,0.76983,0.78636,0.85366,0.76278,0.67919,0.77343,0.83979,0.8085,0.79793,0.8095,0.66799,0.65626,0.65013,0.71155,0.5276,0.58171,0.61185,0.67421,0.83764,0.80375,0.82773,0.80691,0.70539,0.76073,0.83674,0.76602,0.54879,0.67739,0.84923,0.81016,0.82314,0.80932,0.71951,0.75962,0.69809,0.63469,0.79148,0.72497,0.75152,0.74781,0.65859,0.73901,0.65017,0.65935,0.65634,0.5917,0.53616,0.088544,0.66441,0.72468,0.80927,0.76544,0.68968,0.62586,0.51345,0.47892
0.84582,0.88183,0.87417,0.95709,0.83763,0.76356,0.89579,0.93317,0.85994,0.83724,0.80571,0.86763,0.86497,0.89658,0.84047,0.81398,0.86242,0.81926,0.85867,0.88517,0.70033,0.44724,0.96536,1,0.85931,0.92963,0.72275,0.77635,0.83652,0.83473,0.85193,0.89324,0.89053,0.89503,0.82032,0.67745,0.80457,0.80394,0.77082,0.7377,0.79595,0.75428,0.7712,0.77608,0.80848,0.80155,0.75766,0.82756,0.79789,0.76821,0.73092,0.76171,0.69268,0.7015,0.80796,0.81546,0.86268,0.84995,0.80342,0.82036,0.76258,0.83632,0.83263,0.78357,0.66648,0.81658,0.87034,0.8663,0.82893,0.84676,0.59941,0.60824,0.57956,0.67786,0.48273,0.58579,0.57558,0.64967,0.87498,0.83289,0.86425,0.84242,0.69641,0.79582,0.83699,0.79697,0.53755,0.69515,0.82987,0.8147,0.83737,0.80905,0.73882,0.73324,0.68517,0.61011,0.79335,0.68902,0.76278,0.73179,0.67496,0.70927,0.64084,0.62201,0.61759,0.51832,0.5259,0.046277,0.6421,0.68982,0.82133,0.75756,0.68374,0.5996,0.47523,0.44705
0.78123,0.73008,0.78191,0.81739,0.69314,0.70407,0.79693,0.77753,0.753,0.68087,0.75234,0.71857,0.76734,0.77828,0.82955,0.7683,0.78229,0.67215,0.73025,0.72947,0.72436,0.54642,0.87218,0.85931,1,0.92184,0.80359,0.87465,0.76455,0.73357,0.81709,0.7803,0.76836,0.75459,0.8244,0.71007,0.72106,0.65445,0.74063,0.72044,0.77302,0.74984,0.72563,0.71272,0.71155,0.67705,0.71455,0.75621,0.69057,0.68628,0.72512,0.68263,0.68456,0.68448,0.75544,0.76566,0.77564,0.70442,0.67835,0.64973,0.67376,0.68923,0.78615,0.648,0.57844,0.69908,0.74885,0.69461,0.67498,0.6664,0.68779,0.66912,0.63545,0.69476,0.49595,0.57973,0.59466,0.59221,0.75914,0.76112,0.77166,0.75398,0.74103,0.71334,0.77448,0.73822,0.59063,0.72223,0.73592,0.75045,0.70935,0.69717,0.63066,0.62827,0.60152,0.57428,0.72189,0.66956,0.67364,0.69087,0.56696,0.62641,0.55738,0.57563,0.58358,0.56029,0.45103,0.058506,0.57458,0.6766,0.67426,0.67896,0.54889,0.5234,0.44624,0.45205
0.84462,0.84361,0.83585,0.90327,0.76818,0.72172,0.85877,0.85723,0.82441,0.76942,0.79633,0.81652,0.84111,0.83839,0.82119,0.79142,0.85066,0.78058,0.84653,0.86479,0.68113,0.47039,0.90788,0.92963,0.92184,1,0.71207,0.83624,0.83332,0.80914,0.85359,0.86638,0.88553,0.87848,0.83182,0.70671,0.78382,0.75315,0.73741,0.72452,0.79095,0.73735,0.76769,0.77163,0.78726,0.7788,0.75252,0.82089,0.78588,0.75868,0.7472,0.75037,0.6928,0.69968,0.78376,0.78825,0.85719,0.82618,0.8018,0.80249,0.77754,0.8135,0.8408,0.76469,0.63463,0.79735,0.86224,0.84068,0.81017,0.82085,0.64721,0.63941,0.61842,0.68963,0.48728,0.59943,0.60675,0.65129,0.84847,0.8342,0.85422,0.83696,0.73149,0.79533,0.81823,0.79195,0.51547,0.68209,0.78111,0.78737,0.79694,0.79876,0.7089,0.71083,0.66472,0.60441,0.76642,0.68111,0.74855,0.73672,0.65294,0.699,0.63337,0.61999,0.61557,0.5286,0.52338,0.064585,0.61183,0.69033,0.76935,0.72856,0.65277,0.57103,0.47797,0.43661
0.69161,0.68617,0.72437,0.72173,0.77312,0.83117,0.7058,0.69666,0.72628,0.56069,0.6172,0.63701,0.59627,0.71139,0.80207,0.76085,0.68157,0.59243,0.65898,0.64189,0.81767,0.72887,0.76014,0.72275,0.80359,0.71207,1,0.85343,0.6449,0.65368,0.73168,0.67635,0.64858,0.65325,0.68501,0.62003,0.71058,0.63962,0.78966,0.77376,0.71932,0.74799,0.66535,0.6472,0.65329,0.60484,0.65656,0.6635,0.64102,0.64052,0.70335,0.62459,0.68083,0.59281,0.78348,0.71884,0.70132,0.63681,0.59781,0.54483,0.59582,0.5423,0.68126,0.51359,0.55362,0.57928,0.65276,0.59904,0.59738,0.57491,0.70412,0.70918,0.65693,0.7235,0.48026,0.56795,0.58602,0.59872,0.6638,0.65284,0.66005,0.6607,0.66138,0.66209,0.66515,0.63544,0.70631,0.72978,0.76072,0.68991,0.67717,0.64683,0.5797,0.5898,0.60216,0.66482,0.74694,0.72066,0.6633,0.66399,0.53253,0.59366,0.53358,0.61174,0.61084,0.6753,0.35497,0.1721,0.60373,0.65687,0.65837,0.71769,0.5467,0.57235,0.59111,0.54491
0.75217,0.68472,0.78173,0.79128,0.68947,0.822,0.77682,0.74676,0.71665,0.62799,0.66745,0.64236,0.65015,0.7241,0.74504,0.71283,0.69944,0.56359,0.71464,0.6878,0.74347,0.68977,0.80684,0.77635,0.87465,0.83624,0.85343,1,0.71045,0.63718,0.80788,0.76621,0.72425,0.73663,0.73609,0.69142,0.71348,0.60134,0.76713,0.71294,0.78198,0.74493,0.62575,0.61701,0.63664,0.60563,0.60871,0.6482,0.6426,0.62793,0.70112,0.61067,0.66678,0.58028,0.74451,0.69124,0.73314,0.62908,0.64552,0.59573,0.65878,0.6119,0.71641,0.5772,0.58816,0.65303,0.68732,0.62322,0.62871,0.61781,0.78333,0.75634,0.76297,0.74206,0.57966,0.57336,0.67249,0.70231,0.64755,0.66471,0.65407,0.64792,0.69499,0.6188,0.67478,0.64039,0.61862,0.66529,0.73732,0.69977,0.70997,0.67293,0.64963,0.62371,0.64652,0.6555,0.74047,0.74089,0.70551,0.70562,0.61665,0.66517,0.66357,0.68564,0.71417,0.71279,0.55148,0.1871,0.66083,0.74077,0.67581,0.71052,0.58841,0.60725,0.61862,0.54959
0.89345,0.87354,0.80447,0.84083,0.75131,0.7104,0.86597,0.83871,0.80256,0.73999,0.8876,0.8814,0.91496,0.88139,0.87245,0.87872,0.93744,0.8855,0.8543,0.8645,0.6859,0.53099,0.84407,0.83652,0.76455,0.83332,0.6449,0.71045,1,0.94972,0.85312,0.8541,0.88678,0.85725,0.74176,0.6518,0.8721,0.84612,0.81083,0.80188,0.84472,0.80805,0.74323,0.73369,0.74122,0.74779,0.75637,0.78725,0.75779,0.71368,0.67993,0.67371,0.6465,0.62112,0.81385,0.79139,0.8748,0.84415,0.8172,0.78225,0.81085,0.79673,0.89585,0.82369,0.68558,0.75132,0.80344,0.78128,0.83824,0.80481,0.65641,0.68605,0.68304,0.76435,0.62668,0.69817,0.69428,0.73302,0.87695,0.89082,0.91685,0.87556,0.80102,0.89603,0.85337,0.7607,0.59447,0.72044,0.81395,0.80195,0.83881,0.78437,0.77812,0.77524,0.82392,0.72991,0.85502,0.7873,0.80543,0.77648,0.77236,0.78411,0.71858,0.68481,0.70461,0.60448,0.57125,0.13435,0.75384,0.81694,0.82744,0.81408,0.74797,0.71569,0.56568,0.57297
0.84952,0.8912,0.76637,0.83664,0.78796,0.69603,0.82562,0.84109,0.81618,0.7101,0.87968,0.92377,0.91024,0.90014,0.84838,0.8841,0.934,0.94119,0.84059,0.86708,0.69138,0.49985,0.8207,0.83473,0.73357,0.80914,0.65368,0.63718,0.94972,1,0.81039,0.82437,0.86099,0.83557,0.70423,0.58106,0.84937,0.88221,0.76267,0.80213,0.79675,0.80912,0.77348,0.76965,0.76049,0.77639,0.79233,0.81537,0.76939,0.73837,0.67757,0.70793,0.64511,0.65068,0.8149,0.80353,0.85015,0.86299,0.80294,0.7947,0.77617,0.80529,0.85762,0.83113,0.63129,0.74933,0.80812,0.80794,0.83364,0.80858,0.59014,0.63936,0.60101,0.74125,0.54858,0.7076,0.61277,0.6572,0.90419,0.91249,0.93722,0.91587,0.71401,0.94798,0.85399,0.79676,0.55674,0.74028,0.80339,0.8109,0.82446,0.7858,0.7437,0.74947,0.77217,0.66819,0.8331,0.7236,0.78955,0.76222,0.71832,0.73309,0.63846,0.62575,0.60853,0.53092,0.46438,0.06039,0.66718,0.72977,0.80613,0.79112,0.72847,0.66473,0.52007,0.54283
0.8088,0.79852,0.83445,0.86744,0.78757,0.84328,0.87517,0.8521,0.81923,0.72157,0.761,0.80442,0.77807,0.85326,0.82049,0.8118,0.84136,0.73166,0.79148,0.81089,0.75248,0.64658,0.88395,0.85193,0.81709,0.85359,0.73168,0.80788,0.85312,0.81039,1,0.96043,0.88481,0.90567,0.76014,0.7287,0.76496,0.70864,0.74138,0.68222,0.80815,0.77352,0.65643,0.64395,0.69372,0.67382,0.63766,0.69434,0.69224,0.63501,0.69503,0.61629,0.63294,0.55712,0.75739,0.69538,0.80366,0.76401,0.7322,0.70025,0.7524,0.7106,0.84514,0.76717,0.65605,0.7226,0.80207,0.7512,0.75789,0.76708,0.80337,0.79732,0.77368,0.81617,0.62552,0.6875,0.75659,0.80231,0.78766,0.77865,0.78375,0.76241,0.66919,0.74825,0.75049,0.68944,0.49657,0.61526,0.76176,0.71486,0.81143,0.78307,0.78629,0.77767,0.70855,0.69054,0.77439,0.7269,0.77638,0.73208,0.76504,0.78229,0.72002,0.72676,0.72193,0.6992,0.56079,0.12853,0.72185,0.72993,0.77014,0.76237,0.69558,0.66943,0.59052,0.55945
0.82582,0.84698,0.87038,0.9147,0.8297,0.81799,0.90063,0.90418,0.85986,0.75996,0.76857,0.84632,0.80544,0.87799,0.80033,0.79689,0.83457,0.77613,0.83509,0.85814,0.67789,0.53639,0.90555,0.89324,0.7803,0.86638,0.67635,0.76621,0.8541,0.82437,0.96043,1,0.90367,0.9336,0.73388,0.67818,0.76718,0.73639,0.71356,0.66184,0.77803,0.73368,0.65661,0.65837,0.70422,0.70177,0.63038,0.7079,0.71674,0.65539,0.6888,0.65386,0.63182,0.56738,0.76374,0.70818,0.81541,0.80223,0.77437,0.75705,0.76934,0.76126,0.84081,0.80166,0.6709,0.76307,0.82993,0.80416,0.78879,0.81272,0.72444,0.72268,0.70896,0.76475,0.58762,0.65373,0.70112,0.77874,0.81056,0.78642,0.7922,0.77543,0.64016,0.75494,0.7706,0.70306,0.44923,0.57676,0.78848,0.72624,0.83821,0.80607,0.79529,0.79931,0.70858,0.6665,0.76683,0.70636,0.78418,0.72792,0.76445,0.79895,0.72596,0.72923,0.7092,0.65573,0.58637,0.10172,0.72873,0.71775,0.80576,0.76204,0.73245,0.67597,0.56859,0.54335
0.88733,0.91469,0.83895,0.90486,0.8221,0.76904,0.87067,0.88184,0.85375,0.77858,0.80886,0.85848,0.8496,0.87258,0.81029,0.81369,0.90542,0.85732,0.8929,0.93878,0.67314,0.51103,0.87642,0.89053,0.76836,0.88553,0.64858,0.72425,0.88678,0.86099,0.88481,0.90367,1,0.97443,0.82946,0.74888,0.81622,0.82029,0.75288,0.73473,0.79224,0.76752,0.75868,0.76042,0.81518,0.81798,0.7497,0.81456,0.82527,0.76302,0.73413,0.73153,0.65465,0.64133,0.79785,0.7723,0.92863,0.91674,0.86858,0.8587,0.8623,0.85908,0.8897,0.87315,0.74521,0.82451,0.9056,0.89285,0.92689,0.92202,0.66664,0.69348,0.68618,0.76929,0.5552,0.67543,0.71106,0.77725,0.8927,0.87248,0.88622,0.87607,0.71348,0.83318,0.83529,0.74834,0.51935,0.64084,0.81361,0.77781,0.86183,0.842,0.80867,0.79361,0.73874,0.69414,0.82267,0.74793,0.8303,0.78894,0.79111,0.77393,0.74696,0.68906,0.70092,0.58231,0.59897,0.141,0.71362,0.73944,0.84048,0.80871,0.76137,0.69328,0.55453,0.4467
0.85821,0.90254,0.83878,0.91298,0.83926,0.80315,0.8697,0.88539,0.8498,0.75582,0.7706,0.84901,0.8093,0.85474,0.76878,0.78136,0.88805,0.8344,0.8825,0.93977,0.67945,0.51811,0.87705,0.89503,0.75459,0.87848,0.65325,0.73663,0.85725,0.83557,0.90567,0.9336,0.97443,1,0.78829,0.73185,0.78185,0.78522,0.71951,0.68317,0.77454,0.73953,0.70438,0.71137,0.77918,0.78366,0.68196,0.76981,0.78702,0.72305,0.70278,0.7003,0.63302,0.59353,0.77152,0.73296,0.90371,0.90159,0.8366,0.84227,0.82347,0.83041,0.86607,0.86744,0.69102,0.79426,0.89199,0.88613,0.90047,0.92192,0.66968,0.68687,0.69021,0.76975,0.55848,0.67395,0.7161,0.79917,0.8706,0.83207,0.85067,0.82911,0.65587,0.79699,0.78175,0.70464,0.47177,0.57606,0.7898,0.74463,0.86198,0.84209,0.80903,0.79458,0.72555,0.67535,0.80076,0.72803,0.8312,0.77248,0.78189,0.78106,0.75228,0.70471,0.6994,0.60231,0.61197,0.14404,0.73257,0.71428,0.84789,0.79834,0.77786,0.69671,0.56833,0.49377
0.7463,0.72315,0.66843,0.7602,0.61963,0.66995,0.70156,0.73069,0.6791,0.68721,0.68816,0.66729,0.72412,0.75691,0.76442,0.72919,0.7862,0.6879,0.65927,0.71905,0.70505,0.56472,0.7834,0.82032,0.8244,0.83182,0.68501,0.73609,0.74176,0.70423,0.76014,0.73388,0.82946,0.78829,1,0.85073,0.74212,0.6964,0.7291,0.70834,0.72033,0.71242,0.78552,0.75734,0.82223,0.78418,0.76573,0.79356,0.78351,0.76235,0.75773,0.71289,0.64179,0.65514,0.73188,0.73352,0.82578,0.77071,0.74566,0.73258,0.73471,0.74977,0.76376,0.69226,0.6805,0.76616,0.82403,0.79178,0.76268,0.72599,0.63562,0.6865,0.56131,0.66233,0.51158,0.57775,0.66954,0.64685,0.78424,0.78791,0.79481,0.78502,0.71931,0.70473,0.77532,0.72153,0.60466,0.70575,0.71311,0.76301,0.74433,0.73242,0.73582,0.65209,0.59387,0.59614,0.75476,0.67995,0.70658,0.6841,0.66748,0.60749,0.59362,0.56018,0.59316,0.52184,0.48191,0.049815,0.58216,0.66212,0.71173,0.70345,0.5523,0.55883,0.45575,0.33434
0.65757,0.62487,0.58647,0.66565,0.54783,0.69628,0.62781,0.64531,0.59268,0.61847,0.58245,0.56673,0.58557,0.65588,0.6625,0.65593,0.68815,0.55713,0.55851,0.61111,0.66031,0.59573,0.66064,0.67745,0.71007,0.70671,0.62003,0.69142,0.6518,0.58106,0.7287,0.67818,0.74888,0.73185,0.85073,1,0.65641,0.56715,0.64368,0.58739,0.64661,0.64053,0.64133,0.61908,0.69727,0.66376,0.60496,0.65319,0.65396,0.61327,0.65981,0.56069,0.55777,0.54393,0.61676,0.5862,0.72203,0.67125,0.63168,0.60171,0.65914,0.63993,0.67794,0.64829,0.63142,0.65644,0.69814,0.67014,0.65324,0.63882,0.69667,0.73019,0.61614,0.68063,0.50294,0.57987,0.7454,0.71441,0.64831,0.6636,0.64564,0.64149,0.62267,0.56969,0.62255,0.56399,0.51159,0.52873,0.61753,0.63816,0.6701,0.65512,0.69844,0.61537,0.55423,0.57645,0.68259,0.65065,0.66661,0.62924,0.65707,0.59612,0.61426,0.57685,0.62012,0.58357,0.45824,0.1634,0.60085,0.61374,0.64585,0.68134,0.53094,0.56048,0.50813,0.37217
0.85509,0.87079,0.79706,0.82794,0.7556,0.74065,0.82772,0.80772,0.7837,0.6912,0.79058,0.7986,0.82266,0.84631,0.81583,0.81006,0.84376,0.79324,0.82812,0.81881,0.71949,0.58729,0.80363,0.80457,0.72106,0.78382,0.71058,0.71348,0.8721,0.84937,0.76496,0.76718,0.81622,0.78185,0.74212,0.65641,1,0.93517,0.87341,0.8958,0.87063,0.81273,0.79463,0.77747,0.797,0.80034,0.80179,0.8235,0.83204,0.81669,0.74928,0.77151,0.69347,0.68106,0.86566,0.86391,0.85256,0.82696,0.84043,0.81477,0.79136,0.77204,0.80587,0.70402,0.68287,0.76375,0.82199,0.81015,0.8248,0.7867,0.70054,0.72642,0.66211,0.72022,0.63467,0.67058,0.70011,0.7391,0.82035,0.81036,0.84782,0.8366,0.73964,0.82096,0.84065,0.7796,0.6449,0.77029,0.87096,0.84881,0.87493,0.84726,0.8056,0.80735,0.82011,0.78806,0.89353,0.8555,0.83048,0.82089,0.76729,0.78595,0.68671,0.68048,0.68351,0.62541,0.51265,0.14648,0.72531,0.84242,0.85816,0.87926,0.77401,0.74907,0.59033,0.53338
0.81443,0.8942,0.74828,0.81667,0.77542,0.68832,0.77793,0.8002,0.77613,0.65354,0.76236,0.84027,0.82708,0.84139,0.75804,0.79903,0.83764,0.85108,0.83675,0.85444,0.65467,0.49343,0.7694,0.80394,0.65445,0.75315,0.63962,0.60134,0.84612,0.88221,0.70864,0.73639,0.82029,0.78522,0.6964,0.56715,0.93517,1,0.79753,0.86189,0.80431,0.79957,0.79093,0.78881,0.81669,0.83442,0.80466,0.83531,0.84524,0.82015,0.70868,0.77392,0.6647,0.67355,0.84106,0.8557,0.8472,0.86712,0.85479,0.85443,0.77402,0.79643,0.7818,0.73664,0.6503,0.77446,0.84954,0.8671,0.86513,0.83425,0.56661,0.6156,0.55057,0.66265,0.55811,0.65175,0.61332,0.68214,0.8459,0.81678,0.86379,0.86574,0.68157,0.86404,0.83629,0.80724,0.58754,0.75965,0.83356,0.83207,0.87137,0.84512,0.77947,0.77366,0.80656,0.73684,0.87023,0.79735,0.82539,0.80674,0.76075,0.76148,0.67983,0.64828,0.62609,0.53325,0.4961,0.13156,0.68834,0.7603,0.86675,0.85467,0.79288,0.72977,0.56423,0.47848
0.80379,0.7597,0.75115,0.75456,0.69875,0.74844,0.76861,0.73159,0.6922,0.63592,0.77023,0.70684,0.75347,0.78281,0.84667,0.79345,0.79314,0.69161,0.73993,0.72949,0.82499,0.7079,0.78632,0.77082,0.74063,0.73741,0.78966,0.76713,0.81083,0.76267,0.74138,0.71356,0.75288,0.71951,0.7291,0.64368,0.87341,0.79753,1,0.87803,0.86095,0.8133,0.72067,0.69532,0.71961,0.69981,0.74881,0.75118,0.73607,0.72916,0.70575,0.69108,0.65154,0.63124,0.85923,0.81322,0.7974,0.73154,0.74304,0.70102,0.72841,0.69403,0.77535,0.61189,0.68733,0.7104,0.75055,0.70779,0.71964,0.68328,0.66416,0.703,0.70235,0.72934,0.62181,0.59944,0.66921,0.67455,0.7479,0.7508,0.79311,0.77201,0.81012,0.76605,0.81084,0.73444,0.78683,0.80844,0.82234,0.79539,0.78371,0.74267,0.71735,0.69459,0.79667,0.78832,0.88327,0.85746,0.77992,0.78156,0.68869,0.71871,0.66416,0.66657,0.72063,0.68695,0.54027,0.23152,0.70993,0.81471,0.79334,0.80749,0.68845,0.71299,0.61792,0.53635
0.79738,0.79154,0.72453,0.74419,0.68966,0.68672,0.73351,0.72296,0.69126,0.58623,0.76293,0.73307,0.77065,0.79109,0.81051,0.80924,0.77428,0.73148,0.75995,0.74576,0.76322,0.6921,0.74105,0.7377,0.72044,0.72452,0.77376,0.71294,0.80188,0.80213,0.68222,0.66184,0.73473,0.68317,0.70834,0.58739,0.8958,0.86189,0.87803,1,0.8365,0.85568,0.79028,0.7736,0.76382,0.76239,0.8146,0.80304,0.79681,0.80303,0.74168,0.74887,0.66935,0.66632,0.85743,0.86472,0.79966,0.7612,0.77327,0.7273,0.73604,0.69693,0.76166,0.60308,0.66605,0.71746,0.75703,0.72853,0.75405,0.68682,0.64649,0.66815,0.61676,0.68151,0.54326,0.61319,0.60887,0.59665,0.76029,0.78429,0.80266,0.81842,0.79494,0.83635,0.82286,0.77253,0.74904,0.85133,0.81713,0.81085,0.75792,0.72626,0.66389,0.66226,0.74614,0.7878,0.85065,0.81755,0.73991,0.76098,0.62474,0.65548,0.57519,0.58335,0.62056,0.60899,0.42721,0.13689,0.60762,0.78578,0.73438,0.79158,0.64312,0.64122,0.57306,0.47926
0.82139,0.7912,0.78317,0.80392,0.69138,0.74886,0.81859,0.78789,0.71103,0.66108,0.77377,0.76828,0.78995,0.81377,0.80791,0.79407,0.82804,0.74498,0.78731,0.7758,0.74211,0.66288,0.82082,0.79595,0.77302,0.79095,0.71932,0.78198,0.84472,0.79675,0.80815,0.77803,0.79224,0.77454,0.72033,0.64661,0.87063,0.80431,0.86095,0.8365,1,0.87001,0.71445,0.69762,0.71141,0.70636,0.72264,0.74809,0.74857,0.73183,0.72441,0.69877,0.66322,0.62201,0.8026,0.79185,0.80969,0.75621,0.77287,0.746,0.76404,0.73482,0.80729,0.70837,0.65597,0.71546,0.76591,0.71879,0.75632,0.72788,0.73758,0.73091,0.75656,0.75562,0.65495,0.6487,0.69151,0.70303,0.77571,0.79113,0.79483,0.80335,0.7717,0.78732,0.79957,0.74793,0.64245,0.75288,0.78241,0.78772,0.77949,0.75247,0.72644,0.71086,0.74246,0.71544,0.81436,0.80898,0.77948,0.79293,0.71826,0.7488,0.69064,0.68961,0.73347,0.65246,0.55723,0.19492,0.67328,0.77263,0.76772,0.77753,0.67965,0.69588,0.61425,0.48476
0.77892,0.78172,0.7334,0.77608,0.68811,0.7421,0.76278,0.7645,0.68724,0.61329,0.74788,0.74182,0.75841,0.79554,0.78342,0.80426,0.79134,0.73264,0.74984,0.74949,0.76147,0.72275,0.76229,0.75428,0.74984,0.73735,0.74799,0.74493,0.80805,0.80912,0.77352,0.73368,0.76752,0.73953,0.71242,0.64053,0.81273,0.79957,0.8133,0.85568,0.87001,1,0.69997,0.65872,0.69143,0.67857,0.70859,0.71299,0.70334,0.68498,0.69058,0.65318,0.65065,0.60572,0.80163,0.76799,0.78595,0.74068,0.7291,0.68248,0.73259,0.71066,0.77169,0.68645,0.65546,0.7111,0.73698,0.69238,0.74117,0.68182,0.73814,0.74615,0.74774,0.8145,0.6678,0.70302,0.67976,0.68235,0.74058,0.77343,0.78056,0.78646,0.75958,0.81182,0.79533,0.75917,0.67565,0.79089,0.77134,0.78557,0.75229,0.73858,0.71868,0.70269,0.73026,0.74912,0.80114,0.76937,0.78347,0.77582,0.69724,0.72211,0.63985,0.65667,0.68323,0.65153,0.45973,0.16504,0.61958,0.70996,0.70045,0.78327,0.69109,0.69846,0.65804,0.43871
0.76524,0.78922,0.68474,0.75546,0.65842,0.64184,0.70755,0.74211,0.69059,0.68449,0.71465,0.73385,0.73796,0.77137,0.75951,0.75338,0.80402,0.77837,0.71301,0.72959,0.62213,0.44453,0.74802,0.7712,0.72563,0.76769,0.66535,0.62575,0.74323,0.77348,0.65643,0.65661,0.75868,0.70438,0.78552,0.64133,0.79463,0.79093,0.72067,0.79028,0.71445,0.69997,1,0.97155,0.95059,0.94019,0.96759,0.9673,0.92026,0.94471,0.85018,0.89492,0.76273,0.83983,0.79595,0.88785,0.84509,0.81965,0.80849,0.81817,0.74959,0.78788,0.7589,0.67041,0.61755,0.78354,0.83766,0.8398,0.77363,0.73374,0.54107,0.59349,0.4674,0.61655,0.42806,0.61014,0.58332,0.56143,0.85112,0.85462,0.86334,0.88546,0.68667,0.79213,0.80772,0.83587,0.5546,0.78284,0.73752,0.83698,0.76772,0.76755,0.64352,0.65282,0.58481,0.53962,0.8176,0.69967,0.71715,0.76262,0.58359,0.58319,0.50699,0.50993,0.53486,0.44648,0.34403,0.03993,0.51835,0.63466,0.76413,0.75137,0.55925,0.54335,0.42628,0.34232
