1,0.92452,0.73293,0.74451,0.67043,0.58697,0.77037,0.7311,0.57773,0.50518,0.77353,0.75091,0.87341,0.69047,0.83122,0.79916,0.8294,0.80524,0.86037,0.82301,0.32666,0.20095,0.71433,0.75999,0.68046,0.63522,0.74026,0.73903,0.71012,0.57122,0.35364,0.35521,0.42667,0.28164,0.51173,0.38451,0.69251,0.50348,0.53032,0.68253,0.42679,0.36965,0.74957,0.74159,0.74541,0.69887,0.77115,0.73978,0.72223,0.72507,0.74122,0.76317,0.74338,0.73775,0.81195,0.77767,0.94648,0.89746,0.72745,0.67839,0.78525,0.48407,0.85279,0.79409,0.67518,0.64041,0.6652,0.63421,0.73395,0.68642,0.50775,0.49736,0.28992,0.12751,0.28731,0.088525,0.33314,0.14054,0.71828,0.65345,0.85744,0.83488,0.77279,0.65471,0.90853,0.85756,0.72002,0.65112,0.81882,0.80573,0.23629,0.23156,0.23122,0.36793,0.28264,0.34491,0.72194,0.67121,0.52005,0.54991,0.17111,0.47962,0.40705,0.41009,0.61581,0.58436,0.33637,0.20354,0.29709,0.60613,0.29328,0.24546,0.19846,0.26175,0.33827,0.15222
0.92452,1,0.72346,0.69379,0.67411,0.62688,0.70991,0.65616,0.57538,0.48645,0.64898,0.72653,0.77093,0.62448,0.74376,0.74413,0.78193,0.80937,0.84498,0.88315,0.36293,0.23403,0.70008,0.71019,0.68495,0.663,0.75175,0.72095,0.63958,0.55938,0.43708,0.40657,0.49734,0.38553,0.56141,0.46535,0.66471,0.50751,0.49107,0.68365,0.43322,0.35853,0.77145,0.75984,0.77571,0.73303,0.76052,0.76516,0.73371,0.75,0.75651,0.76254,0.75271,0.73128,0.77085,0.74928,0.94965,0.94407,0.75017,0.70604,0.71445,0.4032,0.81644,0.83542,0.61937,0.58702,0.71898,0.69458,0.82229,0.80731,0.48723,0.45023,0.23579,0.11895,0.30565,0.15752,0.40906,0.23265,0.6996,0.63444,0.81597,0.83003,0.68496,0.63708,0.84556,0.85192,0.63134,0.6089,0.77439,0.78206,0.25819,0.28484,0.26737,0.41009,0.12861,0.28959,0.65632,0.60871,0.48475,0.51483,0.23731,0.50141,0.42225,0.43915,0.55795,0.55115,0.40561,0.23676,0.22569,0.50095,0.31466,0.25319,0.17481,0.27421,0.30398,0.092396
0.73293,0.72346,1,0.83143,0.89551,0.71189,0.91967,0.70033,0.83467,0.49945,0.50033,0.4532,0.66088,0.41778,0.72973,0.65407,0.49499,0.53843,0.82629,0.77416,0.51156,0.39318,0.91582,0.81171,0.84298,0.79056,0.82668,0.74045,0.44762,0.38331,0.69453,0.65193,0.75057,0.58065,0.80876,0.65045,0.71234,0.64346,0.60515,0.72817,0.50703,0.50631,0.72838,0.71414,0.73449,0.70718,0.67808,0.73855,0.66218,0.67762,0.77057,0.74011,0.71951,0.67277,0.72653,0.73199,0.6739,0.71126,0.84657,0.74147,0.8273,0.5191,0.66603,0.63919,0.84181,0.76941,0.88836,0.83995,0.54747,0.59406,0.55446,0.4003,0.39152,0.27021,0.48774,0.31127,0.5655,0.37646,0.38035,0.3638,0.49772,0.51364,0.48987,0.46258,0.74931,0.7396,0.50979,0.40829,0.78997,0.80031,0.4762,0.61166,0.52962,0.73431,0.12161,0.3221,0.6073,0.5457,0.54947,0.61874,0.3629,0.73482,0.54978,0.54292,0.67383,0.62693,0.53932,0.35907,0.19181,0.36582,0.37062,0.39813,0.33013,0.40143,0.434,-0.0010573
0.74451,0.69379,0.83143,1,0.79639,0.79592,0.8417,0.90336,0.74285,0.69301,0.50994,0.57718,0.64437,0.57083,0.6979,0.71623,0.55645,0.59935,0.77991,0.73558,0.51669,0.42279,0.77717,0.83865,0.75557,0.77553,0.7503,0.7509,0.47384,0.44162,0.52522,0.56864,0.63524,0.51184,0.66731,0.59118,0.6616,0.60106,0.54758,0.66504,0.44677,0.42876,0.65073,0.65579,0.67128,0.6541,0.59884,0.6483,0.58164,0.59919,0.69524,0.69497,0.66958,0.64153,0.72779,0.68933,0.70069,0.68532,0.74398,0.71408,0.77332,0.71862,0.66184,0.65032,0.77449,0.86368,0.78512,0.81174,0.54871,0.57649,0.55358,0.48641,0.34162,0.23991,0.33314,0.17673,0.42213,0.28919,0.46201,0.44125,0.574,0.59795,0.52537,0.50335,0.76823,0.78216,0.53867,0.46733,0.77112,0.82248,0.45161,0.42409,0.48017,0.53259,0.16263,0.19447,0.54044,0.47283,0.48449,0.4995,0.35067,0.57364,0.45159,0.44355,0.60431,0.54243,0.42156,0.22169,0.2014,0.39064,0.27094,0.25653,0.28882,0.31501,0.38777,-0.0044203
0.67043,0.67411,0.89551,0.79639,1,0.79548,0.83879,0.67088,0.92503,0.62506,0.46089,0.41044,0.60885,0.39454,0.70467,0.60888,0.44003,0.51539,0.72453,0.6891,0.51828,0.43214,0.85336,0.77595,0.79463,0.75534,0.85248,0.76719,0.35903,0.31246,0.59374,0.54891,0.65605,0.49271,0.75526,0.6468,0.63696,0.62818,0.5773,0.70567,0.44491,0.42417,0.64348,0.65132,0.67242,0.64371,0.59583,0.68394,0.59245,0.61625,0.71632,0.69426,0.66429,0.6292,0.67152,0.69362,0.62191,0.65377,0.79745,0.72771,0.76877,0.5107,0.60978,0.61577,0.81331,0.77162,0.82547,0.79428,0.49675,0.57832,0.45666,0.33722,0.3488,0.25709,0.45408,0.2928,0.53649,0.37137,0.34597,0.33263,0.42492,0.4649,0.43596,0.40759,0.71917,0.71032,0.54306,0.45064,0.79743,0.81115,0.42867,0.58714,0.47435,0.70433,0.11811,0.23369,0.52089,0.46945,0.46832,0.57195,0.37687,0.73774,0.52809,0.52217,0.58106,0.61484,0.49843,0.33385,0.15408,0.28468,0.3827,0.38002,0.35054,0.36359,0.38857,-0.024269
0.58697,0.62688,0.71189,0.79592,0.79548,1,0.6946,0.73328,0.7191,0.76606,0.3528,0.46017,0.49965,0.47704,0.59531,0.59643,0.39148,0.51117,0.62919,0.63308,0.58802,0.55901,0.67749,0.69801,0.70512,0.77218,0.74719,0.75022,0.2938,0.3414,0.5233,0.54024,0.59061,0.49578,0.66273,0.66685,0.5565,0.59504,0.5049,0.65879,0.36605,0.3421,0.62481,0.63836,0.62282,0.64142,0.55898,0.65082,0.55697,0.59605,0.67652,0.65236,0.64041,0.60429,0.62758,0.63057,0.59023,0.61419,0.75561,0.73885,0.66745,0.58951,0.56029,0.58749,0.65133,0.79012,0.77772,0.8211,0.56436,0.60998,0.37331,0.30697,0.19217,0.14687,0.26804,0.19375,0.45387,0.36075,0.36096,0.35931,0.41916,0.47846,0.40804,0.37909,0.63929,0.68009,0.49629,0.40798,0.69049,0.74171,0.37338,0.43398,0.43993,0.50401,0.080383,0.18703,0.38392,0.35673,0.3795,0.444,0.41237,0.57447,0.42267,0.39289,0.4438,0.46355,0.42822,0.19762,0.15608,0.22172,0.26223,0.24647,0.32105,0.27944,0.30056,-0.091839
0.77037,0.70991,0.91967,0.8417,0.83879,0.6946,1,0.78895,0.80698,0.54333,0.63005,0.54415,0.76408,0.54489,0.74903,0.68233,0.55851,0.58706,0.78662,0.73524,0.47723,0.33632,0.83693,0.77629,0.78336,0.7355,0.79004,0.74054,0.52993,0.42173,0.54945,0.53516,0.63506,0.43918,0.68513,0.55241,0.68001,0.57048,0.56075,0.66585,0.43937,0.43921,0.66894,0.66442,0.67398,0.64326,0.63207,0.67565,0.5958,0.618,0.69667,0.69787,0.69512,0.67486,0.73004,0.70986,0.68224,0.70317,0.77676,0.69664,0.87654,0.58857,0.6916,0.64112,0.81858,0.80652,0.81026,0.76347,0.51288,0.56287,0.5524,0.44963,0.354,0.20601,0.38046,0.21538,0.4767,0.26611,0.44441,0.42551,0.56064,0.56424,0.55062,0.45646,0.78512,0.74319,0.52318,0.41972,0.80239,0.78135,0.42387,0.50595,0.45881,0.64627,0.1504,0.29649,0.58016,0.51837,0.51073,0.56818,0.31082,0.68456,0.47908,0.47206,0.61858,0.58068,0.47738,0.28488,0.16788,0.39245,0.31469,0.33349,0.30817,0.31106,0.3689,0.073217
0.7311,0.65616,0.70033,0.90336,0.67088,0.73328,0.78895,1,0.62724,0.72634,0.60939,0.72098,0.7111,0.70731,0.67572,0.72647,0.63285,0.66296,0.72455,0.66154,0.49933,0.42466,0.59793,0.68896,0.5891,0.65593,0.62347,0.61754,0.59851,0.57957,0.45004,0.51296,0.56342,0.48602,0.54853,0.53085,0.65555,0.55178,0.51747,0.5623,0.42976,0.39884,0.58677,0.60242,0.60351,0.60987,0.59557,0.61377,0.54027,0.5767,0.62822,0.64674,0.63187,0.61188,0.70887,0.65145,0.69615,0.65232,0.68665,0.70197,0.76032,0.78266,0.72553,0.70981,0.59729,0.76338,0.64046,0.69951,0.51423,0.54651,0.60843,0.60078,0.38723,0.30113,0.31105,0.18093,0.41266,0.30609,0.56929,0.54895,0.63919,0.64607,0.56574,0.4884,0.73605,0.73885,0.56245,0.43985,0.71409,0.74977,0.42411,0.31083,0.38829,0.39187,0.2139,0.22269,0.54301,0.51097,0.50545,0.5017,0.40167,0.4734,0.46172,0.46564,0.55283,0.51138,0.36958,0.22235,0.27138,0.45843,0.29512,0.23489,0.29627,0.24805,0.33813,0.10212
0.57773,0.57538,0.83467,0.74285,0.92503,0.7191,0.80698,0.62724,1,0.62356,0.42463,0.34146,0.54786,0.38052,0.6151,0.56867,0.3551,0.45372,0.66371,0.62828,0.47493,0.38891,0.76821,0.68597,0.71632,0.65194,0.73695,0.67636,0.31693,0.29381,0.55041,0.50829,0.63922,0.47987,0.68491,0.58663,0.54454,0.52441,0.47606,0.59776,0.36979,0.36705,0.60745,0.61417,0.59824,0.58548,0.5146,0.61894,0.52518,0.53203,0.59835,0.58905,0.54893,0.5205,0.55915,0.60303,0.53872,0.55473,0.69904,0.60561,0.70096,0.45616,0.53258,0.51987,0.72849,0.67842,0.74461,0.70749,0.45068,0.5248,0.46231,0.33973,0.342,0.21679,0.42349,0.30733,0.49473,0.34761,0.29831,0.2841,0.36622,0.40494,0.36087,0.40298,0.61833,0.61669,0.3843,0.39741,0.68533,0.69408,0.33563,0.53096,0.42749,0.68991,0.089797,0.15258,0.41998,0.36715,0.3549,0.47088,0.34622,0.70314,0.44977,0.44409,0.49938,0.51472,0.43727,0.21258,0.046614,0.21729,0.29306,0.27979,0.28039,0.36467,0.33251,0.011034
0.50518,0.48645,0.49945,0.69301,0.62506,0.76606,0.54333,0.72634,0.62356,1,0.40355,0.46571,0.44727,0.50134,0.43922,0.49655,0.34366,0.40733,0.51717,0.48202,0.34169,0.33864,0.4181,0.47381,0.38538,0.42417,0.48655,0.44437,0.28353,0.2645,0.23835,0.26146,0.38388,0.31652,0.45364,0.50328,0.42232,0.435,0.29798,0.40367,0.18003,0.17783,0.48482,0.50333,0.50261,0.53797,0.46882,0.5157,0.45613,0.49273,0.50954,0.51906,0.5069,0.50637,0.51046,0.51207,0.50325,0.4612,0.57731,0.61604,0.54061,0.63011,0.46592,0.46717,0.40447,0.58144,0.49501,0.56293,0.39769,0.45157,0.34726,0.30691,0.20783,0.11204,0.25392,0.14033,0.30491,0.23045,0.29804,0.27945,0.36758,0.40624,0.31071,0.3001,0.48681,0.52947,0.35914,0.36089,0.50848,0.6084,0.27569,0.28781,0.24426,0.30632,0.21802,0.094784,0.28548,0.29918,0.32303,0.38741,0.36475,0.42903,0.33511,0.3112,0.26626,0.25905,0.23919,0.11784,0.071119,0.23365,0.19489,0.16474,0.24653,0.18353,0.17569,-0.10478
0.77353,0.64898,0.50033,0.50994,0.46089,0.3528,0.63005,0.60939,0.42463,0.40355,1,0.73733,0.91035,0.68596,0.74336,0.72621,0.83095,0.73978,0.67845,0.59993,0.26568,0.10508,0.46288,0.49052,0.3875,0.36312,0.51172,0.50791,0.79005,0.63275,0.16228,0.17523,0.22843,0.15197,0.30378,0.23628,0.56645,0.33684,0.39382,0.40313,0.37261,0.24848,0.52178,0.54372,0.50612,0.4726,0.59576,0.54681,0.48577,0.50496,0.45903,0.50285,0.54398,0.53559,0.65033,0.59135,0.70124,0.61425,0.43829,0.39762,0.64169,0.38451,0.76856,0.60245,0.42316,0.4033,0.33157,0.30971,0.44717,0.40456,0.50466,0.56295,0.40514,0.20161,0.27798,0.13201,0.2651,0.079164,0.72857,0.67578,0.75297,0.68157,0.6953,0.50465,0.67041,0.55668,0.5575,0.42075,0.64694,0.5444,0.17023,0.11212,0.048942,0.1774,0.27604,0.29198,0.60628,0.5698,0.4277,0.48246,0.082885,0.26503,0.32361,0.32111,0.47625,0.49016,0.14895,0.21276,0.32621,0.57685,0.3318,0.26623,0.17031,0.11515,0.19887,0.34495
0.75091,0.72653,0.4532,0.57718,0.41044,0.46017,0.54415,0.72098,0.34146,0.46571,0.73733,1,0.78102,0.86399,0.62117,0.73079,0.77133,0.79447,0.61797,0.63204,0.32742,0.22726,0.4121,0.54146,0.36878,0.44221,0.48902,0.49515,0.72967,0.70433,0.24808,0.30975,0.26331,0.23897,0.26799,0.26746,0.54257,0.38222,0.34037,0.41569,0.33552,0.281,0.48174,0.50526,0.48727,0.46256,0.54213,0.51773,0.46491,0.48107,0.51161,0.53084,0.56746,0.58259,0.64957,0.56183,0.76053,0.69515,0.43941,0.47238,0.53256,0.41241,0.75701,0.72952,0.31773,0.41974,0.38918,0.41712,0.59643,0.5862,0.49366,0.58573,0.2816,0.21723,0.11987,0.091221,0.24983,0.13231,0.73013,0.71093,0.78825,0.80982,0.6843,0.56308,0.72188,0.72857,0.61329,0.5534,0.62074,0.61491,0.20604,0.025341,0.15036,0.11074,0.23793,0.28394,0.4826,0.49202,0.35318,0.33775,0.25675,0.23328,0.31091,0.30907,0.43694,0.40843,0.15783,0.11394,0.27262,0.47552,0.18383,0.090951,0.092147,0.13335,0.14461,0.21871
0.87341,0.77093,0.66088,0.64437,0.60885,0.49965,0.76408,0.7111,0.54786,0.44727,0.91035,0.78102,1,0.77729,0.85723,0.84118,0.82343,0.78139,0.75485,0.68725,0.35697,0.19303,0.64714,0.67856,0.57249,0.53486,0.65553,0.66993,0.80349,0.653,0.30228,0.31769,0.32609,0.19506,0.40491,0.31497,0.65112,0.43176,0.49372,0.56227,0.44594,0.31458,0.65278,0.67519,0.63794,0.60326,0.68291,0.66359,0.60961,0.63163,0.60733,0.64799,0.63698,0.64201,0.75474,0.7093,0.80405,0.75766,0.6145,0.56391,0.76249,0.4512,0.83237,0.71106,0.58295,0.56773,0.53511,0.50194,0.56396,0.52709,0.5425,0.57207,0.33876,0.16401,0.24947,0.12126,0.29593,0.088868,0.71851,0.68341,0.81245,0.77741,0.78241,0.61686,0.82417,0.74551,0.6629,0.55315,0.78489,0.69395,0.16898,0.15895,0.12285,0.27808,0.2509,0.345,0.63959,0.58959,0.4348,0.49027,0.12645,0.37073,0.36092,0.32371,0.55191,0.54367,0.24671,0.184,0.26746,0.56911,0.27723,0.21664,0.1639,0.19489,0.25495,0.26769
0.69047,0.62448,0.41778,0.57083,0.39454,0.47704,0.54489,0.70731,0.38052,0.50134,0.68596,0.86399,0.77729,1,0.64151,0.77583,0.64751,0.66233,0.53883,0.51818,0.29455,0.2179,0.41295,0.55704,0.3925,0.44587,0.45722,0.51775,0.67294,0.61622,0.18836,0.28822,0.17356,0.10692,0.1963,0.20488,0.45472,0.33195,0.27801,0.40248,0.27865,0.25328,0.49184,0.52297,0.44706,0.44735,0.5,0.49188,0.45127,0.44025,0.47183,0.49272,0.49247,0.52543,0.62424,0.54503,0.6829,0.6022,0.40817,0.42072,0.49851,0.37213,0.63133,0.56846,0.31662,0.46118,0.37084,0.39951,0.52995,0.48822,0.46535,0.55139,0.21953,0.14244,0.041884,0.061795,0.16702,0.057346,0.60491,0.6199,0.68743,0.71739,0.66416,0.57341,0.67407,0.6933,0.51129,0.5378,0.58067,0.55862,0.095687,-0.036835,0.10245,0.063021,0.23707,0.30791,0.38075,0.39289,0.24804,0.23819,0.21543,0.21384,0.25692,0.17831,0.37668,0.36602,0.11862,-0.024111,0.13865,0.3683,0.033754,-0.040322,0.055289,0.18779,0.19038,0.18669
0.83122,0.74376,0.72973,0.6979,0.70467,0.59531,0.74903,0.67572,0.6151,0.43922,0.74336,0.62117,0.85723,0.64151,1,0.88259,0.73652,0.72739,0.78046,0.72385,0.48561,0.3378,0.76907,0.79572,0.72256,0.71419,0.77452,0.78295,0.7146,0.61375,0.47333,0.45535,0.46335,0.31182,0.50032,0.37536,0.72303,0.52094,0.63599,0.70618,0.59649,0.44574,0.6456,0.6535,0.64194,0.61122,0.70144,0.67517,0.60818,0.64175,0.6511,0.68142,0.63088,0.61799,0.77722,0.73345,0.7559,0.72929,0.67249,0.57746,0.71768,0.42709,0.75429,0.6603,0.69471,0.65898,0.64504,0.61651,0.61588,0.56496,0.5583,0.53816,0.37744,0.21898,0.32481,0.19348,0.3331,0.13725,0.64914,0.60919,0.73603,0.70323,0.81001,0.67202,0.82336,0.76352,0.68091,0.57528,0.79181,0.72343,0.22252,0.23688,0.21344,0.34644,0.22795,0.39465,0.69663,0.63334,0.45905,0.51789,0.1101,0.42796,0.41043,0.35926,0.63783,0.64964,0.36472,0.2874,0.33554,0.57101,0.34362,0.27948,0.20879,0.20828,0.31235,0.28013
0.79916,0.74413,0.65407,0.71623,0.60888,0.59643,0.68233,0.72647,0.56867,0.49655,0.72621,0.73079,0.84118,0.77583,0.88259,1,0.75822,0.77872,0.75517,0.71673,0.48784,0.41459,0.67928,0.78278,0.64756,0.66759,0.66814,0.72273,0.79616,0.74186,0.46964,0.52891,0.42593,0.32697,0.4135,0.33529,0.63745,0.42906,0.54037,0.63359,0.50418,0.42884,0.65105,0.65886,0.60115,0.57828,0.63268,0.6184,0.55676,0.55215,0.55676,0.57147,0.55293,0.56817,0.69982,0.65075,0.76539,0.70916,0.56687,0.48712,0.62625,0.43425,0.74565,0.64059,0.57597,0.59374,0.57259,0.57024,0.61303,0.56259,0.56256,0.63886,0.33024,0.21728,0.20139,0.1962,0.25177,0.10557,0.71705,0.70039,0.79757,0.78472,0.84412,0.80525,0.7782,0.75365,0.63154,0.62682,0.69716,0.65468,0.12408,0.080991,0.17005,0.22795,0.22187,0.35714,0.5795,0.53946,0.31572,0.34175,0.13018,0.31901,0.30949,0.27324,0.55301,0.54134,0.23726,0.14155,0.26541,0.53639,0.17522,0.071676,0.059635,0.16037,0.21831,0.33396
0.8294,0.78193,0.49499,0.55645,0.44003,0.39148,0.55851,0.63285,0.3551,0.34366,0.83095,0.77133,0.82343,0.64751,0.73652,0.75822,1,0.92277,0.74212,0.72709,0.32994,0.21249,0.46006,0.53832,0.44992,0.46959,0.54399,0.56888,0.88341,0.80622,0.32732,0.36154,0.37307,0.32109,0.36756,0.30424,0.65218,0.42343,0.47817,0.52214,0.48557,0.346,0.57306,0.58497,0.59666,0.54885,0.63834,0.58899,0.54329,0.56558,0.5262,0.5665,0.58275,0.59763,0.6796,0.62012,0.84049,0.75784,0.49593,0.43672,0.59297,0.38963,0.87235,0.78233,0.4014,0.38991,0.42241,0.42761,0.62546,0.55486,0.58915,0.69154,0.39657,0.3014,0.29396,0.19756,0.33164,0.19322,0.89645,0.85807,0.92186,0.87463,0.778,0.66002,0.74065,0.67837,0.64153,0.51579,0.65038,0.58748,0.21039,0.065883,0.11958,0.13904,0.28688,0.30497,0.66728,0.62116,0.45647,0.43928,0.13852,0.21532,0.34832,0.37713,0.53078,0.55013,0.22948,0.24928,0.36513,0.68014,0.32843,0.23478,0.096409,0.12014,0.20936,0.37975
0.80524,0.80937,0.53843,0.59935,0.51539,0.51117,0.58706,0.66296,0.45372,0.40733,0.73978,0.79447,0.78139,0.66233,0.72739,0.77872,0.92277,1,0.74648,0.77129,0.43964,0.33739,0.50937,0.5993,0.50465,0.5501,0.59412,0.63121,0.84285,0.84976,0.40558,0.43919,0.45182,0.41331,0.41048,0.39951,0.64673,0.46858,0.47569,0.56044,0.47678,0.37553,0.60955,0.62451,0.61664,0.59373,0.65946,0.63938,0.57744,0.59865,0.56469,0.58724,0.6239,0.61213,0.69171,0.64893,0.83704,0.79789,0.54716,0.48156,0.58596,0.37908,0.86139,0.83582,0.42545,0.43449,0.51041,0.51912,0.68403,0.64062,0.57554,0.6858,0.37257,0.31426,0.29367,0.25308,0.39501,0.26388,0.90644,0.88378,0.89714,0.90921,0.75634,0.68284,0.76524,0.73848,0.64107,0.55739,0.66947,0.62881,0.22712,0.10509,0.17702,0.19849,0.1927,0.23477,0.59054,0.55157,0.41721,0.4114,0.20658,0.29372,0.36361,0.4106,0.53474,0.55316,0.26477,0.22057,0.28523,0.56171,0.28449,0.17671,0.070468,0.14923,0.21124,0.36437
0.86037,0.84498,0.82629,0.77991,0.72453,0.62919,0.78662,0.72455,0.66371,0.51717,0.67845,0.61797,0.75485,0.53883,0.78046,0.75517,0.74212,0.74648,1,0.9346,0.45667,0.33897,0.76287,0.74495,0.70742,0.695,0.74357,0.6918,0.64659,0.58971,0.5602,0.55943,0.69112,0.59811,0.67322,0.56568,0.71338,0.59136,0.59009,0.69283,0.53603,0.5069,0.75375,0.74944,0.73913,0.7236,0.74441,0.74256,0.67322,0.69953,0.72575,0.70467,0.70849,0.68061,0.74378,0.70628,0.82965,0.78648,0.7527,0.65411,0.74776,0.5138,0.82589,0.76367,0.67997,0.65296,0.73864,0.74092,0.7116,0.6914,0.6016,0.51168,0.44736,0.31753,0.52301,0.30768,0.55453,0.37491,0.62678,0.56021,0.71246,0.695,0.61841,0.61365,0.7555,0.74191,0.53694,0.47153,0.72551,0.72588,0.39688,0.41997,0.39513,0.53486,0.1878,0.30215,0.7122,0.64108,0.59046,0.60297,0.27925,0.55688,0.53201,0.52183,0.66483,0.59427,0.45921,0.33881,0.29214,0.5499,0.43413,0.37329,0.30962,0.29589,0.38282,0.085396
0.82301,0.88315,0.77416,0.73558,0.6891,0.63308,0.73524,0.66154,0.62828,0.48202,0.59993,0.63204,0.68725,0.51818,0.72385,0.71673,0.72709,0.77129,0.9346,1,0.46246,0.33631,0.72253,0.71105,0.71041,0.70207,0.7323,0.7029,0.60151,0.59619,0.56573,0.55952,0.69004,0.62099,0.67506,0.56024,0.68026,0.56566,0.54638,0.67313,0.55114,0.48699,0.71463,0.70437,0.71742,0.69367,0.68662,0.69593,0.63906,0.66736,0.70128,0.678,0.6937,0.66554,0.69455,0.6548,0.83232,0.81309,0.72517,0.62853,0.67682,0.43524,0.78593,0.78291,0.6409,0.61622,0.75095,0.73533,0.79804,0.80311,0.58123,0.48354,0.37336,0.28227,0.47485,0.31145,0.54348,0.38966,0.63968,0.5808,0.71184,0.73045,0.58068,0.61993,0.7389,0.74964,0.48366,0.47205,0.70288,0.70341,0.38199,0.3895,0.39475,0.52758,0.10667,0.23891,0.62852,0.56051,0.50631,0.51364,0.2802,0.56232,0.47624,0.49414,0.5957,0.55538,0.45993,0.31595,0.25644,0.49447,0.39426,0.32666,0.22981,0.2829,0.32553,0.074862
0.32666,0.36293,0.51156,0.51669,0.51828,0.58802,0.47723,0.49933,0.47493,0.34169,0.26568,0.32742,0.35697,0.29455,0.48561,0.48784,0.32994,0.43964,0.45667,0.46246,1,0.84646,0.53008,0.53349,0.61396,0.66356,0.56525,0.56193,0.37901,0.46396,0.56077,0.56218,0.5242,0.4866,0.51546,0.47041,0.52235,0.44893,0.49916,0.5016,0.44758,0.35598,0.38257,0.4101,0.38558,0.40299,0.36437,0.44231,0.30779,0.35998,0.41929,0.40235,0.35433,0.31923,0.39849,0.39546,0.29167,0.34102,0.46368,0.37667,0.3573,0.27998,0.36894,0.38431,0.44755,0.49239,0.57088,0.57409,0.38842,0.4208,0.40513,0.38599,0.27397,0.33407,0.21598,0.2998,0.29913,0.222,0.3632,0.40311,0.36128,0.40416,0.41526,0.39572,0.43135,0.45532,0.35012,0.28079,0.43682,0.42087,0.22631,0.23418,0.28935,0.29703,0.03344,0.26559,0.27392,0.26415,0.19681,0.27029,0.1547,0.3144,0.24409,0.26947,0.38504,0.38279,0.18097,0.10069,0.24873,0.20717,0.2159,0.18738,0.17364,0.18081,0.25788,0.24459
0.20095,0.23403,0.39318,0.42279,0.43214,0.55901,0.33632,0.42466,0.38891,0.33864,0.10508,0.22726,0.19303,0.2179,0.3378,0.41459,0.21249,0.33739,0.33897,0.33631,0.84646,1,0.38344,0.43075,0.46033,0.58132,0.40975,0.45329,0.2903,0.43458,0.54203,0.59636,0.47672,0.47212,0.40816,0.4061,0.42148,0.40798,0.48747,0.47048,0.33867,0.42435,0.3034,0.31469,0.28054,0.3146,0.26246,0.33568,0.21844,0.25956,0.32277,0.29714,0.26676,0.23804,0.29535,0.30799,0.17321,0.22185,0.34665,0.27166,0.23071,0.22693,0.25193,0.28512,0.30411,0.3881,0.44795,0.46698,0.30265,0.33246,0.30818,0.35323,0.19513,0.34742,0.16563,0.32678,0.26605,0.26001,0.2679,0.30402,0.2436,0.29964,0.35003,0.39512,0.29126,0.34724,0.31064,0.31577,0.31979,0.34242,0.15949,0.17608,0.25202,0.2179,0.076588,0.26268,0.20573,0.22492,0.1313,0.16857,0.1966,0.28061,0.2221,0.25449,0.33243,0.33978,0.16771,0.10204,0.20955,0.17058,0.14423,0.07447,0.10655,0.15499,0.2425,0.17675
0.71433,0.70008,0.91582,0.77717,0.85336,0.67749,0.83693,0.59793,0.76821,0.4181,0.46288,0.4121,0.64714,0.41295,0.76907,0.67928,0.46006,0.50937,0.76287,0.72253,0.53008,0.38344,1,0.91646,0.90762,0.83569,0.869,0.82125,0.40567,0.32925,0.63124,0.59787,0.61279,0.42476,0.73854,0.53945,0.67165,0.5819,0.5596,0.72878,0.49683,0.48912,0.70902,0.70474,0.70621,0.66642,0.65878,0.71243,0.63407,0.64215,0.74719,0.7134,0.69045,0.65021,0.71547,0.72215,0.63821,0.69753,0.74843,0.64604,0.71757,0.36661,0.586,0.5634,0.8928,0.76658,0.8785,0.80498,0.53768,0.54876,0.4552,0.31494,0.29551,0.18339,0.38464,0.22097,0.41186,0.22013,0.34114,0.32916,0.4962,0.52406,0.54802,0.52258,0.79392,0.7795,0.56342,0.47821,0.77779,0.77509,0.36806,0.49076,0.45628,0.64635,0.085899,0.34082,0.55547,0.48562,0.45634,0.51958,0.21159,0.64654,0.44216,0.40386,0.65506,0.58282,0.44335,0.23242,0.14361,0.30232,0.26774,0.29265,0.26165,0.3795,0.40764,-0.01539
0.75999,0.71019,0.81171,0.83865,0.77595,0.69801,0.77629,0.68896,0.68597,0.47381,0.49052,0.54146,0.67856,0.55704,0.79572,0.78278,0.53832,0.5993,0.74495,0.71105,0.53349,0.43075,0.91646,1,0.86578,0.84833,0.84585,0.87671,0.48515,0.42073,0.53403,0.56925,0.50455,0.33792,0.6055,0.46374,0.64595,0.54165,0.53593,0.72188,0.47909,0.47974,0.65717,0.6623,0.65122,0.60675,0.61925,0.65427,0.58917,0.57917,0.71143,0.6871,0.65202,0.6429,0.74303,0.72522,0.6818,0.69814,0.66844,0.5828,0.66337,0.40233,0.60909,0.58335,0.8301,0.79101,0.80019,0.75984,0.57051,0.54917,0.44349,0.3821,0.26775,0.17589,0.24112,0.13417,0.26659,0.11076,0.43871,0.42171,0.58709,0.61998,0.66418,0.61806,0.84099,0.84379,0.64157,0.59745,0.78918,0.80562,0.29591,0.30886,0.37608,0.47127,0.17453,0.35649,0.52025,0.49016,0.37997,0.4118,0.17144,0.52596,0.36475,0.31572,0.62953,0.56217,0.3383,0.11888,0.20699,0.35707,0.17245,0.16965,0.17236,0.32368,0.35685,0.075806
0.68046,0.68495,0.84298,0.75557,0.79463,0.70512,0.78336,0.5891,0.71632,0.38538,0.3875,0.36878,0.57249,0.3925,0.72256,0.64756,0.44992,0.50465,0.70742,0.71041,0.61396,0.46033,0.90762,0.86578,1,0.89882,0.8708,0.85846,0.38319,0.34749,0.62571,0.60846,0.62071,0.42402,0.74678,0.52755,0.63348,0.53544,0.55371,0.72075,0.49289,0.45825,0.6864,0.67476,0.68597,0.63428,0.62703,0.68693,0.61256,0.61078,0.73038,0.70078,0.6527,0.61722,0.678,0.67939,0.60998,0.67917,0.73494,0.62331,0.68118,0.37252,0.54136,0.5428,0.8876,0.7857,0.89191,0.81637,0.55809,0.57434,0.43571,0.32402,0.24981,0.16837,0.29332,0.17747,0.34948,0.18279,0.35832,0.33367,0.50193,0.51929,0.53208,0.52851,0.77443,0.74274,0.51576,0.44697,0.7367,0.73171,0.29788,0.41569,0.4434,0.58052,0.065006,0.29551,0.51813,0.42307,0.3875,0.43684,0.14686,0.60116,0.35668,0.34068,0.58228,0.54472,0.39314,0.13085,0.15102,0.3208,0.22017,0.24232,0.22016,0.34621,0.34584,0.012438
0.63522,0.663,0.79056,0.77553,0.75534,0.77218,0.7355,0.65593,0.65194,0.42417,0.36312,0.44221,0.53486,0.44587,0.71419,0.66759,0.46959,0.5501,0.695,0.70207,0.66356,0.58132,0.83569,0.84833,0.89882,1,0.85542,0.87534,0.43091,0.455,0.71374,0.72647,0.68055,0.54342,0.72445,0.60346,0.66016,0.60867,0.55451,0.71159,0.51809,0.52326,0.63019,0.63152,0.63397,0.60734,0.59264,0.66171,0.55816,0.57966,0.71557,0.68267,0.64751,0.61616,0.67929,0.64701,0.59942,0.6466,0.71455,0.62914,0.64681,0.41847,0.56934,0.58262,0.78701,0.79485,0.86339,0.85486,0.56569,0.61187,0.4942,0.41153,0.30979,0.27192,0.33688,0.25028,0.43708,0.31654,0.40848,0.38615,0.50666,0.54801,0.53417,0.53278,0.72536,0.74886,0.49331,0.40884,0.72218,0.73747,0.40618,0.40332,0.51062,0.52358,0.032811,0.28143,0.49234,0.43465,0.41878,0.43236,0.29588,0.5614,0.44503,0.39316,0.60616,0.58695,0.4552,0.23641,0.21218,0.30717,0.28712,0.28532,0.23222,0.30315,0.36953,0.049158
0.74026,0.75175,0.82668,0.7503,0.85248,0.74719,0.79004,0.62347,0.73695,0.48655,0.51172,0.48902,0.65553,0.45722,0.77452,0.66814,0.54399,0.59412,0.74357,0.7323,0.56525,0.40975,0.869,0.84585,0.8708,0.85542,1,0.8957,0.44402,0.38225,0.56411,0.53924,0.55222,0.387,0.70443,0.56876,0.69829,0.64444,0.5453,0.76105,0.45723,0.40335,0.68893,0.70397,0.72315,0.68011,0.70017,0.7477,0.67488,0.68375,0.80537,0.77442,0.74314,0.71382,0.75954,0.75812,0.68613,0.72913,0.76522,0.68836,0.71231,0.40531,0.6213,0.61471,0.83902,0.77809,0.83997,0.80363,0.57564,0.6136,0.44968,0.37658,0.27243,0.18589,0.30612,0.20238,0.41927,0.24704,0.4458,0.42385,0.55132,0.57593,0.59752,0.51031,0.80517,0.79242,0.62292,0.48474,0.81929,0.81679,0.38914,0.4316,0.43922,0.56758,0.10665,0.30944,0.57906,0.53442,0.4879,0.53862,0.26108,0.60051,0.4532,0.41095,0.59309,0.59943,0.44087,0.24199,0.19324,0.3501,0.37961,0.38175,0.28078,0.24283,0.31216,0.058997
0.73903,0.72095,0.74045,0.7509,0.76719,0.75022,0.74054,0.61754,0.67636,0.44437,0.50791,0.49515,0.66993,0.51775,0.78295,0.72273,0.56888,0.63121,0.6918,0.7029,0.56193,0.45329,0.82125,0.87671,0.85846,0.87534,0.8957,1,0.49904,0.44934,0.51114,0.53724,0.49679,0.32264,0.6044,0.48933,0.65851,0.55817,0.53309,0.72989,0.47082,0.42187,0.65379,0.656,0.65971,0.61015,0.63283,0.66435,0.6053,0.60169,0.70448,0.68706,0.67193,0.63384,0.72225,0.69411,0.6858,0.71558,0.68612,0.58725,0.68394,0.40292,0.62849,0.59203,0.80558,0.77886,0.78809,0.75248,0.57639,0.57586,0.42667,0.39569,0.21419,0.12102,0.22483,0.11716,0.29516,0.13966,0.51246,0.46768,0.60884,0.6288,0.67561,0.61215,0.8058,0.7968,0.59227,0.5433,0.79852,0.7693,0.25892,0.29872,0.35366,0.46367,0.1043,0.27406,0.51435,0.43792,0.38053,0.39049,0.15229,0.4954,0.31356,0.27646,0.54409,0.53003,0.36547,0.12756,0.18686,0.34419,0.2188,0.2165,0.14354,0.19381,0.27605,0.12641
0.71012,0.63958,0.44762,0.47384,0.35903,0.2938,0.52993,0.59851,0.31693,0.28353,0.79005,0.72967,0.80349,0.67294,0.7146,0.79616,0.88341,0.84285,0.64659,0.60151,0.37901,0.2903,0.40567,0.48515,0.38319,0.43091,0.44402,0.49904,1,0.89838,0.38266,0.43874,0.33175,0.3009,0.26301,0.20799,0.5881,0.31063,0.44518,0.44198,0.44554,0.3496,0.50856,0.51815,0.48875,0.4639,0.56492,0.50667,0.46244,0.4769,0.41812,0.46739,0.46205,0.49935,0.59187,0.54095,0.70012,0.6244,0.41587,0.35105,0.52335,0.34872,0.76635,0.65828,0.29011,0.30978,0.34082,0.3389,0.52172,0.4727,0.59815,0.75772,0.43046,0.31379,0.23812,0.18401,0.23438,0.11851,0.87648,0.85349,0.87983,0.82249,0.82643,0.74564,0.63774,0.5774,0.52165,0.49826,0.53268,0.46531,0.04403,-0.062872,-0.0011283,0.034659,0.27466,0.3285,0.55402,0.51736,0.31085,0.30282,0.041937,0.12969,0.23197,0.24999,0.44735,0.45254,0.12197,0.14738,0.29484,0.61128,0.17738,0.070307,-0.044337,0.041342,0.10337,0.52467
0.57122,0.55938,0.38331,0.44162,0.31246,0.3414,0.42173,0.57957,0.29381,0.2645,0.63275,0.70433,0.653,0.61622,0.61375,0.74186,0.80622,0.84976,0.58971,0.59619,0.46396,0.43458,0.32925,0.42073,0.34749,0.455,0.38225,0.44934,0.89838,1,0.49184,0.564,0.44791,0.4756,0.29275,0.29871,0.55783,0.34776,0.43584,0.40506,0.48678,0.394,0.44187,0.46199,0.41556,0.42055,0.48809,0.46367,0.39448,0.41027,0.37058,0.39811,0.42135,0.44823,0.51882,0.46666,0.60451,0.53689,0.36135,0.29719,0.39376,0.32031,0.70032,0.66314,0.20526,0.24662,0.33318,0.36834,0.5336,0.50015,0.60325,0.76721,0.45185,0.46124,0.28044,0.32564,0.31854,0.28124,0.84155,0.86908,0.7852,0.78755,0.71457,0.73859,0.53517,0.52801,0.44755,0.43805,0.44008,0.39075,0.1197,-0.034155,0.097405,0.049254,0.21408,0.24046,0.46107,0.42333,0.2793,0.24393,0.16705,0.12187,0.26292,0.29772,0.44045,0.4284,0.15361,0.17474,0.25801,0.5143,0.16663,0.046065,-0.04031,0.044934,0.075059,0.49443
0.35364,0.43708,0.69453,0.52522,0.59374,0.5233,0.54945,0.45004,0.55041,0.23835,0.16228,0.24808,0.30228,0.18836,0.47333,0.46964,0.32732,0.40558,0.5602,0.56573,0.56077,0.54203,0.63124,0.53403,0.62571,0.71374,0.56411,0.51114,0.38266,0.49184,1,0.92939,0.81655,0.75036,0.68422,0.64568,0.64353,0.60369,0.58121,0.5868,0.59725,0.59528,0.45947,0.45468,0.46079,0.46403,0.4025,0.48936,0.38201,0.41835,0.5177,0.46432,0.4485,0.45864,0.44174,0.43623,0.3886,0.42825,0.58268,0.49879,0.47345,0.3465,0.44312,0.48004,0.50422,0.45728,0.68902,0.68289,0.42685,0.49534,0.55183,0.45322,0.43563,0.46113,0.48722,0.52164,0.64407,0.5761,0.30983,0.32536,0.31062,0.36088,0.3294,0.45255,0.3993,0.4739,0.24284,0.19879,0.44846,0.48354,0.48386,0.52943,0.56079,0.57395,0.011726,0.33207,0.38546,0.38168,0.42325,0.42584,0.46879,0.54989,0.50161,0.529,0.5811,0.52577,0.59056,0.44826,0.19173,0.20726,0.33204,0.32074,0.23512,0.29043,0.32592,0.084833
0.35521,0.40657,0.65193,0.56864,0.54891,0.54024,0.53516,0.51296,0.50829,0.26146,0.17523,0.30975,0.31769,0.28822,0.45535,0.52891,0.36154,0.43919,0.55943,0.55952,0.56218,0.59636,0.59787,0.56925,0.60846,0.72647,0.53924,0.53724,0.43874,0.564,0.92939,1,0.77756,0.74583,0.64537,0.60217,0.5877,0.56274,0.53182,0.54917,0.54673,0.59167,0.45851,0.4481,0.43481,0.43642,0.38537,0.46219,0.36841,0.38204,0.49535,0.44152,0.45132,0.45875,0.44623,0.42565,0.38414,0.40698,0.53418,0.45627,0.45121,0.3786,0.46119,0.46578,0.48902,0.47666,0.66255,0.66903,0.40467,0.47256,0.56662,0.52574,0.41188,0.46829,0.40759,0.48798,0.58813,0.55657,0.3489,0.38534,0.36051,0.41611,0.38045,0.53883,0.42666,0.48508,0.26565,0.24211,0.44151,0.46818,0.44953,0.42506,0.53081,0.49113,0.046582,0.32897,0.33218,0.34262,0.37305,0.3388,0.44827,0.4845,0.45754,0.45618,0.56615,0.51241,0.51036,0.34481,0.17535,0.19949,0.22286,0.19487,0.17442,0.24015,0.31282,0.12354
0.42667,0.49734,0.75057,0.63524,0.65605,0.59061,0.63506,0.56342,0.63922,0.38388,0.22843,0.26331,0.32609,0.17356,0.46335,0.42593,0.37307,0.45182,0.69112,0.69004,0.5242,0.47672,0.61279,0.50455,0.62071,0.68055,0.55222,0.49679,0.33175,0.44791,0.81655,0.77756,1,0.91891,0.83219,0.7902,0.60764,0.59983,0.55556,0.55393,0.57329,0.55301,0.54827,0.53997,0.56147,0.59172,0.48145,0.5698,0.45797,0.50384,0.53469,0.48082,0.48294,0.44972,0.44144,0.45022,0.46242,0.49047,0.67608,0.56018,0.58327,0.47214,0.56141,0.5784,0.54226,0.5308,0.75314,0.77903,0.47937,0.56674,0.61443,0.4525,0.51655,0.50581,0.64048,0.55084,0.76305,0.67003,0.33805,0.30725,0.32959,0.34948,0.21866,0.35955,0.42246,0.45631,0.20028,0.13567,0.47562,0.49567,0.55417,0.63926,0.57196,0.68408,-0.0052284,0.19055,0.45465,0.38924,0.50896,0.52561,0.4464,0.62557,0.52302,0.59954,0.57869,0.51497,0.61827,0.50021,0.19719,0.28991,0.44304,0.42552,0.31786,0.29573,0.32745,-0.027884
0.28164,0.38553,0.58065,0.51184,0.49271,0.49578,0.43918,0.48602,0.47987,0.31652,0.15197,0.23897,0.19506,0.10692,0.31182,0.32697,0.32109,0.41331,0.59811,0.62099,0.4866,0.47212,0.42476,0.33792,0.42402,0.54342,0.387,0.32264,0.3009,0.4756,0.75036,0.74583,0.91891,1,0.74747,0.75596,0.50395,0.52305,0.48208,0.41058,0.52085,0.49747,0.44546,0.43838,0.42934,0.48856,0.38307,0.46488,0.36691,0.40906,0.43508,0.38214,0.40773,0.36609,0.33017,0.32195,0.34979,0.36727,0.54558,0.47062,0.407,0.41635,0.48179,0.53648,0.3138,0.36342,0.58431,0.65607,0.41274,0.51662,0.56302,0.43489,0.52145,0.55641,0.60712,0.57283,0.75038,0.74123,0.32101,0.30935,0.25626,0.29287,0.11155,0.3023,0.2555,0.30996,0.095841,0.036769,0.30572,0.34685,0.53816,0.54587,0.52297,0.5484,-0.097325,0.070006,0.33384,0.29276,0.44386,0.42634,0.49489,0.48494,0.49514,0.5875,0.47044,0.43651,0.54141,0.48912,0.20197,0.19968,0.42855,0.37992,0.28004,0.23985,0.26219,8.5026e-05
0.51173,0.56141,0.80876,0.66731,0.75526,0.66273,0.68513,0.54853,0.68491,0.45364,0.30378,0.26799,0.40491,0.1963,0.50032,0.4135,0.36756,0.41048,0.67322,0.67506,0.51546,0.40816,0.73854,0.6055,0.74678,0.72445,0.70443,0.6044,0.26301,0.29275,0.68422,0.64537,0.83219,0.74747,1,0.87224,0.66268,0.64901,0.57021,0.61414,0.51513,0.47021,0.6448,0.64987,0.67577,0.68025,0.60303,0.69871,0.59534,0.62484,0.70941,0.66065,0.65981,0.63926,0.58178,0.6105,0.49591,0.55397,0.74898,0.66545,0.63212,0.42435,0.51747,0.54498,0.68219,0.63029,0.84348,0.84955,0.4408,0.54588,0.50958,0.33464,0.45617,0.39327,0.55321,0.44385,0.67529,0.56993,0.25841,0.23435,0.31481,0.3487,0.24362,0.30192,0.54971,0.55596,0.37071,0.21344,0.60074,0.63186,0.56267,0.65452,0.56099,0.70932,0.06477,0.23244,0.50784,0.43371,0.54146,0.59955,0.42839,0.68485,0.54396,0.58955,0.592,0.57509,0.51519,0.42786,0.18866,0.28354,0.46832,0.47942,0.31182,0.35148,0.3626,-0.094014
0.38451,0.46535,0.65045,0.59118,0.6468,0.66685,0.55241,0.53085,0.58663,0.50328,0.23628,0.26746,0.31497,0.20488,0.37536,0.33529,0.30424,0.39951,0.56568,0.56024,0.47041,0.4061,0.53945,0.46374,0.52755,0.60346,0.56876,0.48933,0.20799,0.29871,0.64568,0.60217,0.7902,0.75596,0.87224,1,0.62813,0.70866,0.5187,0.5635,0.49593,0.44056,0.54156,0.5662,0.57771,0.61705,0.51373,0.6283,0.50542,0.53933,0.61099,0.56276,0.5694,0.58676,0.51413,0.52264,0.40653,0.43011,0.63794,0.60248,0.50827,0.43926,0.47682,0.50991,0.47693,0.53757,0.69794,0.79155,0.37515,0.47435,0.4694,0.31936,0.45149,0.43264,0.52066,0.51465,0.73983,0.68573,0.24953,0.23826,0.21541,0.28943,0.13847,0.20302,0.40882,0.47068,0.29001,0.14565,0.49246,0.55852,0.63493,0.64599,0.54489,0.61666,0.051087,0.19101,0.41621,0.4085,0.54508,0.5908,0.5769,0.60403,0.57454,0.61062,0.53695,0.5029,0.56828,0.50484,0.16193,0.17511,0.54436,0.51431,0.36428,0.29512,0.34617,-0.089329
0.69251,0.66471,0.71234,0.6616,0.63696,0.5565,0.68001,0.65555,0.54454,0.42232,0.56645,0.54257,0.65112,0.45472,0.72303,0.63745,0.65218,0.64673,0.71338,0.68026,0.52235,0.42148,0.67165,0.64595,0.63348,0.66016,0.69829,0.65851,0.5881,0.55783,0.64353,0.5877,0.60764,0.50395,0.66268,0.62813,1,0.81692,0.77983,0.80993,0.72118,0.62519,0.65889,0.66568,0.70504,0.69041,0.74529,0.73273,0.64937,0.70976,0.75167,0.75055,0.70492,0.71459,0.79793,0.77151,0.64288,0.64327,0.68194,0.64915,0.66699,0.51916,0.70364,0.67433,0.60978,0.6109,0.67542,0.70036,0.53062,0.52965,0.68494,0.5971,0.49528,0.43575,0.52347,0.45521,0.59145,0.45887,0.54976,0.50989,0.6102,0.60845,0.61331,0.51894,0.69767,0.72775,0.60331,0.41556,0.73001,0.75075,0.55182,0.50627,0.46824,0.52278,0.30636,0.46087,0.79682,0.73949,0.72583,0.72106,0.41803,0.55261,0.63163,0.61881,0.80564,0.72561,0.55886,0.54319,0.38149,0.58652,0.56992,0.47057,0.35016,0.28127,0.47485,0.21215
0.50348,0.50751,0.64346,0.60106,0.62818,0.59504,0.57048,0.55178,0.52441,0.435,0.33684,0.38222,0.43176,0.33195,0.52094,0.42906,0.42343,0.46858,0.59136,0.56566,0.44893,0.40798,0.5819,0.54165,0.53544,0.60867,0.64444,0.55817,0.31063,0.34776,0.60369,0.56274,0.59983,0.52305,0.64901,0.70866,0.81692,1,0.62644,0.7598,0.57472,0.60007,0.55538,0.56519,0.61028,0.6064,0.60438,0.64747,0.5588,0.61423,0.69085,0.66011,0.62483,0.62205,0.65485,0.62095,0.47279,0.47639,0.62768,0.60895,0.54859,0.46485,0.53077,0.54148,0.55072,0.58545,0.63203,0.69229,0.41861,0.45249,0.55277,0.43415,0.41517,0.39667,0.54435,0.50951,0.70192,0.62802,0.33716,0.33994,0.34944,0.40116,0.35342,0.30227,0.52776,0.60413,0.4715,0.24244,0.61282,0.65785,0.70459,0.64525,0.62363,0.59738,0.23937,0.39923,0.64668,0.63723,0.74567,0.71356,0.62052,0.62368,0.71835,0.67967,0.71371,0.66169,0.636,0.55987,0.3505,0.40699,0.62341,0.59379,0.48769,0.37015,0.56182,0.051601
0.53032,0.49107,0.60515,0.54758,0.5773,0.5049,0.56075,0.51747,0.47606,0.29798,0.39382,0.34037,0.49372,0.27801,0.63599,0.54037,0.47817,0.47569,0.59009,0.54638,0.49916,0.48747,0.5596,0.53593,0.55371,0.55451,0.5453,0.53309,0.44518,0.43584,0.58121,0.53182,0.55556,0.48208,0.57021,0.5187,0.77983,0.62644,1,0.80772,0.79223,0.63129,0.46285,0.463,0.46468,0.46726,0.50791,0.50379,0.40124,0.48638,0.54623,0.57369,0.48699,0.53266,0.62581,0.61739,0.44997,0.44558,0.54673,0.50598,0.54106,0.45875,0.54551,0.51579,0.5397,0.53652,0.55476,0.56495,0.44416,0.41683,0.53262,0.47564,0.43548,0.44386,0.39561,0.38483,0.43054,0.34192,0.40567,0.39266,0.44725,0.43477,0.53854,0.51182,0.54644,0.54421,0.581,0.48112,0.61706,0.61101,0.38757,0.43862,0.30794,0.45421,0.20789,0.45835,0.62163,0.55301,0.51334,0.52984,0.24923,0.44675,0.4728,0.50942,0.66312,0.6957,0.50822,0.53533,0.43102,0.47404,0.42269,0.33331,0.28064,0.1234,0.40875,0.25497
0.68253,0.68365,0.72817,0.66504,0.70567,0.65879,0.66585,0.5623,0.59776,0.40367,0.40313,0.41569,0.56227,0.40248,0.70618,0.63359,0.52214,0.56044,0.69283,0.67313,0.5016,0.47048,0.72878,0.72188,0.72075,0.71159,0.76105,0.72989,0.44198,0.40506,0.5868,0.54917,0.55393,0.41058,0.61414,0.5635,0.80993,0.7598,0.80772,1,0.64387,0.64999,0.67522,0.66514,0.69871,0.67437,0.70519,0.70557,0.63948,0.68114,0.74829,0.75475,0.66162,0.67558,0.77956,0.79416,0.62714,0.64277,0.70145,0.64573,0.62336,0.43022,0.62044,0.61387,0.70227,0.67318,0.74652,0.73845,0.5879,0.55104,0.50303,0.41847,0.30702,0.30531,0.36266,0.32589,0.44488,0.31575,0.45832,0.42116,0.53436,0.55343,0.61075,0.57649,0.72255,0.75358,0.64259,0.54389,0.75294,0.78267,0.40559,0.47736,0.39008,0.52456,0.24297,0.51339,0.70788,0.6697,0.57953,0.59997,0.30759,0.55099,0.5317,0.48475,0.70827,0.69505,0.59837,0.42618,0.30779,0.44912,0.43685,0.36798,0.30982,0.23242,0.46246,0.14472
0.42679,0.43322,0.50703,0.44677,0.44491,0.36605,0.43937,0.42976,0.36979,0.18003,0.37261,0.33552,0.44594,0.27865,0.59649,0.50418,0.48557,0.47678,0.53603,0.55114,0.44758,0.33867,0.49683,0.47909,0.49289,0.51809,0.45723,0.47082,0.44554,0.48678,0.59725,0.54673,0.57329,0.52085,0.51513,0.49593,0.72118,0.57472,0.79223,0.64387,1,0.66757,0.36049,0.37481,0.37073,0.37638,0.40566,0.41741,0.29569,0.37163,0.41809,0.4255,0.39303,0.44473,0.5137,0.47596,0.40246,0.38634,0.434,0.37995,0.41356,0.36979,0.51457,0.47332,0.43241,0.43017,0.46608,0.4871,0.40167,0.38171,0.62332,0.4938,0.53522,0.5468,0.44203,0.48583,0.46051,0.41615,0.4057,0.39523,0.41016,0.40605,0.42373,0.45993,0.44624,0.46238,0.36589,0.30433,0.49305,0.48076,0.41896,0.41543,0.30897,0.39103,0.090387,0.37001,0.50643,0.41656,0.46623,0.46454,0.22209,0.35528,0.43653,0.43601,0.61619,0.57783,0.55487,0.49019,0.35499,0.3768,0.40261,0.33999,0.18486,0.10242,0.35099,0.259
0.36965,0.35853,0.50631,0.42876,0.42417,0.3421,0.43921,0.39884,0.36705,0.17783,0.24848,0.281,0.31458,0.25328,0.44574,0.42884,0.346,0.37553,0.5069,0.48699,0.35598,0.42435,0.48912,0.47974,0.45825,0.52326,0.40335,0.42187,0.3496,0.394,0.59528,0.59167,0.55301,0.49747,0.47021,0.44056,0.62519,0.60007,0.63129,0.64999,0.66757,1,0.337,0.32747,0.33011,0.34601,0.37917,0.36714,0.27508,0.34222,0.43558,0.41658,0.42064,0.43486,0.48914,0.44156,0.3129,0.33181,0.37492,0.34591,0.37559,0.28176,0.42106,0.40608,0.44538,0.42244,0.47307,0.47254,0.3409,0.31769,0.52961,0.43991,0.54121,0.60445,0.4893,0.50232,0.45038,0.38034,0.28115,0.2434,0.3228,0.34791,0.3659,0.43662,0.42168,0.47368,0.27219,0.21826,0.44318,0.46869,0.4723,0.45778,0.44101,0.46909,0.21094,0.47549,0.49472,0.46526,0.51432,0.45102,0.34892,0.43412,0.5104,0.45503,0.65157,0.56326,0.58918,0.43605,0.35319,0.32765,0.34579,0.31878,0.24265,0.22613,0.45677,0.1693
0.74957,0.77145,0.72838,0.65073,0.64348,0.62481,0.66894,0.58677,0.60745,0.48482,0.52178,0.48174,0.65278,0.49184,0.6456,0.65105,0.57306,0.60955,0.75375,0.71463,0.38257,0.3034,0.70902,0.65717,0.6864,0.63019,0.68893,0.65379,0.50856,0.44187,0.45947,0.45851,0.54827,0.44546,0.6448,0.54156,0.65889,0.55538,0.46285,0.67522,0.36049,0.337,1,0.9719,0.91566,0.91327,0.90558,0.93201,0.92149,0.87949,0.7945,0.76933,0.74233,0.69233,0.72711,0.76626,0.74418,0.78884,0.77197,0.70305,0.6797,0.38445,0.69148,0.68513,0.59739,0.56287,0.75615,0.73847,0.62146,0.61671,0.43021,0.35961,0.18283,0.088076,0.36282,0.22108,0.44936,0.30462,0.50938,0.46202,0.64065,0.64989,0.55653,0.55807,0.73125,0.71752,0.51876,0.48286,0.65464,0.65296,0.228,0.30815,0.25965,0.40335,0.10632,0.23875,0.61272,0.53034,0.49693,0.52473,0.25493,0.47572,0.44347,0.37242,0.54327,0.46264,0.36559,0.17089,0.058662,0.40856,0.288,0.21462,0.16873,0.33457,0.30322,-0.027619
