1,0.90473,0.79128,0.83835,0.53098,0.57769,0.77772,0.73811,0.57276,0.49801,0.90389,0.71232,0.80042,0.68173,0.68346,0.75491,0.7555,0.73775,0.90558,0.82431,0.35493,0.49211,0.7426,0.77121,0.67259,0.51987,0.5778,0.63482,0.69995,0.70524,0.59137,0.60885,0.79178,0.79067,0.78085,0.61816,0.7307,0.71716,0.73313,0.76955,0.67814,0.6931,0.78918,0.79566,0.76862,0.75845,0.79104,0.80855,0.77557,0.74212,0.66937,0.62821,0.67021,0.63578,0.67808,0.7221,0.91536,0.85499,0.73377,0.65831,0.8459,0.37273,0.74898,0.5277,0.51002,0.16439,0.74662,0.70218,0.79214,0.74911,0.35904,0.29193,0.49211,0.39598,0.36201,0.37971,0.42832,0.32411,0.62086,0.72495,0.76184,0.74289,0.68473,0.76424,0.6667,0.60154,0.62464,0.53972,0.64592,0.62478,0.41267,0.45875,0.044019,0.28131,0.52022,0.52894,0.48869,0.4959,0.4544,0.57882,0.3007,0.36887,0.34813,0.33795,0.29531,0.41565,0.20866,0.14399,0.36931,0.42978,0.16594,0.40982,0.32431,0.36933,0.38183,0.1593
0.90473,1,0.68883,0.78546,0.43857,0.48864,0.67624,0.72676,0.47624,0.43257,0.79925,0.72125,0.70854,0.6651,0.59486,0.74067,0.8057,0.83616,0.89127,0.88168,0.28838,0.44825,0.6135,0.68498,0.62877,0.54716,0.48623,0.54379,0.75269,0.77351,0.62991,0.65151,0.79864,0.84591,0.69921,0.60386,0.64808,0.6415,0.63429,0.69663,0.71239,0.71034,0.81152,0.83143,0.76037,0.76089,0.8178,0.83181,0.75083,0.75193,0.63747,0.6408,0.634,0.64118,0.64541,0.68571,0.95546,0.93157,0.71382,0.65413,0.78097,0.36142,0.79037,0.60145,0.34629,0.090062,0.69421,0.71009,0.84001,0.86719,0.40792,0.3485,0.57711,0.52871,0.42013,0.38497,0.4897,0.41064,0.67722,0.79898,0.81149,0.81952,0.69648,0.79481,0.58414,0.5431,0.55073,0.46653,0.55591,0.53666,0.37481,0.36017,0.011536,0.16571,0.54654,0.57402,0.5674,0.49483,0.48586,0.56475,0.30432,0.28676,0.37996,0.31357,0.27177,0.30959,0.21779,0.10502,0.3271,0.47123,0.18055,0.42232,0.30531,0.42615,0.33106,0.17409
0.79128,0.68883,1,0.87806,0.65727,0.6949,0.87816,0.73473,0.76288,0.59432,0.74011,0.58083,0.76959,0.63103,0.71508,0.66237,0.54709,0.54958,0.7238,0.66652,0.51997,0.53602,0.87567,0.83289,0.58911,0.56074,0.6638,0.69846,0.56654,0.57498,0.67141,0.63294,0.72675,0.70202,0.74275,0.61273,0.75364,0.73465,0.68037,0.73784,0.61921,0.61513,0.65083,0.64016,0.66802,0.64536,0.62169,0.67989,0.68323,0.64352,0.64503,0.55228,0.53363,0.59053,0.61473,0.65322,0.68815,0.64845,0.68694,0.53467,0.67028,0.22565,0.60486,0.39087,0.56876,0.13793,0.72258,0.62608,0.62972,0.62821,0.58162,0.47717,0.46922,0.3324,0.402,0.43262,0.48933,0.41477,0.50524,0.53761,0.56893,0.56699,0.53773,0.59297,0.61146,0.56861,0.56717,0.57621,0.64132,0.59952,0.52363,0.62461,0.30405,0.52044,0.50398,0.40652,0.53789,0.53691,0.50334,0.62308,0.45185,0.48543,0.49748,0.48031,0.46664,0.55208,0.43302,0.31482,0.37666,0.36894,0.36978,0.52339,0.46694,0.47989,0.54271,0.044491
0.83835,0.78546,0.87806,1,0.5556,0.6328,0.83999,0.84929,0.65141,0.62218,0.80924,0.67771,0.74123,0.71419,0.65706,0.69808,0.59944,0.61992,0.77084,0.71041,0.39967,0.47171,0.82536,0.87421,0.62062,0.57857,0.58359,0.63654,0.58858,0.61658,0.64045,0.65062,0.74896,0.75088,0.76696,0.64367,0.74328,0.72927,0.67584,0.73074,0.62462,0.61771,0.71238,0.69825,0.67434,0.64998,0.69464,0.72161,0.67418,0.64974,0.61378,0.57384,0.5908,0.5759,0.63391,0.65543,0.77693,0.71964,0.60742,0.55197,0.66213,0.33253,0.62168,0.4667,0.53153,0.23196,0.70268,0.67829,0.64919,0.65596,0.53453,0.44266,0.49647,0.40729,0.41653,0.42104,0.51112,0.45605,0.54317,0.61831,0.61281,0.61839,0.58983,0.65453,0.63393,0.60496,0.6018,0.57083,0.64366,0.61571,0.53198,0.533,0.21568,0.39605,0.50593,0.46779,0.51279,0.46949,0.48277,0.56719,0.38349,0.41039,0.42142,0.36855,0.375,0.46226,0.31717,0.13634,0.3735,0.42845,0.25539,0.45187,0.38887,0.39095,0.4582,0.11246
0.53098,0.43857,0.65727,0.5556,1,0.7655,0.45507,0.31688,0.65975,0.50972,0.46499,0.35956,0.57645,0.46322,0.69485,0.53536,0.42679,0.39822,0.47617,0.46292,0.74285,0.57605,0.61111,0.52526,0.32767,0.10378,0.78024,0.73212,0.45357,0.44667,0.277,0.19175,0.37472,0.36023,0.44957,0.3099,0.69306,0.71798,0.63332,0.71513,0.49645,0.47274,0.31071,0.32593,0.40424,0.41529,0.31252,0.41518,0.51857,0.49246,0.52969,0.48202,0.49542,0.4407,0.50899,0.56139,0.50465,0.45321,0.56196,0.41936,0.49717,0.03619,0.43356,0.14085,0.35667,-0.041891,0.44875,0.37065,0.5673,0.5427,0.33533,0.26743,0.16756,-0.0013507,0.095856,0.16373,0.14863,0.047384,0.40721,0.32284,0.4325,0.3874,0.47216,0.46345,0.42614,0.37378,0.53822,0.6688,0.55716,0.49967,0.33486,0.41147,0.19067,0.3494,0.39828,0.31826,0.28701,0.46753,0.28319,0.4646,0.26348,0.40114,0.43334,0.44143,0.38349,0.44261,0.30543,0.24095,0.38358,0.38377,0.37269,0.48412,0.45541,0.43521,0.47866,0.14856
0.57769,0.48864,0.6949,0.6328,0.7655,1,0.60314,0.57293,0.64328,0.71305,0.50723,0.46784,0.62329,0.56616,0.5752,0.46847,0.42625,0.39664,0.52804,0.53054,0.58532,0.54115,0.55446,0.52134,0.33653,0.27898,0.65135,0.72808,0.41798,0.42027,0.40014,0.36456,0.5489,0.53333,0.63243,0.59105,0.67079,0.68679,0.53756,0.58681,0.41622,0.4076,0.39312,0.35043,0.45734,0.41372,0.3211,0.41016,0.46875,0.44168,0.41823,0.36304,0.40827,0.37517,0.33928,0.39056,0.48521,0.45395,0.57968,0.47601,0.54781,0.26018,0.39732,0.26986,0.44947,0.25684,0.6064,0.57121,0.53462,0.51294,0.44396,0.39968,0.23432,0.13595,0.15393,0.38712,0.31928,0.28492,0.38859,0.3173,0.36216,0.3094,0.39152,0.39138,0.33839,0.31103,0.34372,0.39775,0.46514,0.41964,0.51141,0.47995,0.38052,0.45261,0.28792,0.23135,0.3183,0.40298,0.3541,0.43983,0.41178,0.45478,0.45035,0.43026,0.43321,0.42437,0.38068,0.34087,0.22455,0.30838,0.43054,0.53074,0.47035,0.4038,0.461,0.092195
0.77772,0.67624,0.87816,0.83999,0.45507,0.60314,1,0.87035,0.8052,0.63653,0.81506,0.67452,0.8357,0.6751,0.69298,0.65189,0.52344,0.53553,0.69107,0.60453,0.22658,0.35489,0.77238,0.77215,0.68239,0.6282,0.50832,0.57618,0.56187,0.57339,0.69508,0.69573,0.7439,0.70928,0.72158,0.57549,0.56231,0.54135,0.57609,0.59658,0.51214,0.53137,0.6294,0.6323,0.63906,0.58935,0.67649,0.69608,0.61145,0.59431,0.62792,0.55336,0.55528,0.61588,0.61754,0.65571,0.63413,0.63322,0.57637,0.5487,0.7267,0.50803,0.61932,0.55665,0.70269,0.39421,0.69609,0.61702,0.49169,0.53041,0.57296,0.43307,0.56628,0.46914,0.45367,0.50483,0.51587,0.45321,0.44321,0.55359,0.55879,0.57624,0.55815,0.5772,0.67237,0.64172,0.46891,0.39784,0.66897,0.67156,0.49658,0.60827,0.24244,0.46351,0.45165,0.44739,0.52645,0.47769,0.51547,0.59355,0.43169,0.42423,0.40579,0.34756,0.38127,0.47798,0.3244,0.27019,0.28441,0.33644,0.22355,0.4061,0.318,0.36881,0.42905,0.090057
0.73811,0.72676,0.73473,0.84929,0.31688,0.57293,0.87035,1,0.61526,0.71564,0.75957,0.78395,0.75496,0.77884,0.5271,0.65505,0.53946,0.56029,0.69553,0.68108,0.13766,0.30511,0.6477,0.73302,0.63057,0.67799,0.36111,0.47019,0.5795,0.6152,0.72359,0.76115,0.77934,0.79043,0.72367,0.67972,0.47878,0.49047,0.45822,0.48653,0.46877,0.46268,0.6373,0.62146,0.62958,0.5613,0.65533,0.65317,0.57172,0.53986,0.50846,0.47268,0.4711,0.50608,0.48256,0.50558,0.66248,0.61978,0.5324,0.52462,0.64171,0.55542,0.58043,0.6326,0.52407,0.45267,0.66991,0.70204,0.51861,0.57828,0.56284,0.47011,0.60024,0.55546,0.48154,0.55974,0.58286,0.56782,0.44179,0.55296,0.5148,0.54709,0.53354,0.58018,0.51239,0.53654,0.33913,0.25102,0.512,0.50424,0.53179,0.47078,0.27071,0.34884,0.40383,0.45798,0.51074,0.42189,0.50667,0.50592,0.45218,0.33979,0.41339,0.28325,0.36792,0.35493,0.37938,0.20324,0.20038,0.39235,0.24361,0.4191,0.30944,0.35866,0.37543,0.16606
0.57276,0.47624,0.76288,0.65141,0.65975,0.64328,0.8052,0.61526,1,0.61245,0.60421,0.56265,0.75714,0.57079,0.7437,0.59205,0.4404,0.44195,0.49557,0.44798,0.36127,0.32309,0.60421,0.53724,0.50757,0.41484,0.59988,0.58961,0.48252,0.49465,0.50408,0.44915,0.56674,0.52451,0.51414,0.393,0.49117,0.50195,0.52764,0.56265,0.42477,0.45212,0.40061,0.44245,0.46428,0.46246,0.47991,0.54539,0.51187,0.51856,0.6215,0.54982,0.52903,0.52285,0.5918,0.62996,0.46523,0.49193,0.53365,0.52421,0.65503,0.46695,0.54637,0.5083,0.67543,0.33862,0.53259,0.47959,0.38666,0.43923,0.51997,0.38495,0.37697,0.28284,0.30238,0.4383,0.43956,0.35749,0.40891,0.41506,0.47558,0.48037,0.49686,0.4966,0.6055,0.58729,0.43152,0.43159,0.69298,0.67293,0.48903,0.61756,0.36075,0.54323,0.46221,0.45742,0.55454,0.60503,0.53481,0.61951,0.52462,0.51173,0.54977,0.48329,0.49512,0.53199,0.39425,0.3896,0.37747,0.39492,0.40681,0.52601,0.4439,0.49884,0.55706,0.078904
0.49801,0.43257,0.59432,0.62218,0.50972,0.71305,0.63653,0.71564,0.61245,1,0.54595,0.63947,0.66834,0.77387,0.52951,0.54419,0.39044,0.3525,0.37419,0.39812,0.2837,0.26404,0.55785,0.55501,0.45258,0.38835,0.47651,0.53937,0.45058,0.48107,0.45761,0.46268,0.46192,0.47035,0.46782,0.44053,0.3841,0.46424,0.37407,0.45126,0.32847,0.36783,0.26585,0.24495,0.30776,0.25861,0.33496,0.34361,0.3539,0.31583,0.39301,0.36421,0.37726,0.34016,0.38466,0.39779,0.41763,0.4105,0.45084,0.42413,0.49625,0.46401,0.39118,0.50029,0.40533,0.39244,0.39559,0.45363,0.3593,0.40218,0.46188,0.3905,0.38369,0.33422,0.30015,0.43152,0.32484,0.31631,0.33081,0.32422,0.30577,0.33289,0.39527,0.43966,0.35889,0.43057,0.31639,0.40338,0.47941,0.44814,0.50075,0.40993,0.41001,0.37852,0.25642,0.30199,0.35085,0.36696,0.40581,0.41179,0.51131,0.36617,0.52226,0.41172,0.49358,0.35079,0.49799,0.25817,0.14411,0.30731,0.37325,0.45138,0.4209,0.46576,0.4605,0.19154
0.90389,0.79925,0.74011,0.80924,0.46499,0.50723,0.81506,0.75957,0.60421,0.54595,1,0.79746,0.87185,0.75548,0.71245,0.79681,0.76943,0.73248,0.78295,0.68945,0.27018,0.38229,0.75072,0.77992,0.71106,0.51912,0.50418,0.55197,0.75499,0.76465,0.61787,0.65918,0.69092,0.70559,0.66823,0.46464,0.60465,0.60318,0.67619,0.71838,0.64897,0.65989,0.68819,0.72506,0.63334,0.6194,0.77393,0.74723,0.62845,0.59541,0.60079,0.56112,0.62314,0.56758,0.69498,0.72656,0.80646,0.76268,0.5611,0.52882,0.79821,0.46207,0.74618,0.60547,0.52038,0.21515,0.59473,0.54727,0.61539,0.61144,0.37375,0.27351,0.57262,0.48028,0.4042,0.39967,0.42756,0.32685,0.64826,0.76232,0.77373,0.75891,0.73471,0.80144,0.71303,0.67199,0.63708,0.55459,0.6642,0.66465,0.31947,0.37228,-0.031769,0.19631,0.55644,0.58668,0.42871,0.44637,0.413,0.50498,0.25005,0.28457,0.29307,0.25189,0.2616,0.38038,0.16603,0.1005,0.40706,0.48074,0.059383,0.2914,0.24954,0.31753,0.36045,0.28407
0.71232,0.72125,0.58083,0.67771,0.35956,0.46784,0.67452,0.78395,0.56265,0.63947,0.79746,1,0.8189,0.88214,0.5391,0.81358,0.76715,0.73747,0.64334,0.67949,0.17242,0.24347,0.53775,0.59982,0.50326,0.47034,0.2816,0.38565,0.7481,0.81973,0.61949,0.65025,0.64399,0.7017,0.52566,0.48295,0.41703,0.47,0.45189,0.5202,0.56876,0.51147,0.52987,0.57252,0.47292,0.46493,0.61814,0.58862,0.47275,0.43728,0.44172,0.4344,0.46876,0.38129,0.52364,0.54146,0.69521,0.61292,0.48266,0.41628,0.66434,0.48339,0.69148,0.71282,0.30748,0.20674,0.44717,0.50797,0.53208,0.56858,0.42331,0.30983,0.6158,0.57196,0.46867,0.50962,0.51409,0.49018,0.65401,0.69259,0.6641,0.69903,0.61138,0.75046,0.47625,0.54789,0.35978,0.34046,0.47189,0.46724,0.38687,0.27863,0.16266,0.17637,0.47781,0.57455,0.48334,0.48954,0.46117,0.44044,0.42597,0.27417,0.46109,0.34716,0.37133,0.33298,0.37649,0.21666,0.28702,0.48042,0.27859,0.41257,0.37284,0.44709,0.41271,0.29896
0.80042,0.70854,0.76959,0.74123,0.57645,0.62329,0.8357,0.75496,0.75714,0.66834,0.87185,0.8189,1,0.84867,0.74254,0.79726,0.67846,0.63259,0.65066,0.62093,0.38486,0.40407,0.71615,0.69653,0.62627,0.47959,0.52853,0.56832,0.73974,0.75482,0.63951,0.6118,0.62214,0.62264,0.58073,0.42892,0.55247,0.5946,0.60028,0.68688,0.61109,0.5965,0.54619,0.58373,0.53704,0.52082,0.63196,0.64094,0.54302,0.51799,0.54812,0.51216,0.54807,0.53667,0.61634,0.65272,0.69541,0.657,0.57136,0.48151,0.78916,0.4708,0.66928,0.60414,0.52781,0.2289,0.5336,0.49618,0.54675,0.58132,0.4512,0.32249,0.56987,0.44486,0.43078,0.43574,0.45866,0.36708,0.57884,0.62421,0.64972,0.66207,0.66502,0.741,0.60224,0.60317,0.49998,0.50083,0.63553,0.62749,0.37914,0.41583,0.15216,0.30701,0.51847,0.55425,0.47104,0.53648,0.45878,0.53393,0.40911,0.37875,0.46527,0.42025,0.42659,0.46637,0.33832,0.30377,0.37225,0.45109,0.25962,0.41812,0.34752,0.43093,0.46536,0.2644
0.68173,0.6651,0.63103,0.71419,0.46322,0.56616,0.6751,0.77884,0.57079,0.77387,0.75548,0.88214,0.84867,1,0.53699,0.7946,0.64683,0.59354,0.56395,0.60038,0.31169,0.34723,0.60571,0.63854,0.47239,0.43336,0.36849,0.45489,0.69386,0.75387,0.6008,0.60132,0.5782,0.62063,0.50545,0.45766,0.48596,0.57721,0.48411,0.59992,0.55763,0.55145,0.44608,0.45801,0.42909,0.41455,0.52658,0.50554,0.45401,0.41632,0.39835,0.38979,0.39999,0.35451,0.48342,0.50006,0.62529,0.55376,0.51696,0.41466,0.61783,0.40197,0.59803,0.5727,0.288,0.1729,0.42115,0.48032,0.50942,0.54231,0.45162,0.34316,0.54345,0.47056,0.43149,0.48089,0.46453,0.43051,0.54628,0.56662,0.53482,0.57515,0.55012,0.69152,0.40599,0.47184,0.33521,0.41092,0.46011,0.43297,0.40472,0.3088,0.21588,0.23039,0.42089,0.50392,0.41411,0.42814,0.40676,0.41846,0.46285,0.31381,0.49028,0.41342,0.43527,0.36179,0.41182,0.25836,0.26443,0.43798,0.28774,0.40238,0.37779,0.41984,0.44169,0.23776
0.68346,0.59486,0.71508,0.65706,0.69485,0.5752,0.69298,0.5271,0.7437,0.52951,0.71245,0.5391,0.74254,0.53699,1,0.74967,0.55165,0.57504,0.61589,0.51872,0.45873,0.50153,0.68962,0.66997,0.74103,0.48234,0.75736,0.75611,0.65041,0.61595,0.51894,0.49364,0.52863,0.52399,0.49587,0.35189,0.61855,0.60461,0.70237,0.72894,0.61476,0.64709,0.49511,0.55024,0.58018,0.58664,0.59826,0.67252,0.65087,0.64731,0.72668,0.66421,0.66097,0.63955,0.73552,0.75189,0.61881,0.66958,0.57241,0.54391,0.71519,0.39408,0.62829,0.48416,0.5981,0.25384,0.54633,0.50177,0.51133,0.55909,0.46009,0.36898,0.45426,0.3188,0.32673,0.33934,0.34175,0.23406,0.52498,0.60656,0.69106,0.6795,0.78604,0.69203,0.77744,0.73763,0.7384,0.67321,0.78159,0.74325,0.42052,0.53932,0.20653,0.42799,0.53233,0.56047,0.53543,0.63515,0.48521,0.63115,0.38072,0.46191,0.47782,0.41122,0.46689,0.54123,0.31917,0.32653,0.41304,0.47993,0.26185,0.44094,0.36112,0.53249,0.53225,0.16578
0.75491,0.74067,0.66237,0.69808,0.53536,0.46847,0.65189,0.65505,0.59205,0.54419,0.79681,0.81358,0.79726,0.7946,0.74967,1,0.76265,0.74932,0.68339,0.68558,0.42266,0.50336,0.69354,0.74613,0.66098,0.56419,0.51461,0.56523,0.86814,0.88502,0.6967,0.68214,0.62163,0.67721,0.48065,0.43985,0.59081,0.64324,0.66741,0.73729,0.72642,0.73078,0.61106,0.65655,0.58512,0.62572,0.69743,0.70876,0.63231,0.6021,0.58854,0.54432,0.53934,0.47277,0.67528,0.67706,0.73285,0.67676,0.5615,0.43454,0.67984,0.28105,0.76329,0.57547,0.28382,0.034177,0.48106,0.5107,0.57843,0.61472,0.49695,0.3887,0.6158,0.51855,0.55273,0.47557,0.49157,0.40388,0.7024,0.77623,0.7861,0.79672,0.81383,0.88144,0.60111,0.62163,0.57658,0.55131,0.56467,0.49739,0.41238,0.39045,0.18078,0.27651,0.61385,0.70468,0.57502,0.63607,0.52407,0.57685,0.43741,0.4191,0.54171,0.48092,0.49269,0.49957,0.42391,0.30856,0.44085,0.58734,0.28857,0.49169,0.43691,0.57537,0.55073,0.3048
0.7555,0.8057,0.54709,0.59944,0.42679,0.42625,0.52344,0.53946,0.4404,0.39044,0.76943,0.76715,0.67846,0.64683,0.55165,0.76265,1,0.95245,0.67118,0.72545,0.36744,0.42435,0.49917,0.52937,0.52217,0.44555,0.42158,0.45525,0.85562,0.89582,0.56695,0.59992,0.68341,0.74489,0.53906,0.45975,0.55816,0.57274,0.58902,0.66169,0.73721,0.70699,0.65826,0.69547,0.52696,0.54559,0.7145,0.67115,0.54335,0.5235,0.4896,0.50186,0.51928,0.43641,0.57354,0.61819,0.829,0.76614,0.51506,0.45767,0.67037,0.30391,0.845,0.67159,0.21262,-0.025246,0.44836,0.46689,0.65072,0.67737,0.36963,0.31385,0.61238,0.56605,0.47154,0.46519,0.50494,0.41719,0.90298,0.90787,0.89079,0.84472,0.72406,0.8549,0.51618,0.45716,0.52897,0.42949,0.44578,0.43337,0.27292,0.21994,-0.020129,0.11989,0.63413,0.58337,0.51437,0.52064,0.42741,0.46635,0.26414,0.25463,0.41396,0.34221,0.30438,0.37011,0.27433,0.099097,0.47414,0.55645,0.1954,0.39707,0.36806,0.44561,0.39255,0.35415
0.73775,0.83616,0.54958,0.61992,0.39822,0.39664,0.53553,0.56029,0.44195,0.3525,0.73248,0.73747,0.63259,0.59354,0.57504,0.74932,0.95245,1,0.69935,0.75617,0.31797,0.39467,0.48727,0.53321,0.55529,0.49077,0.43136,0.46429,0.83336,0.88872,0.58437,0.63415,0.71262,0.78938,0.53917,0.48918,0.54019,0.53934,0.56485,0.6458,0.75007,0.72788,0.67779,0.73772,0.58571,0.60932,0.76697,0.75003,0.61359,0.6207,0.59438,0.62225,0.60463,0.54579,0.64641,0.6747,0.84877,0.83111,0.56913,0.53639,0.69926,0.32891,0.88904,0.70693,0.23536,0.0079977,0.48508,0.51938,0.67694,0.72991,0.43021,0.3678,0.65284,0.61554,0.4877,0.46912,0.52476,0.4404,0.86429,0.92468,0.92303,0.91175,0.74334,0.86795,0.59637,0.53288,0.54993,0.44183,0.51457,0.50581,0.3321,0.29775,0.010129,0.15567,0.62114,0.61967,0.59097,0.58635,0.51421,0.55742,0.2995,0.30596,0.45326,0.34352,0.29109,0.36374,0.28047,0.10919,0.40164,0.5389,0.21107,0.45623,0.39647,0.48536,0.38688,0.30422
0.90558,0.89127,0.7238,0.77084,0.47617,0.52804,0.69107,0.69553,0.49557,0.37419,0.78295,0.64334,0.65066,0.56395,0.61589,0.68339,0.67118,0.69935,1,0.91831,0.29238,0.47831,0.65264,0.71034,0.60583,0.53081,0.49262,0.57484,0.65198,0.64416,0.62125,0.63416,0.80709,0.83268,0.76452,0.68215,0.69303,0.67274,0.65105,0.67052,0.6422,0.62709,0.78631,0.78618,0.8069,0.78822,0.74527,0.80831,0.79481,0.7668,0.63144,0.59781,0.602,0.61154,0.6023,0.65577,0.88855,0.84046,0.762,0.63513,0.77994,0.29847,0.70101,0.47003,0.42186,0.11319,0.78785,0.74525,0.84023,0.80833,0.37666,0.33107,0.46109,0.40182,0.3401,0.40253,0.46932,0.39852,0.53603,0.65877,0.70978,0.70555,0.62473,0.68018,0.58495,0.53305,0.49735,0.41494,0.55326,0.53555,0.45036,0.49719,0.087053,0.28894,0.47606,0.50401,0.52338,0.5013,0.48709,0.59713,0.34439,0.37531,0.3664,0.33049,0.28189,0.37608,0.24115,0.18889,0.25591,0.41807,0.23168,0.4312,0.35399,0.38544,0.34196,0.11293
0.82431,0.88168,0.66652,0.71041,0.46292,0.53054,0.60453,0.68108,0.44798,0.39812,0.68945,0.67949,0.62093,0.60038,0.51872,0.68558,0.72545,0.75617,0.91831,1,0.34564,0.48381,0.56939,0.6217,0.5019,0.52896,0.40596,0.49452,0.69655,0.70119,0.66362,0.66995,0.8359,0.88826,0.7472,0.75165,0.64625,0.6523,0.57422,0.60203,0.62216,0.58779,0.73536,0.7167,0.73578,0.70019,0.66793,0.73548,0.72257,0.69162,0.53204,0.522,0.51757,0.54761,0.47963,0.53472,0.88029,0.80977,0.73566,0.57159,0.69898,0.21712,0.69957,0.493,0.27987,0.014109,0.74415,0.72249,0.87708,0.87403,0.43483,0.40485,0.4895,0.45194,0.42191,0.47554,0.54761,0.49722,0.60877,0.65617,0.69863,0.6879,0.59495,0.68831,0.44593,0.38935,0.37709,0.30203,0.43485,0.38189,0.52055,0.47131,0.19166,0.32376,0.50771,0.50667,0.578,0.53138,0.52414,0.58942,0.42291,0.41708,0.48818,0.42518,0.38352,0.37944,0.37251,0.24873,0.22432,0.44192,0.36838,0.53535,0.4703,0.46144,0.37783,0.19915
0.35493,0.28838,0.51997,0.39967,0.74285,0.58532,0.22658,0.13766,0.36127,0.2837,0.27018,0.17242,0.38486,0.31169,0.45873,0.42266,0.36744,0.31797,0.29238,0.34564,1,0.77512,0.54252,0.46371,0.2328,0.14923,0.68052,0.61709,0.43631,0.39319,0.3537,0.26159,0.26275,0.27325,0.30437,0.26495,0.71284,0.72619,0.63361,0.69609,0.59002,0.5025,0.19989,0.19306,0.22805,0.22443,0.1417,0.19909,0.27182,0.23796,0.23841,0.21935,0.22939,0.20007,0.27724,0.3219,0.36806,0.25674,0.32137,0.11242,0.23508,-0.19262,0.28548,-0.041154,0.099273,-0.20029,0.28701,0.21383,0.41753,0.36221,0.30152,0.30638,0.19595,0.049394,0.24248,0.21873,0.13677,0.052752,0.42391,0.27256,0.34921,0.26209,0.39874,0.39934,0.22148,0.15419,0.44392,0.56597,0.28045,0.21342,0.19934,0.21354,0.15386,0.24302,0.43396,0.24648,0.21058,0.36064,0.12463,0.23788,0.15964,0.25753,0.34657,0.34717,0.36674,0.41996,0.27308,0.16842,0.42917,0.37234,0.28643,0.36561,0.3738,0.2841,0.37828,0.25398
0.49211,0.44825,0.53602,0.47171,0.57605,0.54115,0.35489,0.30511,0.32309,0.26404,0.38229,0.24347,0.40407,0.34723,0.50153,0.50336,0.42435,0.39467,0.47831,0.48381,0.77512,1,0.578,0.5729,0.47473,0.44587,0.62447,0.70135,0.51488,0.44317,0.5581,0.50052,0.46867,0.48035,0.45626,0.4742,0.72024,0.72585,0.66668,0.70379,0.6446,0.67674,0.38426,0.34834,0.44237,0.40679,0.31051,0.39431,0.43172,0.41019,0.34193,0.31419,0.32186,0.34316,0.32685,0.36327,0.47998,0.40231,0.42303,0.27131,0.38678,-0.00018313,0.39549,0.066094,0.18,-0.036254,0.48088,0.44349,0.46132,0.42843,0.37705,0.41011,0.36964,0.26062,0.36779,0.35912,0.26764,0.17194,0.39502,0.37627,0.46365,0.38901,0.50693,0.47679,0.33763,0.22479,0.41723,0.41727,0.33166,0.25311,0.29354,0.31737,0.15789,0.27185,0.39065,0.35311,0.31174,0.36349,0.18673,0.32309,0.18358,0.30577,0.27787,0.26565,0.30253,0.38933,0.24564,0.17563,0.32002,0.36666,0.16632,0.3143,0.26716,0.21898,0.35683,0.13365
0.7426,0.6135,0.87567,0.82536,0.61111,0.55446,0.77238,0.6477,0.60421,0.55785,0.75072,0.53775,0.71615,0.60571,0.68962,0.69354,0.49917,0.48727,0.65264,0.56939,0.54252,0.578,1,0.94367,0.67603,0.53465,0.64929,0.67161,0.58764,0.58179,0.69328,0.66971,0.57195,0.58347,0.61844,0.44883,0.73263,0.73695,0.72004,0.7835,0.64977,0.65336,0.5535,0.54778,0.55179,0.52314,0.58017,0.61568,0.57373,0.53148,0.5672,0.49873,0.52727,0.55637,0.6605,0.68923,0.64754,0.58503,0.54553,0.38334,0.58097,0.12553,0.51882,0.28255,0.47453,0.043802,0.56918,0.45755,0.53042,0.51977,0.4851,0.3852,0.4569,0.31582,0.40421,0.331,0.34231,0.2574,0.47225,0.51418,0.55796,0.55465,0.57654,0.62721,0.6319,0.60325,0.65051,0.70298,0.6184,0.58439,0.44098,0.53412,0.20362,0.41184,0.51197,0.4233,0.44928,0.4755,0.41272,0.56542,0.31972,0.41538,0.40373,0.40399,0.40845,0.52669,0.37164,0.20361,0.35621,0.36612,0.22936,0.41957,0.40912,0.40319,0.50116,0.18186
0.77121,0.68498,0.83289,0.87421,0.52526,0.52134,0.77215,0.73302,0.53724,0.55501,0.77992,0.59982,0.69653,0.63854,0.66997,0.74613,0.52937,0.53321,0.71034,0.6217,0.46371,0.5729,0.94367,1,0.72362,0.63394,0.60026,0.65558,0.62245,0.6276,0.7246,0.73688,0.61088,0.63991,0.62838,0.50945,0.70035,0.70259,0.70223,0.74824,0.6592,0.65846,0.64459,0.63238,0.61728,0.58483,0.64936,0.67638,0.60855,0.5635,0.5565,0.49512,0.52667,0.54787,0.6354,0.65995,0.69401,0.63244,0.52466,0.39677,0.58574,0.17921,0.54681,0.33885,0.42557,0.090367,0.59784,0.53372,0.55897,0.55043,0.4953,0.4117,0.50872,0.39016,0.45776,0.36299,0.39006,0.32512,0.50037,0.58065,0.60122,0.60024,0.63114,0.6641,0.62881,0.61327,0.63534,0.63757,0.58204,0.54484,0.43981,0.48404,0.18048,0.34272,0.49567,0.4655,0.46177,0.45308,0.40815,0.52842,0.3043,0.37073,0.34855,0.33876,0.37346,0.47358,0.32987,0.16425,0.3334,0.40492,0.18008,0.38344,0.343,0.37496,0.44223,0.20443
0.67259,0.62877,0.58911,0.62062,0.32767,0.33653,0.68239,0.63057,0.50757,0.45258,0.71106,0.50326,0.62627,0.47239,0.74103,0.66098,0.52217,0.55529,0.60583,0.5019,0.2328,0.47473,0.67603,0.72362,1,0.7788,0.6283,0.65438,0.63406,0.60317,0.69889,0.71634,0.6038,0.60356,0.51963,0.40096,0.44468,0.41398,0.62601,0.60467,0.59033,0.664,0.59974,0.63268,0.65103,0.59947,0.73294,0.72341,0.63126,0.61686,0.67376,0.64065,0.61624,0.63016,0.68612,0.69582,0.61725,0.66136,0.49769,0.54431,0.69696,0.52934,0.59435,0.54806,0.56873,0.38253,0.58055,0.56179,0.41142,0.48499,0.39813,0.3651,0.5925,0.52357,0.44019,0.38269,0.30172,0.20686,0.45711,0.63356,0.68897,0.69792,0.78312,0.68523,0.78251,0.72987,0.68007,0.50505,0.6673,0.65507,0.33266,0.40977,0.043007,0.26041,0.48897,0.58891,0.53321,0.50883,0.43418,0.52978,0.2489,0.29219,0.26753,0.1859,0.27999,0.36875,0.18159,0.12809,0.27481,0.44268,-0.006064,0.21699,0.13747,0.3197,0.27621,0.24275
0.51987,0.54716,0.56074,0.57857,0.10378,0.27898,0.6282,0.67799,0.41484,0.38835,0.51912,0.47034,0.47959,0.43336,0.48234,0.56419,0.44555,0.49077,0.53081,0.52896,0.14923,0.44587,0.53465,0.63394,0.7788,1,0.40169,0.49509,0.55177,0.53708,0.82338,0.83264,0.6769,0.69547,0.51708,0.58597,0.32847,0.30397,0.36102,0.35405,0.46854,0.50302,0.6343,0.61988,0.65885,0.59245,0.65368,0.65398,0.55389,0.52327,0.49775,0.4284,0.36329,0.44994,0.42551,0.41417,0.49425,0.51516,0.42195,0.41569,0.50025,0.39409,0.49325,0.47433,0.38418,0.33651,0.59206,0.62337,0.33293,0.42639,0.53375,0.52172,0.59471,0.57821,0.56617,0.56157,0.48127,0.46037,0.422,0.55753,0.54704,0.55955,0.54707,0.52897,0.53128,0.48734,0.33123,0.15439,0.39687,0.34628,0.46129,0.45097,0.2751,0.3744,0.39905,0.42572,0.61895,0.47017,0.54079,0.52034,0.40457,0.36544,0.38203,0.26408,0.37109,0.35991,0.34747,0.22345,0.15589,0.34782,0.17166,0.33304,0.24999,0.36066,0.30312,0.099351
0.5778,0.48623,0.6638,0.58359,0.78024,0.65135,0.50832,0.36111,0.59988,0.47651,0.50418,0.2816,0.52853,0.36849,0.75736,0.51461,0.42158,0.43136,0.49262,0.40596,0.68052,0.62447,0.64929,0.60026,0.6283,0.40169,1,0.87106,0.44334,0.42689,0.39437,0.34547,0.43712,0.41761,0.47816,0.35588,0.72597,0.66642,0.70734,0.73783,0.59448,0.61013,0.42077,0.45028,0.52725,0.51739,0.48029,0.53068,0.58733,0.57597,0.67029,0.61915,0.62771,0.5765,0.64292,0.65145,0.52126,0.5486,0.55658,0.52932,0.57725,0.22338,0.47647,0.2208,0.50649,0.18173,0.54304,0.49125,0.49711,0.49823,0.3418,0.31297,0.25748,0.13536,0.14725,0.15733,0.11457,-0.00089838,0.4216,0.42029,0.53684,0.48096,0.60298,0.51419,0.6226,0.54223,0.73224,0.72972,0.66477,0.63069,0.34867,0.46121,0.17434,0.36957,0.40972,0.34173,0.41419,0.50961,0.36354,0.50997,0.22059,0.38352,0.35375,0.31547,0.3576,0.43085,0.20154,0.13246,0.34741,0.37394,0.24487,0.40562,0.34834,0.40266,0.415,0.13853
0.63482,0.54379,0.69846,0.63654,0.73212,0.72808,0.57618,0.47019,0.58961,0.53937,0.55197,0.38565,0.56832,0.45489,0.75611,0.56523,0.45525,0.46429,0.57484,0.49452,0.61709,0.70135,0.67161,0.65558,0.65438,0.49509,0.87106,1,0.469,0.45661,0.45884,0.42244,0.54436,0.52226,0.5634,0.48165,0.73591,0.70433,0.67659,0.72016,0.62116,0.63866,0.49053,0.49538,0.60463,0.56389,0.50868,0.57888,0.61411,0.59011,0.64265,0.58162,0.61583,0.56509,0.6062,0.59861,0.55992,0.57176,0.58843,0.53597,0.59803,0.2909,0.47534,0.22934,0.55248,0.28887,0.65633,0.61038,0.54975,0.53854,0.40517,0.38962,0.32493,0.21521,0.214,0.30442,0.21007,0.11725,0.43745,0.46755,0.56737,0.52752,0.57575,0.52649,0.63792,0.57946,0.66262,0.66216,0.66992,0.62616,0.45378,0.53495,0.27308,0.45054,0.37192,0.34751,0.43651,0.52774,0.40232,0.53887,0.29841,0.45716,0.38643,0.36981,0.38205,0.49245,0.25861,0.238,0.29465,0.3204,0.28544,0.45425,0.36162,0.42624,0.44258,0.042286
0.69995,0.75269,0.56654,0.58858,0.45357,0.41798,0.56187,0.5795,0.48252,0.45058,0.75499,0.7481,0.73974,0.69386,0.65041,0.86814,0.85562,0.83336,0.65198,0.69655,0.43631,0.51488,0.58764,0.62245,0.63406,0.55177,0.44334,0.469,1,0.95831,0.73402,0.72174,0.62081,0.69811,0.43301,0.39455,0.54419,0.59928,0.62486,0.71599,0.78611,0.77442,0.56212,0.61646,0.48719,0.51974,0.66645,0.64291,0.52635,0.51135,0.49193,0.49025,0.46374,0.42519,0.59591,0.62959,0.75447,0.69764,0.47911,0.36738,0.63919,0.2742,0.76607,0.63037,0.18557,-0.029539,0.38866,0.41332,0.55654,0.62792,0.51471,0.44398,0.74759,0.64178,0.63529,0.53443,0.51935,0.42579,0.79127,0.839,0.85302,0.82104,0.85122,0.91377,0.53256,0.50066,0.51741,0.47176,0.45345,0.42334,0.28684,0.24457,0.041453,0.13098,0.69679,0.71039,0.54051,0.56122,0.44799,0.48341,0.34846,0.28082,0.49053,0.39664,0.41502,0.40348,0.36745,0.21681,0.48458,0.66043,0.17269,0.38843,0.35363,0.50006,0.45997,0.43111
0.70524,0.77351,0.57498,0.61658,0.44667,0.42027,0.57339,0.6152,0.49465,0.48107,0.76465,0.81973,0.75482,0.75387,0.61595,0.88502,0.89582,0.88872,0.64416,0.70119,0.39319,0.44317,0.58179,0.6276,0.60317,0.53708,0.42689,0.45661,0.95831,1,0.71239,0.72113,0.63367,0.72169,0.4339,0.3945,0.52458,0.58001,0.58495,0.69281,0.78643,0.75498,0.58348,0.63958,0.49327,0.52895,0.69847,0.66067,0.5324,0.52009,0.50809,0.5192,0.4927,0.43905,0.6272,0.65241,0.76914,0.71657,0.5,0.3978,0.64841,0.29135,0.8052,0.68783,0.17562,-0.025439,0.38861,0.43247,0.58274,0.65169,0.52938,0.43323,0.75728,0.6743,0.63306,0.53604,0.53857,0.4644,0.83483,0.87144,0.86022,0.85855,0.80639,0.92805,0.54401,0.53718,0.51389,0.48525,0.46782,0.44922,0.31304,0.24619,0.065549,0.13671,0.67414,0.70551,0.5718,0.60151,0.49411,0.50761,0.37653,0.29499,0.51937,0.42414,0.40533,0.40725,0.38225,0.21793,0.47092,0.64132,0.22802,0.44401,0.40997,0.54359,0.46815,0.42744
0.59137,0.62991,0.67141,0.64045,0.277,0.40014,0.69508,0.72359,0.50408,0.45761,0.61787,0.61949,0.63951,0.6008,0.51894,0.6967,0.56695,0.58437,0.62125,0.66362,0.3537,0.5581,0.69328,0.7246,0.69889,0.82338,0.39437,0.45884,0.73402,0.71239,1,0.95626,0.7279,0.77529,0.54695,0.57799,0.49043,0.49661,0.48878,0.52804,0.63561,0.62187,0.58011,0.56451,0.56421,0.5078,0.59223,0.60011,0.51147,0.48476,0.44351,0.40256,0.35583,0.43608,0.44551,0.46376,0.58815,0.54751,0.4663,0.31249,0.54589,0.28518,0.58925,0.53121,0.27306,0.12329,0.53519,0.52707,0.45525,0.53332,0.66096,0.59486,0.74849,0.68318,0.73065,0.66792,0.60307,0.57314,0.53002,0.61202,0.59767,0.60631,0.63172,0.66006,0.46198,0.44106,0.32008,0.24178,0.38873,0.33895,0.45884,0.42174,0.24055,0.32237,0.5181,0.48337,0.58636,0.48858,0.49441,0.50133,0.42781,0.33304,0.4725,0.33567,0.42642,0.40232,0.43623,0.27031,0.23252,0.44247,0.22881,0.39323,0.34173,0.38828,0.39562,0.26055
0.60885,0.65151,0.63294,0.65062,0.19175,0.36456,0.69573,0.76115,0.44915,0.46268,0.65918,0.65025,0.6118,0.60132,0.49364,0.68214,0.59992,0.63415,0.63416,0.66995,0.26159,0.50052,0.66971,0.73688,0.71634,0.83264,0.34547,0.42244,0.72174,0.72113,0.95626,1,0.74079,0.80517,0.56915,0.58939,0.45705,0.45701,0.49051,0.50674,0.61202,0.61754,0.6018,0.58962,0.57651,0.51941,0.64439,0.6411,0.51754,0.50355,0.46447,0.43299,0.40578,0.48926,0.47757,0.5037,0.61438,0.59889,0.44566,0.35593,0.55383,0.33793,0.60509,0.57738,0.29526,0.17857,0.5463,0.54571,0.45523,0.53497,0.63254,0.57494,0.75244,0.71652,0.68129,0.6572,0.59467,0.57119,0.54781,0.65873,0.64064,0.65681,0.65236,0.68488,0.51522,0.4903,0.35076,0.23793,0.40335,0.36971,0.44602,0.40228,0.19957,0.27286,0.52196,0.51049,0.58182,0.46905,0.49348,0.50722,0.39599,0.28639,0.40394,0.25342,0.35849,0.34393,0.40479,0.22692,0.19437,0.4435,0.16247,0.3561,0.29522,0.33742,0.33893,0.28295
0.79178,0.79864,0.72675,0.74896,0.37472,0.5489,0.7439,0.77934,0.56674,0.46192,0.69092,0.64399,0.62214,0.5782,0.52863,0.62163,0.68341,0.71262,0.80709,0.8359,0.26275,0.46867,0.57195,0.61088,0.6038,0.6769,0.43712,0.54436,0.62081,0.63367,0.7279,0.74079,1,0.95611,0.87334,0.83065,0.6411,0.60553,0.55238,0.55927,0.55974,0.55855,0.78639,0.7439,0.79256,0.72348,0.73261,0.75929,0.74555,0.72116,0.62117,0.56992,0.55207,0.54906,0.5302,0.5628,0.78583,0.75086,0.73069,0.6649,0.72969,0.42539,0.73187,0.59283,0.51733,0.31163,0.86519,0.84771,0.74487,0.74816,0.52293,0.47564,0.53809,0.49367,0.46369,0.57982,0.64716,0.60069,0.60402,0.68123,0.68539,0.67042,0.57875,0.63203,0.55775,0.49716,0.3714,0.23415,0.53688,0.48362,0.57043,0.54253,0.23298,0.42554,0.45512,0.45615,0.61687,0.53596,0.54383,0.60035,0.47538,0.44758,0.47896,0.38372,0.38185,0.46604,0.35169,0.26332,0.25601,0.37393,0.30618,0.50334,0.41526,0.41235,0.40569,0.1213
0.79067,0.84591,0.70202,0.75088,0.36023,0.53333,0.70928,0.79043,0.52451,0.47035,0.70559,0.7017,0.62264,0.62063,0.52399,0.67721,0.74489,0.78938,0.83268,0.88826,0.27325,0.48035,0.58347,0.63991,0.60356,0.69547,0.41761,0.52226,0.69811,0.72169,0.77529,0.80517,0.95611,1,0.81994,0.82393,0.62839,0.61179,0.5586,0.57886,0.62638,0.62285,0.79481,0.7706,0.78269,0.734,0.76061,0.78953,0.73331,0.70816,0.60278,0.56692,0.54648,0.56504,0.54266,0.57287,0.82384,0.79443,0.71981,0.63036,0.71824,0.39649,0.76718,0.62979,0.41501,0.23458,0.80025,0.81857,0.76133,0.79114,0.55985,0.52293,0.61277,0.5793,0.51934,0.61291,0.68539,0.64773,0.65543,0.73739,0.73238,0.72903,0.62716,0.69855,0.54683,0.49458,0.38373,0.25939,0.50904,0.46364,0.57011,0.51113,0.2419,0.38131,0.50677,0.51272,0.65911,0.55545,0.58904,0.62366,0.49919,0.42775,0.52346,0.39613,0.4087,0.43685,0.39801,0.26732,0.25108,0.44672,0.33466,0.54501,0.45007,0.47103,0.4072,0.19466
0.78085,0.69921,0.74275,0.76696,0.44957,0.63243,0.72158,0.72367,0.51414,0.46782,0.66823,0.52566,0.58073,0.50545,0.49587,0.48065,0.53906,0.53917,0.76452,0.7472,0.30437,0.45626,0.61844,0.62838,0.51963,0.51708,0.47816,0.5634,0.43301,0.4339,0.54695,0.56915,0.87334,0.81994,1,0.86332,0.69427,0.65953,0.59363,0.56403,0.4277,0.43096,0.72039,0.64163,0.72898,0.64441,0.60917,0.66395,0.67678,0.6439,0.53289,0.475,0.50445,0.49473,0.44916,0.50404,0.70949,0.65951,0.71029,0.66252,0.65618,0.34652,0.5524,0.38765,0.60505,0.33025,0.88571,0.81562,0.71083,0.65916,0.37604,0.35061,0.32256,0.25866,0.23193,0.41581,0.51762,0.47281,0.45548,0.49848,0.52632,0.48083,0.45584,0.47358,0.51916,0.43556,0.42441,0.30106,0.51262,0.48091,0.55715,0.55592,0.25949,0.46282,0.37335,0.32223,0.47224,0.39496,0.41838,0.52892,0.41773,0.45319,0.36043,0.34241,0.35928,0.46925,0.32063,0.22609,0.17141,0.28604,0.29849,0.44512,0.40142,0.31301,0.37589,0.11358
0.61816,0.60386,0.61273,0.64367,0.3099,0.59105,0.57549,0.67972,0.393,0.44053,0.46464,0.48295,0.42892,0.45766,0.35189,0.43985,0.45975,0.48918,0.68215,0.75165,0.26495,0.4742,0.44883,0.50945,0.40096,0.58597,0.35588,0.48165,0.39455,0.3945,0.57799,0.58939,0.83065,0.82393,0.86332,1,0.60049,0.59496,0.42373,0.41275,0.37294,0.37699,0.64544,0.55603,0.68514,0.5914,0.48559,0.57683,0.58028,0.53129,0.39302,0.33814,0.35911,0.3721,0.27643,0.30049,0.59134,0.52656,0.63018,0.53116,0.51873,0.26316,0.47294,0.34953,0.39832,0.2891,0.82221,0.82728,0.62845,0.5993,0.48462,0.50234,0.31792,0.28332,0.30593,0.53546,0.6263,0.62562,0.41321,0.39792,0.4156,0.38969,0.35556,0.38445,0.32145,0.27969,0.19196,0.079024,0.35022,0.27803,0.71049,0.624,0.51443,0.58869,0.27191,0.28785,0.57316,0.48065,0.54226,0.5677,0.58413,0.58089,0.51096,0.48287,0.50678,0.49505,0.48701,0.38791,0.047365,0.26085,0.51156,0.60028,0.56154,0.43258,0.44957,0.054229
0.7307,0.64808,0.75364,0.74328,0.69306,0.67079,0.56231,0.47878,0.49117,0.3841,0.60465,0.41703,0.55247,0.48596,0.61855,0.59081,0.55816,0.54019,0.69303,0.64625,0.71284,0.72024,0.73263,0.70035,0.44468,0.32847,0.72597,0.73591,0.54419,0.52458,0.49043,0.45705,0.6411,0.62839,0.69427,0.60049,1,0.93857,0.84301,0.86709,0.72662,0.68663,0.59605,0.57499,0.60911,0.5981,0.52805,0.59015,0.61823,0.59842,0.52664,0.49142,0.56694,0.50189,0.60879,0.63076,0.69152,0.60868,0.5973,0.44424,0.54044,0.043121,0.53401,0.17625,0.3912,-0.0045906,0.67221,0.59979,0.68845,0.61951,0.41925,0.36627,0.31797,0.16703,0.26726,0.28669,0.38665,0.28528,0.5483,0.51884,0.59573,0.52225,0.56457,0.60123,0.52655,0.44863,0.60812,0.66109,0.56253,0.50883,0.47017,0.50284,0.20356,0.4008,0.50858,0.37895,0.43266,0.48936,0.37264,0.51483,0.28605,0.44099,0.39929,0.41358,0.37256,0.53874,0.25485,0.20208,0.43553,0.40832,0.31249,0.49083,0.47424,0.37183,0.48983,0.18863
0.71716,0.6415,0.73465,0.72927,0.71798,0.68679,0.54135,0.49047,0.50195,0.46424,0.60318,0.47,0.5946,0.57721,0.60461,0.64324,0.57274,0.53934,0.67274,0.6523,0.72619,0.72585,0.73695,0.70259,0.41398,0.30397,0.66642,0.70433,0.59928,0.58001,0.49661,0.45701,0.60553,0.61179,0.65953,0.59496,0.93857,1,0.80305,0.89107,0.71334,0.71258,0.54876,0.5135,0.54674,0.54512,0.4881,0.5583,0.57405,0.54948,0.46663,0.42866,0.48672,0.43539,0.56389,0.60168,0.68718,0.588,0.59758,0.41392,0.52117,0.0021404,0.50297,0.17539,0.33173,-0.054305,0.61773,0.55483,0.68275,0.60668,0.46379,0.42228,0.33332,0.1873,0.30179,0.3443,0.42685,0.34111,0.54962,0.4886,0.5597,0.50109,0.54712,0.61315,0.45998,0.39848,0.54698,0.6357,0.51778,0.45414,0.49805,0.50693,0.27116,0.42852,0.51255,0.44196,0.44388,0.52802,0.39552,0.53817,0.38034,0.48465,0.48328,0.52894,0.46607,0.58467,0.36978,0.31394,0.42825,0.45604,0.38587,0.54687,0.54396,0.43863,0.56883,0.18417
0.73313,0.63429,0.68037,0.67584,0.63332,0.53756,0.57609,0.45822,0.52764,0.37407,0.67619,0.45189,0.60028,0.48411,0.70237,0.66741,0.58902,0.56485,0.65105,0.57422,0.63361,0.66668,0.72004,0.70223,0.62601,0.36102,0.70734,0.67659,0.62486,0.58495,0.48878,0.49051,0.55238,0.5586,0.59363,0.42373,0.84301,0.80305,1,0.91752,0.73787,0.74999,0.55055,0.57635,0.56927,0.5803,0.5922,0.62539,0.60565,0.58245,0.56573,0.51701,0.58453,0.50988,0.67112,0.71983,0.69131,0.64414,0.55158,0.44629,0.63001,0.17131,0.58998,0.30906,0.41975,0.0018537,0.57923,0.49275,0.61443,0.56894,0.28369,0.24141,0.3623,0.2215,0.2897,0.27179,0.28691,0.14968,0.51883,0.58029,0.65656,0.60214,0.76379,0.71341,0.61675,0.52214,0.7164,0.68934,0.59426,0.55719,0.26996,0.35477,-0.0039285,0.22019,0.62252,0.57065,0.39667,0.44909,0.25621,0.42408,0.19104,0.27363,0.27513,0.24704,0.26743,0.44654,0.15854,0.18124,0.48795,0.54246,0.10682,0.28659,0.25473,0.29441,0.35729,0.2631
0.76955,0.69663,0.73784,0.73074,0.71513,0.58681,0.59658,0.48653,0.56265,0.45126,0.71838,0.5202,0.68688,0.59992,0.72894,0.73729,0.66169,0.6458,0.67052,0.60203,0.69609,0.70379,0.7835,0.74824,0.60467,0.35405,0.73783,0.72016,0.71599,0.69281,0.52804,0.50674,0.55927,0.57886,0.56403,0.41275,0.86709,0.89107,0.91752,1,0.83167,0.84492,0.55825,0.59424,0.55779,0.582,0.62006,0.65398,0.61506,0.60211,0.59194,0.56699,0.59568,0.53245,0.74006,0.78744,0.7561,0.69121,0.57517,0.44544,0.64983,0.13177,0.64644,0.34254,0.37079,-0.055947,0.53167,0.47553,0.65567,0.62506,0.38214,0.31969,0.4628,0.29859,0.36915,0.29789,0.36303,0.22405,0.58612,0.62883,0.70356,0.6779,0.74037,0.77246,0.62085,0.56027,0.71642,0.77718,0.63577,0.60905,0.32202,0.4081,0.060203,0.26507,0.64757,0.61888,0.47229,0.56495,0.35018,0.52754,0.27835,0.35287,0.41443,0.40299,0.37556,0.52665,0.25487,0.21698,0.54504,0.56395,0.2075,0.40891,0.37835,0.40513,0.48842,0.26963
0.67814,0.71239,0.61921,0.62462,0.49645,0.41622,0.51214,0.46877,0.42477,0.32847,0.64897,0.56876,0.61109,0.55763,0.61476,0.72642,0.73721,0.75007,0.6422,0.62216,0.59002,0.6446,0.64977,0.6592,0.59033,0.46854,0.59448,0.62116,0.78611,0.78643,0.63561,0.61202,0.55974,0.62638,0.4277,0.37294,0.72662,0.71334,0.73787,0.83167,1,0.86974,0.55724,0.61955,0.51643,0.5348,0.62534,0.61573,0.54618,0.5367,0.55254,0.57584,0.56165,0.5095,0.6617,0.68433,0.72261,0.68173,0.49184,0.36118,0.58519,0.18978,0.72236,0.47615,0.19934,-0.057216,0.42942,0.42075,0.58199,0.59911,0.45077,0.38254,0.68062,0.56424,0.5905,0.43038,0.4449,0.33723,0.69823,0.73125,0.778,0.75986,0.74538,0.80953,0.56559,0.52407,0.61814,0.62175,0.51549,0.50874,0.31784,0.33025,0.06043,0.19384,0.64209,0.5665,0.55681,0.54874,0.42517,0.47966,0.26041,0.30984,0.42131,0.35448,0.35371,0.42362,0.26325,0.14193,0.49267,0.54931,0.2043,0.39556,0.37642,0.44655,0.41483,0.31941
0.6931,0.71034,0.61513,0.61771,0.47274,0.4076,0.53137,0.46268,0.45212,0.36783,0.65989,0.51147,0.5965,0.55145,0.64709,0.73078,0.70699,0.72788,0.62709,0.58779,0.5025,0.67674,0.65336,0.65846,0.664,0.50302,0.61013,0.63866,0.77442,0.75498,0.62187,0.61754,0.55855,0.62285,0.43096,0.37699,0.68663,0.71258,0.74999,0.84492,0.86974,1,0.5481,0.60506,0.52979,0.5554,0.65154,0.65997,0.58321,0.60063,0.60574,0.61182,0.58575,0.56614,0.69557,0.71065,0.71787,0.70283,0.51886,0.44987,0.63799,0.24471,0.71603,0.46028,0.26709,-0.028584,0.4408,0.43356,0.54479,0.56869,0.47303,0.44101,0.65785,0.5646,0.5355,0.40309,0.40236,0.28436,0.61819,0.71399,0.77935,0.76622,0.76412,0.81242,0.62803,0.54241,0.65097,0.61477,0.57754,0.55543,0.29183,0.34636,0.0093243,0.17211,0.58357,0.64251,0.51608,0.51171,0.39232,0.50875,0.25545,0.2881,0.37329,0.31557,0.2816,0.36641,0.21901,0.13997,0.43977,0.52103,0.089367,0.34708,0.30255,0.40086,0.39964,0.21185
0.78918,0.81152,0.65083,0.71238,0.31071,0.39312,0.6294,0.6373,0.40061,0.26585,0.68819,0.52987,0.54619,0.44608,0.49511,0.61106,0.65826,0.67779,0.78631,0.73536,0.19989,0.38426,0.5535,0.64459,0.59974,0.6343,0.42077,0.49053,0.56212,0.58348,0.58011,0.6018,0.78639,0.79481,0.72039,0.64544,0.59605,0.54876,0.55055,0.55825,0.55724,0.5481,1,0.95783,0.88939,0.88585,0.90507,0.89352,0.81437,0.7638,0.63109,0.55646,0.57545,0.55359,0.59635,0.61009,0.793,0.76876,0.64251,0.57841,0.6615,0.27737,0.67801,0.45927,0.37623,0.13137,0.74167,0.74858,0.70884,0.70875,0.36179,0.32291,0.45064,0.37881,0.36539,0.3156,0.59201,0.50701,0.58578,0.72985,0.69353,0.69028,0.56812,0.62041,0.54345,0.48374,0.46302,0.31198,0.46292,0.42762,0.45112,0.4148,0.071445,0.2545,0.49222,0.49601,0.56375,0.4834,0.5566,0.60264,0.30526,0.33565,0.33893,0.32147,0.26292,0.39336,0.22728,0.1725,0.35931,0.37865,0.2045,0.45324,0.30644,0.40603,0.34705,0.096736
