1,0.89153,0.77668,0.72642,0.69156,0.55778,0.78721,0.7519,0.62461,0.60051,0.75864,0.5877,0.69085,0.61363,0.59454,0.43792,0.79327,0.78283,0.8517,0.85793,0.049283,-0.0050088,0.60011,0.62508,0.64215,0.43468,0.62137,0.51436,0.65285,0.57275,0.45323,0.38039,0.83908,0.77071,0.66646,0.61438,0.42305,0.30589,0.54444,0.54069,0.38551,0.26382,0.79519,0.78672,0.75867,0.75813,0.76764,0.79399,0.78745,0.77983,0.7045,0.74575,0.64347,0.61792,0.61849,0.73406,0.92431,0.88806,0.78855,0.79777,0.67603,0.48404,0.77843,0.61608,0.507,0.62994,0.83878,0.81905,0.77711,0.83403,0.24096,0.28961,0.054062,-0.092421,0.088614,0.24719,0.081598,0.091802,0.66121,0.62879,0.80801,0.79215,0.5868,0.72913,0.65491,0.67359,0.38295,0.46921,0.59312,0.63819,0.60504,0.75771,0.3367,0.68708,0.49332,0.27232,0.69685,0.53809,0.75944,0.75793,0.53242,0.64029,0.57478,0.65079,0.21311,0.46405,0.50506,0.57855,0.048293,0.54685,0.62957,0.70536,0.55957,0.52622,0.35157,-0.01627
0.89153,1,0.76158,0.73029,0.68998,0.56552,0.74247,0.71559,0.58044,0.61937,0.67065,0.55848,0.61704,0.59624,0.53767,0.47038,0.7949,0.81189,0.84145,0.86176,0.088638,0.022778,0.5922,0.62983,0.62336,0.42794,0.59231,0.54274,0.60632,0.57948,0.39034,0.34482,0.81752,0.74582,0.64771,0.62164,0.50267,0.39529,0.61078,0.61943,0.41141,0.3258,0.78738,0.79025,0.75265,0.77289,0.7709,0.80489,0.78654,0.79058,0.74769,0.77073,0.68499,0.68185,0.68044,0.77982,0.86624,0.90622,0.75132,0.76776,0.58971,0.44289,0.74146,0.57183,0.47426,0.61446,0.83181,0.81521,0.81418,0.85851,0.24336,0.26655,-0.0029741,-0.12488,0.033885,0.17596,0.073771,0.094202,0.63958,0.64408,0.79931,0.79922,0.5557,0.74219,0.64577,0.69066,0.40202,0.50791,0.62074,0.68552,0.66681,0.7867,0.42977,0.72626,0.48031,0.28424,0.75553,0.57901,0.81083,0.79125,0.61333,0.64302,0.61974,0.67941,0.23936,0.46199,0.5384,0.60143,0.11356,0.57036,0.70192,0.7685,0.6301,0.59393,0.39011,0.0071013
0.77668,0.76158,1,0.83615,0.76366,0.59977,0.90071,0.76776,0.79777,0.77129,0.60363,0.53528,0.7991,0.70966,0.74207,0.64084,0.62015,0.63067,0.77407,0.69681,0.027686,-0.094734,0.85685,0.83314,0.745,0.48521,0.68459,0.64383,0.53875,0.54034,0.39617,0.35635,0.67862,0.59703,0.68512,0.53686,0.56485,0.41477,0.62449,0.62056,0.35497,0.32391,0.66944,0.69009,0.70714,0.70914,0.70012,0.71988,0.7639,0.75812,0.78706,0.75774,0.77575,0.70021,0.7516,0.78772,0.78971,0.78539,0.79391,0.73244,0.72719,0.47463,0.75321,0.53965,0.72339,0.69509,0.79484,0.74409,0.63024,0.68168,0.25473,0.21328,-0.018099,-0.16067,0.038616,0.1232,-0.01779,-0.030235,0.60642,0.57304,0.82529,0.81344,0.68811,0.73656,0.82195,0.83227,0.59975,0.65339,0.77724,0.80705,0.61575,0.79437,0.43317,0.77036,0.44108,0.29454,0.67899,0.58281,0.70405,0.75388,0.5335,0.61001,0.54579,0.61843,0.20132,0.47574,0.47554,0.54532,0.13924,0.50284,0.65303,0.65506,0.53438,0.47892,0.34978,0.066998
0.72642,0.73029,0.83615,1,0.61356,0.50445,0.81579,0.88826,0.71512,0.72701,0.58097,0.57666,0.68499,0.71877,0.58709,0.62598,0.62088,0.62422,0.75197,0.73768,-0.072252,-0.13266,0.7656,0.87569,0.71969,0.62804,0.55243,0.49071,0.56736,0.55476,0.54582,0.53933,0.72367,0.69883,0.69746,0.6522,0.39724,0.28158,0.40817,0.43489,0.29027,0.23445,0.58269,0.57616,0.56898,0.59676,0.58352,0.59861,0.62203,0.64772,0.65822,0.64084,0.62722,0.5761,0.58976,0.63786,0.72755,0.72949,0.6442,0.64277,0.66001,0.62114,0.67433,0.67746,0.59626,0.75621,0.70507,0.73494,0.61221,0.63838,0.40659,0.38314,0.13884,0.002615,0.14249,0.27025,0.18736,0.21609,0.58524,0.5927,0.69407,0.68943,0.50803,0.60564,0.61744,0.70062,0.34073,0.40711,0.56962,0.6562,0.65388,0.73496,0.56788,0.73048,0.43009,0.28436,0.56342,0.41729,0.62928,0.65618,0.62126,0.61165,0.56361,0.58994,0.21433,0.42113,0.46725,0.53017,0.17758,0.49741,0.53926,0.52921,0.53308,0.45274,0.35326,0.11477
0.69156,0.68998,0.76366,0.61356,1,0.68285,0.80101,0.65955,0.79264,0.66121,0.61107,0.48609,0.6828,0.56544,0.62016,0.49182,0.579,0.61581,0.68544,0.65962,0.12275,0.0033691,0.55212,0.56237,0.57634,0.28549,0.65212,0.59408,0.46345,0.46416,0.25815,0.19323,0.62899,0.57432,0.63462,0.47899,0.41568,0.30361,0.54146,0.49185,0.28157,0.21115,0.64945,0.66068,0.66386,0.64388,0.65991,0.70451,0.72041,0.72477,0.69963,0.70119,0.6588,0.61856,0.60884,0.69976,0.70174,0.71208,0.77658,0.72796,0.72899,0.44975,0.6947,0.53892,0.6045,0.60858,0.75452,0.69145,0.54924,0.66131,0.18881,0.19594,-0.10301,-0.20617,0.039926,0.042351,-0.040085,-0.051863,0.53795,0.5118,0.71795,0.69279,0.60196,0.70918,0.67863,0.63886,0.43666,0.5425,0.72392,0.68878,0.57825,0.71776,0.3252,0.66142,0.35159,0.19702,0.60404,0.4745,0.64621,0.66845,0.45449,0.58943,0.50218,0.58143,0.09932,0.39385,0.43694,0.5115,0.094592,0.48851,0.60077,0.6329,0.53816,0.43839,0.27954,-0.044631
0.55778,0.56552,0.59977,0.50445,0.68285,1,0.59531,0.53762,0.56273,0.68692,0.4553,0.4373,0.48845,0.524,0.50344,0.49527,0.43459,0.48687,0.52405,0.52049,0.16962,0.062942,0.41787,0.46396,0.40624,0.25414,0.54193,0.6491,0.36577,0.32463,0.12143,0.084077,0.55304,0.45164,0.53886,0.41137,0.35986,0.27183,0.48105,0.40096,0.2934,0.19663,0.52267,0.53158,0.53845,0.53386,0.52077,0.57052,0.59828,0.62294,0.62016,0.62992,0.61309,0.56729,0.56427,0.61651,0.57795,0.56255,0.66613,0.65601,0.55722,0.46297,0.5874,0.39704,0.48354,0.56404,0.65631,0.64712,0.41476,0.55146,0.057364,0.09394,-0.20189,-0.3033,-0.066649,-0.09202,-0.13082,-0.074028,0.43137,0.37853,0.60927,0.60387,0.53799,0.63938,0.60664,0.59373,0.46204,0.53987,0.60478,0.64839,0.45003,0.55727,0.26176,0.50024,0.25064,0.079629,0.46316,0.36635,0.47526,0.54844,0.3825,0.43036,0.4403,0.38507,0.097097,0.32844,0.32359,0.41029,-0.017742,0.37322,0.42375,0.4867,0.40683,0.39582,0.29175,-0.023634
0.78721,0.74247,0.90071,0.81579,0.80101,0.59531,1,0.85505,0.83257,0.74762,0.70681,0.66264,0.8719,0.77751,0.72583,0.60168,0.61777,0.63657,0.77044,0.70829,-0.06168,-0.16669,0.73775,0.75512,0.68931,0.46624,0.65077,0.56615,0.55724,0.52586,0.40057,0.35074,0.69921,0.63592,0.70076,0.56542,0.41691,0.29517,0.50932,0.49889,0.29043,0.23991,0.6615,0.67293,0.64515,0.63987,0.68103,0.70697,0.71733,0.71785,0.73758,0.72253,0.71648,0.64964,0.64046,0.72609,0.7917,0.7666,0.82788,0.73807,0.86082,0.63013,0.78018,0.65172,0.66303,0.74031,0.78217,0.73056,0.60918,0.66494,0.25055,0.23819,0.020039,-0.13788,0.049277,0.15019,0.029797,0.026537,0.62383,0.6098,0.78347,0.78135,0.65506,0.72934,0.75074,0.76881,0.45131,0.53744,0.73333,0.76909,0.59217,0.77898,0.38696,0.72991,0.44309,0.30144,0.64238,0.52828,0.66257,0.71009,0.50337,0.65458,0.51149,0.59425,0.099112,0.44724,0.4647,0.52014,0.12173,0.55729,0.60023,0.6205,0.54241,0.45824,0.33062,0.078594
0.7519,0.71559,0.76776,0.88826,0.65955,0.53762,0.85505,1,0.73792,0.70737,0.67026,0.7165,0.71822,0.76895,0.57727,0.58196,0.64164,0.64323,0.72505,0.75734,-0.13248,-0.19957,0.62804,0.74055,0.65421,0.57135,0.48765,0.40453,0.64306,0.58993,0.5414,0.55334,0.75195,0.75304,0.66543,0.63269,0.30688,0.20683,0.33751,0.33744,0.25401,0.20408,0.61262,0.60297,0.52264,0.55162,0.5775,0.61696,0.58847,0.61608,0.6349,0.60819,0.58926,0.51213,0.51165,0.58575,0.72988,0.71346,0.67466,0.64957,0.72707,0.72819,0.69474,0.77669,0.48343,0.72123,0.68451,0.71866,0.61962,0.64801,0.41452,0.42884,0.20241,0.072874,0.19245,0.3491,0.24829,0.28456,0.64009,0.64196,0.67689,0.66171,0.49223,0.62038,0.54654,0.61564,0.23843,0.30096,0.50851,0.60054,0.63079,0.72144,0.50032,0.6849,0.44911,0.26803,0.55251,0.39467,0.62806,0.64196,0.60221,0.66403,0.56757,0.59508,0.16924,0.45995,0.5192,0.50124,0.13908,0.49308,0.52055,0.553,0.5402,0.51317,0.37895,0.14258
0.62461,0.58044,0.79777,0.71512,0.79264,0.56273,0.83257,0.73792,1,0.70237,0.54068,0.57975,0.76248,0.67628,0.74386,0.61118,0.56029,0.58195,0.65159,0.58354,-0.071834,-0.19812,0.68668,0.67379,0.59766,0.41117,0.56066,0.50544,0.52063,0.52072,0.39811,0.3564,0.58117,0.57232,0.58545,0.44905,0.39381,0.25672,0.42392,0.42588,0.21939,0.17771,0.52511,0.54036,0.53536,0.52467,0.56553,0.58932,0.59647,0.60938,0.64883,0.61546,0.64712,0.55295,0.60307,0.635,0.62932,0.6052,0.64712,0.57587,0.7083,0.5041,0.70433,0.60417,0.6248,0.60864,0.62513,0.58993,0.43725,0.5051,0.27439,0.24846,0.040062,-0.069417,0.14466,0.17532,0.099786,0.059642,0.57776,0.55045,0.68401,0.66468,0.64546,0.66588,0.67383,0.64979,0.45382,0.47761,0.65531,0.67512,0.53401,0.69149,0.3329,0.64929,0.42246,0.28002,0.59791,0.50704,0.60014,0.64644,0.45983,0.56761,0.50536,0.55403,0.17801,0.51626,0.44106,0.48292,0.18643,0.53835,0.58067,0.55907,0.51289,0.39858,0.33539,0.16756
0.60051,0.61937,0.77129,0.72701,0.66121,0.68692,0.74762,0.70737,0.70237,1,0.42387,0.49444,0.66995,0.66259,0.61827,0.7019,0.46725,0.47471,0.63983,0.54776,0.03677,-0.072051,0.66581,0.7205,0.63137,0.41954,0.61116,0.61909,0.38714,0.39943,0.31857,0.30022,0.56104,0.46456,0.64033,0.53958,0.46289,0.31915,0.54096,0.47222,0.28026,0.2247,0.54507,0.56196,0.57656,0.59482,0.57901,0.61388,0.61708,0.62668,0.64307,0.60853,0.67125,0.58676,0.62457,0.65988,0.64349,0.62172,0.66503,0.62678,0.6418,0.55899,0.63078,0.44508,0.61432,0.67466,0.66265,0.63862,0.48543,0.54772,0.1927,0.23955,-0.093128,-0.19908,-0.028727,0.064291,-0.050028,-0.020246,0.48036,0.4404,0.69629,0.67869,0.57712,0.61567,0.71788,0.72183,0.48863,0.55237,0.68407,0.70959,0.56315,0.65551,0.44211,0.65993,0.3636,0.16036,0.55741,0.45342,0.54338,0.6135,0.47205,0.55638,0.48466,0.52702,0.17681,0.39471,0.40036,0.48602,0.072146,0.43823,0.54435,0.51414,0.49186,0.44281,0.32704,0.021511
0.75864,0.67065,0.60363,0.58097,0.61107,0.4553,0.70681,0.67026,0.54068,0.42387,1,0.63239,0.70786,0.66839,0.53899,0.36046,0.63244,0.6011,0.6616,0.66647,-0.12681,-0.21106,0.42416,0.45912,0.50613,0.29284,0.44955,0.33357,0.62012,0.55089,0.34836,0.3348,0.61301,0.6304,0.4885,0.43249,0.25926,0.13289,0.38922,0.33204,0.30947,0.16123,0.59959,0.57718,0.51913,0.51871,0.59688,0.58316,0.59565,0.57974,0.59373,0.58003,0.5326,0.4842,0.48723,0.55616,0.74045,0.66996,0.6663,0.63554,0.67672,0.45751,0.6866,0.58281,0.33875,0.49812,0.61312,0.58452,0.52203,0.59957,0.20083,0.24367,0.14928,-0.011375,0.1192,0.20261,0.10526,0.13519,0.49387,0.55986,0.62022,0.63423,0.51629,0.60066,0.48252,0.50756,0.24339,0.30775,0.4833,0.53226,0.43728,0.56097,0.17117,0.45932,0.43475,0.29939,0.56385,0.39814,0.62952,0.57568,0.33637,0.50222,0.43006,0.50845,0.11804,0.39603,0.38204,0.43961,0.010337,0.49132,0.41473,0.50865,0.37163,0.38877,0.33049,0.068908
0.5877,0.55848,0.53528,0.57666,0.48609,0.4373,0.66264,0.7165,0.57975,0.49444,0.63239,1,0.6545,0.78433,0.56507,0.57538,0.53065,0.54336,0.5264,0.53803,-0.20985,-0.19444,0.46573,0.5228,0.51086,0.42438,0.33674,0.26864,0.5915,0.60977,0.4585,0.46879,0.53765,0.55228,0.43162,0.40439,0.1854,0.13595,0.21288,0.21625,0.26519,0.23305,0.40451,0.37128,0.28605,0.30586,0.39409,0.40149,0.3787,0.36551,0.47889,0.38836,0.46089,0.36804,0.36514,0.40199,0.53264,0.47166,0.47244,0.40308,0.54974,0.53192,0.60642,0.61561,0.26504,0.49702,0.43074,0.42679,0.395,0.41322,0.32581,0.36697,0.22524,0.15941,0.1635,0.25113,0.26196,0.26818,0.54302,0.59604,0.54648,0.56928,0.46587,0.54889,0.39822,0.47778,0.19641,0.2128,0.35068,0.48626,0.41881,0.49674,0.27586,0.43377,0.4446,0.29234,0.49898,0.36561,0.49781,0.46103,0.43703,0.51997,0.50071,0.48533,0.2557,0.47863,0.412,0.38343,0.20838,0.51157,0.37942,0.46874,0.45435,0.51462,0.48082,0.33724
0.69085,0.61704,0.7991,0.68499,0.6828,0.48845,0.8719,0.71822,0.76248,0.66995,0.70786,0.6545,1,0.83736,0.8667,0.66044,0.52506,0.52567,0.68277,0.55609,-0.19109,-0.28193,0.7385,0.70777,0.65646,0.35217,0.64565,0.5096,0.52406,0.51357,0.3571,0.31036,0.51159,0.48406,0.5852,0.40632,0.402,0.26955,0.52179,0.49107,0.31087,0.22807,0.54999,0.55417,0.56247,0.53846,0.63708,0.5968,0.61057,0.59937,0.60078,0.59371,0.64417,0.52491,0.60905,0.66714,0.70653,0.62737,0.69051,0.59035,0.75621,0.51631,0.77129,0.52123,0.6373,0.63065,0.6123,0.53689,0.40686,0.50206,0.10369,0.1532,-0.014727,-0.14473,0.037534,0.080439,-0.051047,-0.089525,0.51524,0.54252,0.7554,0.76906,0.77258,0.7252,0.76838,0.75756,0.52202,0.57802,0.67747,0.74519,0.40882,0.57359,0.17641,0.53701,0.50343,0.34639,0.61459,0.52247,0.5898,0.58937,0.3212,0.51825,0.40488,0.46246,0.18159,0.48219,0.33166,0.43753,0.1149,0.53824,0.45112,0.48266,0.38995,0.35324,0.32104,0.18808
0.61363,0.59624,0.70966,0.71877,0.56544,0.524,0.77751,0.76895,0.67628,0.66259,0.66839,0.78433,0.83736,1,0.75045,0.75959,0.52544,0.55339,0.59269,0.54838,-0.19545,-0.28163,0.70244,0.73494,0.65028,0.45902,0.48782,0.42034,0.58369,0.60114,0.42396,0.44098,0.52504,0.52521,0.53786,0.45252,0.39859,0.28871,0.42613,0.41274,0.30504,0.29194,0.46575,0.45209,0.41706,0.42477,0.5212,0.4991,0.49617,0.48909,0.59283,0.50916,0.61628,0.49367,0.56014,0.56926,0.59488,0.53659,0.56204,0.48339,0.62706,0.54294,0.71594,0.57918,0.51757,0.61871,0.54006,0.52079,0.40879,0.43776,0.24415,0.30111,0.10051,0.040942,0.075997,0.18948,0.12198,0.12774,0.52925,0.60017,0.68359,0.68953,0.65549,0.66972,0.63617,0.68403,0.41097,0.43472,0.53961,0.652,0.46099,0.56031,0.30807,0.51096,0.51405,0.35463,0.56678,0.46164,0.55578,0.53984,0.41866,0.5094,0.49167,0.48474,0.2721,0.52969,0.4004,0.43111,0.19517,0.53359,0.4219,0.46429,0.4197,0.46385,0.42257,0.32856
0.59454,0.53767,0.74207,0.58709,0.62016,0.50344,0.72583,0.57727,0.74386,0.61827,0.53899,0.56507,0.8667,0.75045,1,0.73577,0.48156,0.51009,0.63524,0.45688,-0.09911,-0.22108,0.75526,0.65186,0.55402,0.23642,0.62056,0.5304,0.5054,0.498,0.28909,0.24237,0.41639,0.38074,0.47616,0.25473,0.43516,0.28315,0.57972,0.53261,0.36278,0.2476,0.44033,0.44953,0.49671,0.46086,0.5494,0.50112,0.53156,0.52326,0.51828,0.5352,0.60883,0.47425,0.62227,0.62866,0.59506,0.51577,0.57117,0.4958,0.62025,0.38737,0.75386,0.41791,0.65016,0.54753,0.51219,0.42804,0.306,0.40884,0.037829,0.09731,-0.037731,-0.14695,0.051905,0.046206,-0.087756,-0.15027,0.46466,0.45822,0.73401,0.71608,0.86485,0.75876,0.78151,0.7184,0.64866,0.65246,0.66025,0.71009,0.3117,0.49038,0.086597,0.45995,0.49542,0.41134,0.62352,0.59092,0.53931,0.55047,0.27245,0.43324,0.39626,0.40661,0.20538,0.54215,0.26926,0.37274,0.14172,0.55711,0.42902,0.481,0.37529,0.33216,0.28843,0.28998
0.43792,0.47038,0.64084,0.62598,0.49182,0.49527,0.60168,0.58196,0.61118,0.7019,0.36046,0.57538,0.66044,0.75959,0.73577,1,0.41518,0.40944,0.48565,0.40652,-0.038094,-0.081817,0.71792,0.73874,0.60426,0.43015,0.48034,0.48697,0.52146,0.5803,0.43214,0.43984,0.36957,0.35563,0.41913,0.28199,0.49182,0.39279,0.5073,0.51668,0.33818,0.34585,0.32603,0.3236,0.33099,0.33019,0.39999,0.38371,0.3811,0.37239,0.45011,0.39078,0.52417,0.41009,0.55977,0.50393,0.40628,0.36651,0.42013,0.34646,0.44804,0.43819,0.53035,0.38301,0.44544,0.50669,0.39486,0.36059,0.28697,0.32553,0.20238,0.22965,0.086922,0.049884,0.10337,0.12178,0.049167,0.033075,0.443,0.45018,0.59968,0.59488,0.65039,0.61617,0.57348,0.6261,0.47783,0.48905,0.50343,0.61872,0.37495,0.43125,0.31026,0.44828,0.46474,0.36196,0.54714,0.52767,0.45425,0.46829,0.3924,0.42912,0.42109,0.43274,0.28117,0.5082,0.27833,0.36451,0.28651,0.53822,0.40574,0.42994,0.38808,0.40114,0.3186,0.37878
0.79327,0.7949,0.62015,0.62088,0.579,0.43459,0.61777,0.64164,0.56029,0.46725,0.63244,0.53065,0.52506,0.52544,0.48156,0.41518,1,0.88622,0.74902,0.83457,0.10505,0.039272,0.49788,0.52692,0.5756,0.44536,0.4824,0.37866,0.79994,0.73434,0.52722,0.50864,0.84304,0.81396,0.54881,0.55656,0.45587,0.40052,0.46933,0.52448,0.37792,0.33038,0.72528,0.68224,0.63442,0.65647,0.64964,0.69426,0.68227,0.69512,0.62602,0.60139,0.54997,0.48274,0.52236,0.58371,0.77754,0.77019,0.61174,0.64126,0.49699,0.35465,0.72912,0.66148,0.36664,0.49616,0.72227,0.72691,0.75576,0.78098,0.31747,0.33731,0.13049,0.040993,0.23893,0.30694,0.24934,0.25463,0.83783,0.77554,0.7725,0.73273,0.53031,0.71079,0.50771,0.53824,0.26011,0.3402,0.46531,0.50449,0.67486,0.74988,0.43402,0.68973,0.50275,0.32833,0.66112,0.5626,0.77238,0.74834,0.64783,0.66023,0.66163,0.71613,0.38537,0.515,0.58463,0.62747,0.25778,0.5354,0.67506,0.74099,0.59345,0.53518,0.39895,0.15693
0.78283,0.81189,0.63067,0.62422,0.61581,0.48687,0.63657,0.64323,0.58195,0.47471,0.6011,0.54336,0.52567,0.55339,0.51009,0.40944,0.88622,1,0.75935,0.82706,0.14101,0.06979,0.49301,0.5275,0.5666,0.41119,0.50043,0.41912,0.71985,0.7144,0.47486,0.42385,0.83436,0.80521,0.60824,0.58267,0.42714,0.3658,0.48744,0.5128,0.34906,0.33237,0.73292,0.69837,0.64995,0.64974,0.66134,0.70431,0.6901,0.68857,0.61235,0.60881,0.54514,0.49685,0.51481,0.60843,0.78298,0.7985,0.61928,0.65306,0.52381,0.36126,0.74302,0.69388,0.42514,0.52196,0.73847,0.73871,0.71635,0.77795,0.28971,0.32736,0.039929,-0.0087107,0.14208,0.24489,0.23671,0.23364,0.7723,0.78302,0.74133,0.74349,0.52845,0.75544,0.5319,0.54621,0.26769,0.36368,0.49456,0.52546,0.62633,0.74471,0.37709,0.65806,0.45557,0.31345,0.65525,0.51475,0.71792,0.7122,0.58813,0.60611,0.61486,0.65861,0.29885,0.49152,0.52225,0.59219,0.23546,0.54929,0.68614,0.72172,0.59487,0.54546,0.41511,0.1188
0.8517,0.84145,0.77407,0.75197,0.68544,0.52405,0.77044,0.72505,0.65159,0.63983,0.6616,0.5264,0.68277,0.59269,0.63524,0.48565,0.74902,0.75935,1,0.86933,0.054937,-0.024308,0.61669,0.65617,0.59869,0.37707,0.58683,0.50711,0.59468,0.53399,0.43601,0.35203,0.81997,0.74922,0.65835,0.60206,0.40558,0.28005,0.52934,0.53075,0.3472,0.22093,0.76402,0.74904,0.7506,0.74449,0.71593,0.75045,0.7362,0.72828,0.62123,0.66412,0.54601,0.50626,0.56132,0.68466,0.82706,0.81503,0.72212,0.71944,0.67075,0.48114,0.76705,0.62967,0.53593,0.6427,0.79457,0.76638,0.76595,0.79834,0.25699,0.27114,0.11402,-0.064408,0.11923,0.22141,0.10841,0.079997,0.59165,0.56306,0.76414,0.74624,0.55358,0.67061,0.62736,0.62633,0.36224,0.44495,0.54563,0.598,0.60705,0.74906,0.37298,0.69961,0.43826,0.26692,0.69399,0.55852,0.72445,0.75508,0.55384,0.64305,0.58815,0.62418,0.22053,0.44288,0.48448,0.62581,0.052959,0.57792,0.65213,0.71983,0.58356,0.51027,0.38198,-0.049845
0.85793,0.86176,0.69681,0.73768,0.65962,0.52049,0.70829,0.75734,0.58354,0.54776,0.66647,0.53803,0.55609,0.54838,0.45688,0.40652,0.83457,0.82706,0.86933,1,0.14154,0.071848,0.50504,0.59245,0.59686,0.46563,0.55094,0.45711,0.68802,0.6207,0.52786,0.47614,0.91422,0.89212,0.65637,0.65341,0.39535,0.30581,0.42784,0.45855,0.32521,0.22315,0.78408,0.75852,0.7016,0.71887,0.67546,0.74599,0.72267,0.72354,0.6294,0.64436,0.51347,0.49919,0.48445,0.61403,0.81583,0.83495,0.69612,0.72529,0.60745,0.46959,0.70105,0.70778,0.40287,0.5837,0.79812,0.81716,0.85748,0.88618,0.36426,0.38503,0.16224,0.022051,0.16803,0.29374,0.24045,0.26972,0.70456,0.64804,0.69931,0.678,0.414,0.66018,0.49349,0.51326,0.19271,0.3053,0.47331,0.50721,0.6901,0.79052,0.49919,0.7369,0.4342,0.24584,0.62634,0.44576,0.71677,0.73931,0.65798,0.66458,0.6281,0.66772,0.24867,0.43917,0.57269,0.62198,0.15704,0.52924,0.65046,0.7111,0.58395,0.56051,0.40119,-0.027722
0.049283,0.088638,0.027686,-0.072252,0.12275,0.16962,-0.06168,-0.13248,-0.071834,0.03677,-0.12681,-0.20985,-0.19109,-0.19545,-0.09911,-0.038094,0.10505,0.14101,0.054937,0.14154,1,0.82649,-0.035518,-0.050678,0.0071267,0.02782,0.16572,0.27322,-0.023974,-0.034452,-0.040465,-0.052653,0.15595,0.069571,0.038258,0.038787,0.28221,0.28797,0.27306,0.2824,0.35755,0.35823,0.083066,0.070414,0.067767,0.10497,0.014105,0.086269,0.13843,0.13499,0.049697,0.069256,0.010498,0.026725,0.009751,0.042003,0.012565,0.10148,0.057912,0.10852,-0.085262,-0.15884,0.029077,-0.036827,0.019883,0.0098096,0.11781,0.11846,0.23166,0.18761,0.067174,0.055025,-0.12626,-0.081722,-0.011035,-0.13164,-0.040177,-0.027269,0.11414,0.0025415,0.053689,0.019232,-0.040173,0.18201,0.0099966,0.00011434,0.058954,0.10186,0.095378,-0.0018957,0.17959,0.098242,0.19794,0.1386,-0.2062,-0.02711,-0.047363,-0.031945,0.027242,0.062214,0.15113,0.086348,0.13633,0.086965,0.13738,-0.059259,0.095999,0.17445,0.025248,-0.12947,0.15056,0.12097,0.040599,-0.031721,0.032796,-0.13539
-0.0050088,0.022778,-0.094734,-0.13266,0.0033691,0.062942,-0.16669,-0.19957,-0.19812,-0.072051,-0.21106,-0.19444,-0.28193,-0.28163,-0.22108,-0.081817,0.039272,0.06979,-0.024308,0.071848,0.82649,1,-0.101,-0.083666,0.0025068,0.093115,0.1026,0.22932,-0.061359,-0.037615,0.045227,0.027113,0.087956,0.022666,-0.0069593,0.04632,0.20434,0.27836,0.16153,0.20165,0.33414,0.35675,0.0011147,-0.010715,-0.010136,0.015066,-0.091463,-0.0092393,0.038752,0.016869,-0.053046,-0.056083,-0.13971,-0.096968,-0.12441,-0.080206,-0.073385,0.0078444,-0.040953,-0.0059236,-0.17013,-0.18095,-0.13772,-0.10357,-0.095312,-0.038753,0.043866,0.037925,0.18866,0.10887,0.11211,0.10192,-0.092277,-0.012875,-0.019011,-0.12718,0.021357,0.042571,0.036375,-0.030843,-0.086549,-0.10762,-0.1363,0.085912,-0.15482,-0.099379,-0.11333,-0.034415,-0.055956,-0.10897,0.13123,0.015999,0.21136,0.078591,-0.27435,-0.031019,-0.15322,-0.14606,-0.075985,-0.037494,0.13634,0.049231,0.066362,0.017778,0.12404,-0.15475,0.02811,0.11649,0.19335,-0.14659,0.072357,0.034547,-0.014129,-0.11424,-0.017712,-0.11558
0.60011,0.5922,0.85685,0.7656,0.55212,0.41787,0.73775,0.62804,0.68668,0.66581,0.42416,0.46573,0.7385,0.70244,0.75526,0.71792,0.49788,0.49301,0.61669,0.50504,-0.035518,-0.101,1,0.90631,0.76847,0.53191,0.61006,0.53722,0.50016,0.51003,0.48001,0.45246,0.50542,0.45284,0.56805,0.43323,0.56735,0.48552,0.54524,0.59763,0.39507,0.39819,0.4648,0.47245,0.51351,0.51178,0.53179,0.51661,0.55306,0.5506,0.59941,0.54066,0.61588,0.55999,0.6591,0.64868,0.58675,0.57246,0.54278,0.4847,0.54182,0.37278,0.63794,0.39496,0.72753,0.63048,0.57573,0.54507,0.45945,0.46669,0.26895,0.22935,0.011052,-0.08642,0.038481,0.12143,0.03819,0.0064998,0.53074,0.49674,0.73087,0.71692,0.68725,0.66899,0.7517,0.79387,0.58774,0.6151,0.63227,0.71616,0.52684,0.62819,0.42512,0.64314,0.42113,0.34882,0.58556,0.52987,0.57745,0.60814,0.44951,0.46253,0.44492,0.48702,0.27794,0.45292,0.34481,0.41124,0.26193,0.44286,0.54201,0.52509,0.4365,0.357,0.33662,0.22724
0.62508,0.62983,0.83314,0.87569,0.56237,0.46396,0.75512,0.74055,0.67379,0.7205,0.45912,0.5228,0.70777,0.73494,0.65186,0.73874,0.52692,0.5275,0.65617,0.59245,-0.050678,-0.083666,0.90631,1,0.81816,0.6565,0.60921,0.52788,0.54791,0.53169,0.56597,0.55191,0.60393,0.56301,0.63712,0.54238,0.50335,0.39793,0.46892,0.48698,0.38339,0.35499,0.4727,0.46676,0.48691,0.49189,0.50677,0.50885,0.52756,0.53413,0.58447,0.52456,0.5782,0.53828,0.59179,0.59537,0.61344,0.60334,0.54744,0.49487,0.58735,0.5186,0.62866,0.52299,0.6637,0.72954,0.61167,0.60937,0.5445,0.53036,0.36912,0.33011,0.11686,-0.0086408,0.10296,0.18268,0.14947,0.14265,0.55927,0.55875,0.69438,0.69869,0.57431,0.60759,0.66166,0.76999,0.43805,0.48768,0.57408,0.67285,0.58826,0.65048,0.54403,0.68939,0.43391,0.29443,0.54188,0.43601,0.55714,0.57813,0.54707,0.54474,0.49089,0.53868,0.25467,0.39372,0.3461,0.45202,0.26796,0.46232,0.52298,0.48883,0.46471,0.37617,0.33744,0.17267
0.64215,0.62336,0.745,0.71969,0.57634,0.40624,0.68931,0.65421,0.59766,0.63137,0.50613,0.51086,0.65646,0.65028,0.55402,0.60426,0.5756,0.5666,0.59869,0.59686,0.0071267,0.0025068,0.76847,0.81816,1,0.74334,0.66479,0.45974,0.61231,0.58292,0.65349,0.58304,0.62768,0.60406,0.68042,0.59642,0.44187,0.34404,0.39584,0.42054,0.3908,0.30846,0.53305,0.51093,0.50754,0.51786,0.52828,0.5345,0.5574,0.5655,0.57475,0.50333,0.51767,0.45751,0.47306,0.52461,0.62217,0.60019,0.56143,0.5224,0.5675,0.48222,0.6125,0.49966,0.60199,0.66471,0.6241,0.61343,0.56195,0.57751,0.39724,0.40446,0.17171,0.05568,0.16871,0.23019,0.2763,0.25465,0.63063,0.6128,0.66679,0.65831,0.50883,0.58071,0.57064,0.64115,0.29643,0.37028,0.49485,0.55728,0.5932,0.65495,0.4767,0.6622,0.44473,0.29812,0.49577,0.39118,0.58361,0.58797,0.51731,0.56626,0.51736,0.56825,0.24995,0.43822,0.38209,0.44451,0.28443,0.45707,0.52559,0.53595,0.48144,0.42351,0.3783,0.12929
0.43468,0.42794,0.48521,0.62804,0.28549,0.25414,0.46624,0.57135,0.41117,0.41954,0.29284,0.42438,0.35217,0.45902,0.23642,0.43015,0.44536,0.41119,0.37707,0.46563,0.02782,0.093115,0.53191,0.6565,0.74334,1,0.40213,0.23234,0.58314,0.56699,0.76899,0.77629,0.55408,0.59019,0.5308,0.59904,0.2614,0.29971,0.10777,0.18546,0.28044,0.34174,0.34289,0.29635,0.23978,0.27844,0.3107,0.31176,0.32394,0.33021,0.37468,0.29195,0.29698,0.26994,0.25561,0.28469,0.38448,0.39133,0.28364,0.27366,0.33286,0.43314,0.34332,0.49339,0.30589,0.49876,0.37868,0.45982,0.45776,0.40011,0.63005,0.60666,0.4271,0.36022,0.3246,0.39528,0.50683,0.5692,0.52394,0.52599,0.35226,0.36348,0.16862,0.29321,0.19303,0.35214,-0.054308,-0.019183,0.18114,0.28205,0.58094,0.51229,0.56678,0.51988,0.35689,0.25929,0.308,0.14524,0.40883,0.40725,0.53423,0.45466,0.42138,0.46572,0.2178,0.26523,0.34969,0.3788,0.3938,0.35058,0.38188,0.34386,0.36928,0.26407,0.26085,0.20381
0.62137,0.59231,0.68459,0.55243,0.65212,0.54193,0.65077,0.48765,0.56066,0.61116,0.44955,0.33674,0.64565,0.48782,0.62056,0.48034,0.4824,0.50043,0.58683,0.55094,0.16572,0.1026,0.61006,0.60921,0.66479,0.40213,1,0.69163,0.41041,0.35271,0.32766,0.24836,0.55362,0.48225,0.71004,0.52467,0.37251,0.2598,0.55793,0.46912,0.29691,0.13905,0.52571,0.54295,0.59819,0.55912,0.5642,0.5674,0.6274,0.62245,0.56455,0.58806,0.5789,0.47334,0.52734,0.59243,0.65319,0.60617,0.67835,0.62657,0.6074,0.40294,0.61477,0.33244,0.6442,0.6286,0.66685,0.59729,0.48006,0.6046,0.06588,0.10554,-0.14184,-0.26308,-0.079937,0.0047826,-0.054243,-0.086976,0.50669,0.47607,0.65919,0.64128,0.61713,0.63898,0.683,0.64086,0.47954,0.57151,0.66811,0.67828,0.40788,0.54792,0.2507,0.56979,0.41396,0.17951,0.52865,0.42186,0.49639,0.53261,0.34135,0.46249,0.39936,0.42326,0.11622,0.36068,0.21416,0.40932,0.1769,0.43461,0.50579,0.5116,0.42397,0.36188,0.23629,0.0096285
0.51436,0.54274,0.64383,0.49071,0.59408,0.6491,0.56615,0.40453,0.50544,0.61909,0.33357,0.26864,0.5096,0.42034,0.5304,0.48697,0.37866,0.41912,0.50711,0.45711,0.27322,0.22932,0.53722,0.52788,0.45974,0.23234,0.69163,1,0.26355,0.24207,0.11642,0.066932,0.45176,0.3299,0.51901,0.35257,0.50451,0.41532,0.6213,0.55955,0.31656,0.26025,0.4342,0.47666,0.50147,0.48674,0.45961,0.51973,0.53626,0.54439,0.52974,0.52921,0.57706,0.48828,0.59675,0.60416,0.52587,0.51766,0.58016,0.53463,0.50149,0.29553,0.54089,0.23069,0.5525,0.4956,0.57504,0.53667,0.44324,0.51191,0.033455,0.041052,-0.2469,-0.33577,-0.060468,-0.11554,-0.14759,-0.17051,0.37138,0.3378,0.5956,0.55,0.55099,0.58967,0.63841,0.60367,0.53318,0.58992,0.65116,0.66008,0.38873,0.52819,0.29014,0.52101,0.18027,0.14755,0.43334,0.41845,0.42957,0.53559,0.32744,0.38868,0.37638,0.33566,0.15765,0.28744,0.20644,0.35882,0.069366,0.31197,0.49096,0.45677,0.43134,0.3238,0.19631,-0.017646
0.65285,0.60632,0.53875,0.56736,0.46345,0.36577,0.55724,0.64306,0.52063,0.38714,0.62012,0.5915,0.52406,0.58369,0.5054,0.52146,0.79994,0.71985,0.59468,0.68802,-0.023974,-0.061359,0.50016,0.54791,0.61231,0.58314,0.41041,0.26355,1,0.86201,0.67706,0.67696,0.71872,0.76347,0.42675,0.43697,0.42841,0.40047,0.32916,0.39336,0.42708,0.43009,0.5107,0.47048,0.38756,0.40797,0.44929,0.48979,0.45457,0.46252,0.45306,0.40309,0.39119,0.30555,0.3883,0.41473,0.6034,0.55875,0.45081,0.43531,0.45826,0.4135,0.62698,0.66614,0.27163,0.45237,0.50505,0.52988,0.58582,0.59215,0.47047,0.51312,0.40684,0.29957,0.40048,0.39774,0.45381,0.44428,0.74293,0.73145,0.62949,0.59184,0.50804,0.61363,0.37032,0.43395,0.14945,0.16772,0.29679,0.37644,0.56372,0.58359,0.38512,0.55092,0.54486,0.43352,0.56327,0.47747,0.62393,0.5854,0.57508,0.59044,0.5862,0.60393,0.31921,0.52455,0.51842,0.46259,0.34415,0.55462,0.48615,0.57248,0.51495,0.45556,0.36256,0.28463
0.57275,0.57948,0.54034,0.55476,0.46416,0.32463,0.52586,0.58993,0.52072,0.39943,0.55089,0.60977,0.51357,0.60114,0.498,0.5803,0.73434,0.7144,0.53399,0.6207,-0.034452,-0.037615,0.51003,0.53169,0.58292,0.56699,0.35271,0.24207,0.86201,1,0.64237,0.66402,0.62649,0.68972,0.39193,0.40056,0.39944,0.4026,0.35479,0.42299,0.36533,0.44227,0.46844,0.43234,0.35174,0.36476,0.44448,0.45156,0.4173,0.41503,0.45229,0.38532,0.43045,0.33468,0.43429,0.4352,0.53598,0.51828,0.41084,0.39795,0.38709,0.33267,0.55473,0.60458,0.26776,0.40373,0.44321,0.46152,0.49717,0.4963,0.45699,0.50515,0.34401,0.32495,0.32563,0.32433,0.41495,0.396,0.66315,0.6999,0.56814,0.59276,0.47409,0.61827,0.35776,0.43093,0.16517,0.21693,0.343,0.38954,0.51853,0.55171,0.34587,0.50616,0.53105,0.46288,0.56883,0.4725,0.58493,0.54024,0.52054,0.51445,0.52106,0.57817,0.3582,0.53882,0.52836,0.49117,0.36638,0.54884,0.48158,0.54431,0.47488,0.43472,0.38338,0.33795
0.45323,0.39034,0.39617,0.54582,0.25815,0.12143,0.40057,0.5414,0.39811,0.31857,0.34836,0.4585,0.3571,0.42396,0.28909,0.43214,0.52722,0.47486,0.43601,0.52786,-0.040465,0.045227,0.48001,0.56597,0.65349,0.76899,0.32766,0.11642,0.67706,0.64237,1,0.92389,0.58329,0.68567,0.51665,0.5767,0.14016,0.19214,0.046316,0.090799,0.22993,0.21082,0.3075,0.23937,0.19374,0.22424,0.25806,0.25323,0.23707,0.21374,0.1928,0.1325,0.12871,0.10018,0.10724,0.1591,0.35852,0.33432,0.1979,0.19488,0.30704,0.41014,0.31305,0.53112,0.24456,0.42664,0.27463,0.35466,0.44026,0.37327,0.63937,0.64826,0.528,0.46463,0.41702,0.51157,0.56474,0.58517,0.55905,0.568,0.32487,0.32487,0.15361,0.2991,0.098269,0.23485,-0.19945,-0.11383,0.044961,0.15338,0.5094,0.45706,0.48151,0.46259,0.35946,0.22096,0.27663,0.10561,0.37004,0.35501,0.47506,0.45537,0.41541,0.43851,0.26431,0.32948,0.33934,0.34844,0.36524,0.33907,0.31044,0.29732,0.34571,0.25367,0.28928,0.18016
0.38039,0.34482,0.35635,0.53933,0.19323,0.084077,0.35074,0.55334,0.3564,0.30022,0.3348,0.46879,0.31036,0.44098,0.24237,0.43984,0.50864,0.42385,0.35203,0.47614,-0.052653,0.027113,0.45246,0.55191,0.58304,0.77629,0.24836,0.066932,0.67696,0.66402,0.92389,1,0.51516,0.64523,0.42342,0.51026,0.14852,0.20444,0.02318,0.067655,0.23573,0.26898,0.23816,0.15652,0.086977,0.13516,0.20522,0.17679,0.16327,0.14562,0.18274,0.09999,0.14128,0.09329,0.13252,0.12298,0.28972,0.26833,0.13402,0.11842,0.24439,0.39374,0.26714,0.51411,0.15566,0.37341,0.19704,0.28217,0.38559,0.30059,0.67407,0.66704,0.53084,0.51498,0.4241,0.53611,0.62315,0.65968,0.55135,0.59425,0.28088,0.29784,0.13465,0.25687,0.053001,0.21904,-0.2063,-0.14051,0.027045,0.1388,0.49833,0.39817,0.50418,0.39912,0.35377,0.21054,0.25488,0.07668,0.33917,0.28767,0.49575,0.42044,0.39066,0.42604,0.25993,0.29239,0.3244,0.31564,0.40477,0.296,0.25397,0.23632,0.28201,0.20857,0.24963,0.26424
0.83908,0.81752,0.67862,0.72367,0.62899,0.55304,0.69921,0.75195,0.58117,0.56104,0.61301,0.53765,0.51159,0.52504,0.41639,0.36957,0.84304,0.83436,0.81997,0.91422,0.15595,0.087956,0.50542,0.60393,0.62768,0.55408,0.55362,0.45176,0.71872,0.62649,0.58329,0.51516,1,0.92624,0.72907,0.74666,0.38216,0.33761,0.41652,0.43222,0.34935,0.27926,0.75959,0.73141,0.66708,0.68755,0.64554,0.73275,0.71019,0.72374,0.63024,0.62991,0.50314,0.49526,0.46468,0.58886,0.79066,0.81959,0.68901,0.70889,0.59144,0.48162,0.69435,0.71837,0.42647,0.62095,0.82444,0.86197,0.8476,0.87787,0.41777,0.42892,0.20176,0.069069,0.23456,0.34949,0.28457,0.3089,0.73769,0.68658,0.69625,0.66211,0.40415,0.65643,0.47503,0.51419,0.18973,0.27202,0.44833,0.48418,0.71334,0.81951,0.52363,0.77343,0.43747,0.19813,0.57199,0.42243,0.70579,0.74445,0.67445,0.70925,0.66069,0.68996,0.26513,0.40035,0.55408,0.63697,0.13512,0.48044,0.65723,0.69322,0.60924,0.55106,0.40438,-0.038264
0.77071,0.74582,0.59703,0.69883,0.57432,0.45164,0.63592,0.75304,0.57232,0.46456,0.6304,0.55228,0.48406,0.52521,0.38074,0.35563,0.81396,0.80521,0.74922,0.89212,0.069571,0.022666,0.45284,0.56301,0.60406,0.59019,0.48225,0.3299,0.76347,0.68972,0.68567,0.64523,0.92624,1,0.70101,0.74922,0.29116,0.26821,0.29037,0.31185,0.27999,0.23477,0.69732,0.6531,0.57018,0.59409,0.58284,0.64582,0.61715,0.60921,0.5339,0.52236,0.40617,0.38621,0.37613,0.48389,0.71946,0.73116,0.57992,0.60701,0.53664,0.4981,0.61621,0.74608,0.34397,0.55533,0.70063,0.75992,0.76803,0.79648,0.49482,0.51352,0.31821,0.20087,0.31957,0.43936,0.43053,0.45279,0.7264,0.70833,0.59671,0.58592,0.32958,0.59316,0.35339,0.40869,0.042983,0.13545,0.33766,0.38001,0.71022,0.74727,0.53521,0.71104,0.47477,0.256,0.54198,0.34851,0.66403,0.68225,0.65466,0.6722,0.62226,0.66093,0.23987,0.42072,0.53656,0.57903,0.2254,0.50665,0.59559,0.63432,0.56277,0.49816,0.41888,-0.013434
0.66646,0.64771,0.68512,0.69746,0.63462,0.53886,0.70076,0.66543,0.58545,0.64033,0.4885,0.43162,0.5852,0.53786,0.47616,0.41913,0.54881,0.60824,0.65835,0.65637,0.038258,-0.0069593,0.56805,0.63712,0.68042,0.5308,0.71004,0.51901,0.42675,0.39193,0.51665,0.42342,0.72907,0.70101,1,0.86355,0.25054,0.21061,0.38694,0.30117,0.14445,0.079378,0.64336,0.60476,0.62569,0.59891,0.63559,0.62462,0.6612,0.62941,0.56485,0.56934,0.51194,0.50322,0.44177,0.55783,0.65642,0.65738,0.68248,0.6221,0.64089,0.5342,0.55761,0.50796,0.57877,0.66985,0.75098,0.73827,0.57073,0.65087,0.28906,0.3202,0.034586,-0.092583,0.054708,0.22005,0.16089,0.16563,0.5555,0.56022,0.60363,0.60231,0.39705,0.58776,0.54028,0.55988,0.19991,0.34221,0.5277,0.53581,0.606,0.69159,0.45309,0.6705,0.45524,0.12104,0.48299,0.27298,0.55681,0.60486,0.45032,0.5717,0.45029,0.50543,0.098645,0.28433,0.32505,0.5047,0.15602,0.43744,0.51609,0.51141,0.48954,0.37565,0.30058,-0.1098
0.61438,0.62164,0.53686,0.6522,0.47899,0.41137,0.56542,0.63269,0.44905,0.53958,0.43249,0.40439,0.40632,0.45252,0.25473,0.28199,0.55656,0.58267,0.60206,0.65341,0.038787,0.04632,0.43323,0.54238,0.59642,0.59904,0.52467,0.35257,0.43697,0.40056,0.5767,0.51026,0.74666,0.74922,0.86355,1,0.18058,0.19262,0.23653,0.20611,0.10303,0.10851,0.60969,0.5745,0.56511,0.58045,0.53004,0.56532,0.59593,0.57147,0.50748,0.49206,0.38545,0.39067,0.29958,0.43549,0.58771,0.60857,0.5833,0.54671,0.50967,0.48133,0.43215,0.51002,0.38694,0.55675,0.68768,0.73814,0.60663,0.62305,0.39982,0.43666,0.12203,0.023804,0.066571,0.29215,0.27778,0.33757,0.53967,0.56531,0.47976,0.47527,0.20345,0.45238,0.32485,0.39684,-0.0041702,0.1323,0.32873,0.35231,0.63299,0.67394,0.55055,0.66393,0.35395,0.076917,0.38639,0.1597,0.51722,0.55266,0.54097,0.55916,0.48989,0.50835,0.17539,0.24798,0.36584,0.52036,0.18028,0.35275,0.52312,0.47823,0.47465,0.39148,0.3256,-0.11627
0.42305,0.50267,0.56485,0.39724,0.41568,0.35986,0.41691,0.30688,0.39381,0.46289,0.25926,0.1854,0.402,0.39859,0.43516,0.49182,0.45587,0.42714,0.40558,0.39535,0.28221,0.20434,0.56735,0.50335,0.44187,0.2614,0.37251,0.50451,0.42841,0.39944,0.14016,0.14852,0.38216,0.29116,0.25054,0.18058,1,0.81297,0.72428,0.74925,0.62134,0.65201,0.44644,0.47501,0.46645,0.50087,0.45892,0.52617,0.51914,0.52526,0.52961,0.45304,0.50014,0.49231,0.60356,0.56637,0.41111,0.46819,0.39671,0.36046,0.20458,-0.011421,0.39807,0.1218,0.33328,0.18836,0.48958,0.45302,0.44698,0.44141,0.21514,0.14844,-0.040232,-0.083977,0.0472,-0.010164,-0.033321,-0.063204,0.42855,0.36549,0.6178,0.55446,0.53879,0.56214,0.56246,0.56579,0.5378,0.52612,0.47402,0.50572,0.52755,0.54455,0.3904,0.49725,0.26039,0.3868,0.52267,0.56619,0.53313,0.58145,0.40278,0.35712,0.43811,0.44564,0.36764,0.33616,0.43073,0.42988,0.16714,0.33572,0.59728,0.53673,0.39356,0.27146,0.31055,0.132
0.30589,0.39529,0.41477,0.28158,0.30361,0.27183,0.29517,0.20683,0.25672,0.31915,0.13289,0.13595,0.26955,0.28871,0.28315,0.39279,0.40052,0.3658,0.28005,0.30581,0.28797,0.27836,0.48552,0.39793,0.34404,0.29971,0.2598,0.41532,0.40047,0.4026,0.19214,0.20444,0.33761,0.26821,0.21061,0.19262,0.81297,1,0.55194,0.71399,0.47602,0.72336,0.36508,0.37455,0.35112,0.38876,0.37516,0.43845,0.41107,0.41573,0.43844,0.35369,0.37867,0.39824,0.50277,0.49322,0.27004,0.32557,0.27011,0.23465,0.12261,-0.039291,0.29413,0.081836,0.24791,0.15941,0.38071,0.38064,0.39114,0.34959,0.28658,0.24552,0.0244,0.044267,0.092539,0.05561,0.068835,0.052981,0.33241,0.27541,0.47975,0.43093,0.38977,0.45619,0.40252,0.44605,0.36849,0.40278,0.34129,0.40662,0.51435,0.4626,0.40588,0.44401,0.29009,0.41969,0.45478,0.51175,0.48243,0.52219,0.38939,0.286,0.37292,0.38077,0.39775,0.25792,0.41878,0.39851,0.3559,0.35366,0.53087,0.45834,0.39043,0.24417,0.30799,0.18668
0.54444,0.61078,0.62449,0.40817,0.54146,0.48105,0.50932,0.33751,0.42392,0.54096,0.38922,0.21288,0.52179,0.42613,0.57972,0.5073,0.46933,0.48744,0.52934,0.42784,0.27306,0.16153,0.54524,0.46892,0.39584,0.10777,0.55793,0.6213,0.32916,0.35479,0.046316,0.02318,0.41652,0.29037,0.38694,0.23653,0.72428,0.55194,1,0.83587,0.58766,0.48659,0.61593,0.64044,0.65319,0.62932,0.69209,0.68659,0.66272,0.6614,0.60455,0.63057,0.6128,0.58267,0.76136,0.74612,0.54927,0.57986,0.54656,0.55544,0.30115,0.055883,0.53032,0.11716,0.42382,0.32184,0.62227,0.54056,0.46812,0.54143,-0.12042,-0.092296,-0.25683,-0.32862,-0.13251,-0.099283,-0.30898,-0.34451,0.34879,0.33749,0.68078,0.65409,0.69079,0.69909,0.68544,0.65122,0.68445,0.73627,0.59046,0.63521,0.38064,0.50028,0.099637,0.44196,0.34422,0.29217,0.6617,0.61469,0.61083,0.62092,0.28536,0.34431,0.37602,0.38773,0.25911,0.34963,0.26466,0.41182,0.022146,0.36195,0.56761,0.54266,0.36999,0.36864,0.29141,0.041938
0.54069,0.61943,0.62056,0.43489,0.49185,0.40096,0.49889,0.33744,0.42588,0.47222,0.33204,0.21625,0.49107,0.41274,0.53261,0.51668,0.52448,0.5128,0.53075,0.45855,0.2824,0.20165,0.59763,0.48698,0.42054,0.18546,0.46912,0.55955,0.39336,0.42299,0.090799,0.067655,0.43222,0.31185,0.30117,0.20611,0.74925,0.71399,0.83587,1,0.50322,0.61254,0.6371,0.67518,0.65966,0.66657,0.68751,0.72206,0.66289,0.65915,0.61479,0.61562,0.59638,0.59344,0.75735,0.78074,0.56948,0.57969,0.52681,0.53297,0.2769,0.039444,0.52407,0.1443,0.38669,0.30058,0.62708,0.56623,0.52581,0.55589,-0.068385,-0.073741,-0.2005,-0.25694,-0.080648,-0.064957,-0.25496,-0.30699,0.36298,0.33666,0.67865,0.63328,0.63805,0.68619,0.6398,0.63344,0.65073,0.68882,0.55664,0.61633,0.42956,0.52867,0.16589,0.47794,0.33889,0.42748,0.69861,0.7221,0.63654,0.67581,0.33062,0.33575,0.37855,0.42484,0.35147,0.36797,0.37802,0.4313,0.11944,0.42829,0.63923,0.58697,0.42768,0.38634,0.27852,0.15628
0.38551,0.41141,0.35497,0.29027,0.28157,0.2934,0.29043,0.25401,0.21939,0.28026,0.30947,0.26519,0.31087,0.30504,0.36278,0.33818,0.37792,0.34906,0.3472,0.32521,0.35755,0.33414,0.39507,0.38339,0.3908,0.28044,0.29691,0.31656,0.42708,0.36533,0.22993,0.23573,0.34935,0.27999,0.14445,0.10303,0.62134,0.47602,0.58766,0.50322,1,0.63664,0.31684,0.28943,0.26294,0.28809,0.30846,0.32944,0.31378,0.32403,0.29039,0.27049,0.25043,0.26138,0.33389,0.33648,0.32493,0.34546,0.26181,0.27126,0.13399,0.09909,0.35805,0.14242,0.19743,0.25203,0.31857,0.28833,0.41461,0.37549,0.18889,0.17169,0.06135,-0.0049255,0.13727,0.079453,0.080591,0.03333,0.34159,0.34353,0.44727,0.41713,0.48258,0.47128,0.33318,0.40108,0.31547,0.33876,0.25125,0.32457,0.31636,0.30063,0.20092,0.28528,0.19531,0.36429,0.37712,0.36603,0.39626,0.36162,0.31912,0.33162,0.36042,0.34041,0.32291,0.27482,0.2653,0.3265,0.15748,0.25496,0.3566,0.35746,0.28477,0.25115,0.29704,0.16856
0.26382,0.3258,0.32391,0.23445,0.21115,0.19663,0.23991,0.20408,0.17771,0.2247,0.16123,0.23305,0.22807,0.29194,0.2476,0.34585,0.33038,0.33237,0.22093,0.22315,0.35823,0.35675,0.39819,0.35499,0.30846,0.34174,0.13905,0.26025,0.43009,0.44227,0.21082,0.26898,0.27926,0.23477,0.079378,0.10851,0.65201,0.72336,0.48659,0.61254,0.63664,1,0.28141,0.26265,0.20923,0.24806,0.28926,0.31697,0.3135,0.30155,0.34381,0.25326,0.28699,0.30625,0.3843,0.37237,0.21497,0.24663,0.1869,0.14976,0.049126,-0.03155,0.278,0.1203,0.11899,0.12369,0.25601,0.23828,0.32499,0.2596,0.2925,0.27207,0.17363,0.21013,0.13908,0.12382,0.14193,0.12139,0.27779,0.31602,0.368,0.3566,0.31602,0.42073,0.26707,0.35047,0.271,0.25624,0.21569,0.2632,0.38489,0.30546,0.29487,0.33028,0.20525,0.39095,0.35196,0.37125,0.37029,0.35639,0.35568,0.26134,0.33743,0.31436,0.38267,0.27978,0.34076,0.29439,0.30467,0.24215,0.35734,0.35004,0.28292,0.18709,0.34352,0.2603
0.79519,0.78738,0.66944,0.58269,0.64945,0.52267,0.6615,0.61262,0.52511,0.54507,0.59959,0.40451,0.54999,0.46575,0.44033,0.32603,0.72528,0.73292,0.76402,0.78408,0.083066,0.0011147,0.4648,0.4727,0.53305,0.34289,0.52571,0.4342,0.5107,0.46844,0.3075,0.23816,0.75959,0.69732,0.64336,0.60969,0.44644,0.36508,0.61593,0.6371,0.31684,0.28141,1,0.96397,0.92025,0.91007,0.91776,0.95362,0.89227,0.85592,0.71531,0.73818,0.57565,0.61019,0.62083,0.77181,0.8003,0.78248,0.73357,0.74204,0.51517,0.3062,0.6176,0.47012,0.38863,0.43777,0.85852,0.84341,0.76424,0.83432,0.10555,0.13061,-0.035316,-0.17147,0.026775,0.18072,-0.022983,-0.01231,0.55748,0.55405,0.69151,0.67718,0.46982,0.63591,0.55564,0.52514,0.31882,0.41876,0.48285,0.50964,0.64323,0.75559,0.26595,0.61774,0.44253,0.24698,0.74188,0.58972,0.76148,0.80401,0.43849,0.51462,0.47919,0.53741,0.21713,0.3638,0.47117,0.56316,0.061459,0.49816,0.75564,0.70515,0.50656,0.51959,0.37405,-0.078289
