1,0.90484,0.82682,0.81205,0.73637,0.77335,0.81299,0.8597,0.79351,0.79134,0.82874,0.73448,0.75194,0.71148,0.7042,0.71384,0.73522,0.60966,0.85146,0.76687,0.10371,0.092416,0.77143,0.71118,0.44707,0.43987,0.55209,0.65235,0.58554,0.51217,0.40209,0.43834,0.64396,0.60851,0.075379,0.11222,0.345,0.21274,0.57351,0.24673,-0.0072093,0.32487,0.53465,0.55684,0.43352,0.38371,0.43706,0.45331,0.68333,0.5873,0.69466,0.68894,0.77122,0.59771,0.57499,0.50959,0.8335,0.70248,0.78074,0.76253,0.77631,0.7816,0.6265,0.75916,0.54684,0.72061,0.65651,0.63405,0.62045,0.63036,0.27505,0.24187,0.36978,0.31186,0.17341,0.16517,0.32087,0.29038,0.47981,0.49047,0.7305,0.76561,0.68093,0.72383,0.64086,0.62057,0.59384,0.57301,0.72575,0.79196,0.40513,0.43076,0.15628,0.26074,0.26034,0.31461,0.47066,0.38098,0.42269,0.31889,0.41173,0.25017,0.32049,0.28069,-0.0024099,0.16485,0.1251,0.22602,0.21578,0.43602,0.49254,0.32642,0.36465,0.28534,-0.029366,-0.039478
0.90484,1,0.76532,0.8033,0.71164,0.80333,0.70317,0.83483,0.75929,0.78058,0.69405,0.7352,0.64102,0.66046,0.64002,0.73765,0.78934,0.76818,0.83323,0.84846,0.19909,0.22971,0.72588,0.72315,0.38828,0.40338,0.5315,0.67346,0.63696,0.60626,0.43764,0.48947,0.66402,0.71342,0.060775,0.13298,0.5198,0.40734,0.71569,0.45525,0.078097,0.4518,0.59482,0.62764,0.47433,0.46272,0.53458,0.57654,0.75205,0.68577,0.73357,0.75011,0.79151,0.66049,0.66526,0.64594,0.88134,0.84746,0.75545,0.82364,0.63073,0.73271,0.61686,0.76214,0.45798,0.66187,0.65816,0.69607,0.69731,0.75412,0.28924,0.27455,0.44312,0.39343,0.29171,0.27176,0.43701,0.41863,0.57106,0.60987,0.77014,0.81535,0.69737,0.74446,0.64192,0.64557,0.61833,0.61891,0.70991,0.85777,0.5159,0.49164,0.21798,0.30989,0.33535,0.42293,0.61669,0.5185,0.57371,0.43554,0.46409,0.29765,0.45447,0.32199,0.097906,0.24678,0.16983,0.26331,0.19551,0.53438,0.63176,0.40722,0.49502,0.45837,0.09126,0.017006
0.82682,0.76532,1,0.87868,0.80829,0.70955,0.86813,0.85,0.83488,0.78043,0.68007,0.64739,0.75101,0.68569,0.75383,0.73837,0.6024,0.5183,0.76806,0.60529,0.21261,0.069023,0.85527,0.80485,0.64119,0.6074,0.6492,0.67275,0.573,0.49414,0.53297,0.54526,0.6813,0.56957,0.36554,0.31779,0.35937,0.22999,0.57935,0.33845,-0.040577,0.19822,0.70368,0.67564,0.64791,0.59113,0.63472,0.60607,0.7414,0.6907,0.63138,0.65284,0.65134,0.63992,0.5492,0.6109,0.71292,0.58278,0.63842,0.61994,0.63815,0.65434,0.48467,0.61698,0.62211,0.64736,0.74817,0.74641,0.52224,0.52892,0.38213,0.40632,0.37984,0.32687,0.25559,0.26503,0.38295,0.3382,0.41342,0.55439,0.70098,0.81526,0.60181,0.68987,0.72505,0.75685,0.53943,0.69959,0.6371,0.76179,0.47886,0.43584,0.25155,0.30698,0.4285,0.31847,0.59108,0.48428,0.53794,0.47753,0.41035,0.26335,0.30083,0.28304,0.1573,0.28399,0.16652,0.21465,0.15328,0.52325,0.55782,0.37883,0.29645,0.23502,0.0824,-0.081825
0.81205,0.8033,0.87868,1,0.74528,0.73948,0.72017,0.84146,0.73627,0.76925,0.6451,0.62815,0.72909,0.71074,0.71674,0.7838,0.62873,0.57964,0.69454,0.5561,0.21776,0.16801,0.78331,0.86009,0.6556,0.69723,0.66743,0.77061,0.53927,0.44405,0.37774,0.48783,0.57594,0.50254,0.29247,0.22817,0.31862,0.30168,0.56533,0.46572,-0.038997,0.32852,0.73237,0.7251,0.66608,0.6244,0.69186,0.6761,0.77619,0.76392,0.68191,0.75766,0.67794,0.70696,0.66203,0.72112,0.79197,0.71082,0.65312,0.6541,0.58562,0.65443,0.45234,0.58818,0.60859,0.68301,0.75471,0.76964,0.55979,0.54629,0.19596,0.25385,0.20768,0.18539,0.17626,0.21175,0.31048,0.25568,0.45002,0.57752,0.72972,0.84736,0.58123,0.66597,0.80136,0.83139,0.62491,0.7442,0.66196,0.81303,0.46006,0.43057,0.21966,0.24289,0.45675,0.36728,0.67337,0.53909,0.57721,0.48921,0.3633,0.20579,0.2879,0.18779,0.098847,0.22912,0.12159,0.1937,0.19107,0.51216,0.57965,0.33163,0.27396,0.32752,0.0026282,-0.082961
0.73637,0.71164,0.80829,0.74528,1,0.88291,0.88334,0.82539,0.90261,0.88428,0.75953,0.71485,0.7095,0.59042,0.78975,0.75885,0.55553,0.49201,0.61376,0.5522,0.32929,0.21049,0.73744,0.75909,0.63784,0.54858,0.77659,0.7875,0.59128,0.50663,0.39717,0.46773,0.54243,0.51521,0.31353,0.36326,0.34524,0.19206,0.64628,0.36767,-0.0096117,0.30287,0.53081,0.53538,0.38932,0.41544,0.5065,0.4811,0.62423,0.58852,0.44491,0.59465,0.52393,0.52721,0.50041,0.5224,0.60571,0.5377,0.72259,0.68582,0.67045,0.66176,0.57186,0.62743,0.50971,0.66628,0.71102,0.69555,0.33528,0.4546,0.21315,0.2655,0.44108,0.33118,0.29692,0.28074,0.32997,0.29957,0.34212,0.45843,0.6238,0.65544,0.70572,0.71542,0.50738,0.5855,0.59686,0.58766,0.70951,0.78217,0.46161,0.36566,0.33164,0.42945,0.40955,0.2868,0.60431,0.30384,0.37883,0.31928,0.47568,0.34677,0.33091,0.35621,0.083782,0.29855,0.20861,0.35429,0.29077,0.47869,0.47714,0.32656,0.43758,0.27552,0.059579,0.14023
0.77335,0.80333,0.70955,0.73948,0.88291,1,0.78993,0.83446,0.84668,0.9221,0.72997,0.72136,0.63221,0.56165,0.71139,0.71793,0.58305,0.57018,0.66731,0.65678,0.17971,0.21457,0.64576,0.72144,0.46515,0.44752,0.63456,0.82461,0.56599,0.5164,0.25588,0.38534,0.51913,0.55615,0.15676,0.26577,0.35734,0.29243,0.66043,0.42778,0.021356,0.42914,0.54125,0.56551,0.42393,0.43592,0.52028,0.544,0.68489,0.66956,0.51353,0.65245,0.55524,0.5684,0.53059,0.54254,0.69079,0.65948,0.80319,0.80358,0.6796,0.71594,0.57011,0.67506,0.47015,0.72464,0.73143,0.74333,0.48528,0.60275,0.13023,0.18715,0.43595,0.33721,0.32158,0.22911,0.3365,0.28762,0.33316,0.44701,0.63185,0.64304,0.66062,0.6917,0.44779,0.57517,0.59847,0.55781,0.6772,0.82024,0.46181,0.40816,0.32045,0.43154,0.32258,0.28345,0.61448,0.31326,0.41884,0.33465,0.46216,0.36497,0.38249,0.3144,-0.010228,0.24488,0.14757,0.36877,0.24987,0.46726,0.53812,0.41411,0.51012,0.37906,0.0047938,0.010937
0.81299,0.70317,0.86813,0.72017,0.88334,0.78993,1,0.87672,0.895,0.83305,0.81609,0.75826,0.7656,0.67739,0.79427,0.73492,0.60075,0.43919,0.70877,0.58135,0.17852,0.05622,0.80444,0.72622,0.59707,0.46738,0.62775,0.65674,0.60539,0.53748,0.46811,0.50928,0.64469,0.56585,0.28869,0.30882,0.26954,0.13286,0.55664,0.2128,-0.0149,0.19442,0.53464,0.53341,0.45002,0.41519,0.46878,0.45199,0.65699,0.56815,0.51373,0.57577,0.58773,0.47999,0.4566,0.45926,0.6083,0.47284,0.75097,0.67159,0.80879,0.70507,0.64609,0.7303,0.53879,0.66093,0.75225,0.68116,0.39547,0.43741,0.30422,0.33626,0.44587,0.34467,0.27366,0.31574,0.34093,0.30566,0.37872,0.46693,0.6689,0.69043,0.69498,0.75054,0.49457,0.60764,0.53876,0.57084,0.66049,0.73107,0.42979,0.36435,0.22919,0.32937,0.30331,0.23217,0.49095,0.25456,0.3654,0.3129,0.41728,0.34924,0.24499,0.36422,0.069098,0.22653,0.24325,0.29765,0.16696,0.41141,0.42309,0.3053,0.34432,0.18686,0.079922,0.025517
0.8597,0.83483,0.85,0.84146,0.82539,0.83446,0.87672,1,0.81176,0.88728,0.75609,0.7903,0.7327,0.78916,0.733,0.80305,0.62703,0.52762,0.71062,0.63156,0.11749,0.11307,0.77907,0.76337,0.52904,0.46041,0.62118,0.67347,0.58102,0.55009,0.4187,0.49668,0.63934,0.60291,0.25544,0.27224,0.37289,0.27805,0.59343,0.30339,0.034535,0.35257,0.5925,0.60796,0.51932,0.48278,0.51483,0.53383,0.73966,0.6591,0.70493,0.71011,0.70995,0.57124,0.60355,0.59284,0.70957,0.60772,0.81944,0.82771,0.82214,0.87916,0.60976,0.81058,0.60862,0.83271,0.78324,0.76864,0.52995,0.5667,0.27804,0.36107,0.38819,0.3274,0.24479,0.29986,0.37225,0.34843,0.42608,0.49594,0.71979,0.76189,0.69218,0.7619,0.62824,0.71507,0.60557,0.61461,0.72614,0.84424,0.50855,0.44621,0.27418,0.36091,0.31318,0.26449,0.55767,0.43059,0.51193,0.40321,0.52359,0.37884,0.40124,0.37615,0.027583,0.18473,0.20756,0.34895,0.14339,0.41307,0.52287,0.37104,0.41812,0.35046,0.057924,0.0025351
0.79351,0.75929,0.83488,0.73627,0.90261,0.84668,0.895,0.81176,1,0.87958,0.79629,0.76096,0.77738,0.63773,0.88422,0.77731,0.65487,0.58394,0.78033,0.66869,0.29523,0.19427,0.83004,0.78423,0.6339,0.53019,0.67833,0.73634,0.72925,0.64505,0.51721,0.55578,0.62219,0.58777,0.18058,0.23573,0.39452,0.30173,0.6745,0.41352,0.090751,0.34529,0.59888,0.60879,0.4268,0.47015,0.55222,0.54173,0.66719,0.63085,0.44541,0.58934,0.55426,0.55833,0.48804,0.51963,0.66997,0.5893,0.66318,0.65533,0.62721,0.61775,0.60168,0.634,0.43797,0.60155,0.65704,0.66045,0.51813,0.55267,0.33896,0.30756,0.57598,0.42375,0.4081,0.34789,0.41062,0.33893,0.46922,0.55718,0.74294,0.73951,0.76989,0.8003,0.54418,0.61799,0.6035,0.64045,0.67024,0.79537,0.40989,0.39688,0.2304,0.37893,0.40582,0.38883,0.65587,0.41296,0.41438,0.32857,0.43008,0.32522,0.33382,0.32276,0.14143,0.31519,0.21647,0.22414,0.30219,0.55482,0.5674,0.36778,0.43006,0.34833,0.13735,0.074391
0.79134,0.78058,0.78043,0.76925,0.88428,0.9221,0.83305,0.88728,0.87958,1,0.76788,0.78063,0.73876,0.67305,0.80508,0.81092,0.61006,0.57008,0.70334,0.62382,0.1318,0.1744,0.74969,0.78266,0.5669,0.46992,0.62477,0.79228,0.59666,0.56489,0.34824,0.47766,0.55654,0.53427,0.14065,0.19272,0.33244,0.30706,0.60052,0.386,0.023311,0.39653,0.61748,0.62822,0.47012,0.46981,0.56708,0.58959,0.68663,0.66722,0.51326,0.60874,0.55116,0.54059,0.49319,0.51909,0.68272,0.63225,0.72251,0.75431,0.69255,0.75199,0.6001,0.7299,0.49048,0.74814,0.69702,0.69476,0.50003,0.59813,0.21555,0.27284,0.44462,0.38551,0.29323,0.28751,0.31806,0.27181,0.38917,0.48751,0.71915,0.70713,0.69061,0.74021,0.57121,0.61297,0.58501,0.60878,0.70548,0.80874,0.40408,0.35801,0.22811,0.3768,0.34783,0.3023,0.61072,0.41745,0.41755,0.31875,0.46525,0.31743,0.39185,0.27802,0.005671,0.25641,0.14328,0.33056,0.21622,0.4476,0.53686,0.366,0.41307,0.3554,0.074666,-0.00013009
0.82874,0.69405,0.68007,0.6451,0.75953,0.72997,0.81609,0.75609,0.79629,0.76788,1,0.82849,0.87126,0.71447,0.80074,0.70648,0.57898,0.41217,0.66142,0.52259,0.011339,-0.012427,0.73709,0.70613,0.58239,0.50129,0.57218,0.65625,0.5888,0.48794,0.28874,0.41133,0.42846,0.35323,-0.056513,0.017526,0.15133,0.014758,0.45218,0.11479,-0.013132,0.18486,0.34549,0.36656,0.22043,0.16237,0.31188,0.28262,0.52066,0.43644,0.45315,0.55754,0.55107,0.42495,0.39314,0.34874,0.56465,0.40951,0.66817,0.58587,0.75409,0.64093,0.60225,0.65774,0.37694,0.60169,0.51699,0.44321,0.32569,0.31912,0.10816,0.010335,0.22699,0.15177,0.0030112,0.042113,0.019891,0.0025538,0.34811,0.31085,0.66281,0.6143,0.67371,0.66526,0.52186,0.50759,0.66225,0.52713,0.6495,0.61496,0.095445,0.065442,-0.10193,0.028467,0.12881,0.10194,0.30252,0.079005,0.078751,-0.048847,0.14678,0.0025666,-0.022508,0.0214,-0.246,-0.05508,-0.029693,0.035043,0.17918,0.26425,0.2207,0.018054,0.15389,-0.018622,-0.22037,-0.043903
0.73448,0.7352,0.64739,0.62815,0.71485,0.72136,0.75826,0.7903,0.76096,0.78063,0.82849,1,0.75934,0.78807,0.76245,0.82785,0.66805,0.60489,0.6757,0.6009,0.10304,0.11852,0.77042,0.70606,0.55433,0.44148,0.55834,0.62922,0.74197,0.73419,0.45353,0.5761,0.55809,0.56231,-0.0086018,0.094754,0.28994,0.1555,0.54605,0.1745,0.13441,0.33041,0.37449,0.39625,0.25177,0.18246,0.357,0.34412,0.56098,0.4407,0.50285,0.5715,0.57302,0.43223,0.48569,0.42176,0.58158,0.49068,0.63356,0.5913,0.67404,0.67236,0.6485,0.78472,0.31722,0.61063,0.49034,0.47835,0.42417,0.41593,0.21541,0.18747,0.37975,0.36166,0.15053,0.27605,0.23888,0.23214,0.55575,0.50801,0.77063,0.70553,0.74191,0.79785,0.55124,0.55519,0.66494,0.52974,0.65521,0.68992,0.21807,0.13948,-0.0079661,0.097773,0.13872,0.13933,0.39116,0.20831,0.24399,0.053827,0.32256,0.099451,0.16147,0.12834,-0.13103,0.058141,-0.055215,0.13296,0.039377,0.28553,0.34331,0.081924,0.23266,0.16021,-0.016169,0.018549
0.75194,0.64102,0.75101,0.72909,0.7095,0.63221,0.7656,0.7327,0.77738,0.73876,0.87126,0.75934,1,0.8162,0.9059,0.79293,0.57565,0.49147,0.66631,0.46135,0.12253,0.055052,0.86082,0.83173,0.78404,0.68562,0.68795,0.69585,0.645,0.54457,0.38741,0.46623,0.46943,0.33537,0.063174,0.0032439,0.13073,0.097142,0.44693,0.26259,-0.0082816,0.1417,0.57106,0.56414,0.47689,0.39746,0.54646,0.49545,0.63429,0.58069,0.45216,0.54016,0.50899,0.48214,0.45555,0.46758,0.5702,0.46111,0.49702,0.46215,0.60037,0.54026,0.52909,0.57017,0.47601,0.51247,0.54776,0.48814,0.41228,0.36467,0.20942,0.097885,0.21533,0.14837,0.090658,0.089222,0.071121,0.015242,0.42067,0.47173,0.77874,0.74247,0.67721,0.72418,0.73703,0.64674,0.71631,0.67803,0.63466,0.61753,0.14282,0.12184,-0.062316,0.063147,0.31088,0.21273,0.46585,0.29375,0.27778,0.1353,0.14053,-0.022776,0.0020408,-0.018307,-0.096965,0.10484,-0.091482,-0.018097,0.099671,0.33725,0.33144,0.075997,0.12013,0.027938,-0.12141,-0.053908
0.71148,0.66046,0.68569,0.71074,0.59042,0.56165,0.67739,0.78916,0.63773,0.67305,0.71447,0.78807,0.8162,1,0.75651,0.84962,0.57013,0.52323,0.54193,0.38597,0.12443,0.063536,0.82584,0.77138,0.69441,0.65025,0.61849,0.60857,0.61791,0.58817,0.45418,0.56514,0.47997,0.37888,0.045486,-0.028485,0.23492,0.25691,0.46703,0.23725,0.13398,0.30455,0.46535,0.47592,0.42355,0.3226,0.42508,0.42002,0.62757,0.53287,0.64673,0.63014,0.68589,0.51159,0.67483,0.61011,0.55696,0.47405,0.55006,0.53016,0.60363,0.6333,0.46157,0.63534,0.38512,0.57318,0.53253,0.51018,0.3738,0.3614,0.13164,0.14738,0.21523,0.18944,0.13139,0.20134,0.1492,0.092157,0.54073,0.548,0.78719,0.78963,0.66605,0.74797,0.73641,0.74204,0.67169,0.64927,0.63137,0.67842,0.27447,0.13771,-0.044892,0.0091962,0.16997,0.13547,0.42258,0.34046,0.3699,0.19142,0.2638,0.030147,0.13309,0.063758,-0.089146,0.024145,-0.067225,0.052059,-0.083037,0.22853,0.29488,-0.01682,0.067132,0.054725,-0.1142,-0.073868
0.7042,0.64002,0.75383,0.71674,0.78975,0.71139,0.79427,0.733,0.88422,0.80508,0.80074,0.76245,0.9059,0.75651,1,0.8555,0.61688,0.56455,0.67774,0.51156,0.31006,0.22038,0.87174,0.84348,0.77954,0.69559,0.7682,0.77816,0.77195,0.68527,0.47762,0.55694,0.52343,0.42708,0.089766,0.072636,0.29223,0.25503,0.56278,0.39427,0.16772,0.3263,0.59092,0.5796,0.45684,0.43058,0.57769,0.54561,0.66205,0.61016,0.44467,0.58395,0.52714,0.53721,0.53683,0.54304,0.57322,0.50487,0.52734,0.5223,0.53462,0.50562,0.54261,0.54673,0.39843,0.49191,0.57903,0.55299,0.4446,0.42142,0.23303,0.163,0.3869,0.30254,0.28919,0.26767,0.23627,0.13974,0.49937,0.58732,0.81442,0.76901,0.7948,0.80302,0.65867,0.66227,0.68209,0.69766,0.65443,0.70679,0.25911,0.23255,0.069989,0.18899,0.38626,0.30075,0.58613,0.35974,0.35098,0.23677,0.29024,0.1212,0.17333,0.097246,0.066369,0.2072,0.057181,0.089662,0.19285,0.45298,0.42094,0.14166,0.21176,0.15917,0.037641,0.042692
0.71384,0.73765,0.73837,0.7838,0.75885,0.71793,0.73492,0.80305,0.77731,0.81092,0.70648,0.82785,0.79293,0.84962,0.8555,1,0.65639,0.65317,0.61739,0.5162,0.31934,0.26007,0.83914,0.8376,0.71718,0.65444,0.71625,0.77448,0.71144,0.71417,0.48219,0.6111,0.53659,0.49892,0.059335,0.066722,0.32826,0.32189,0.62797,0.40047,0.16688,0.37823,0.53788,0.53342,0.42656,0.36719,0.52776,0.53186,0.6609,0.58375,0.55615,0.63196,0.62203,0.53534,0.67747,0.64281,0.612,0.60822,0.55067,0.55919,0.55503,0.60609,0.58099,0.69565,0.43681,0.57566,0.56885,0.56742,0.43004,0.46028,0.1759,0.21424,0.30935,0.32268,0.18996,0.30678,0.27163,0.22081,0.57238,0.62428,0.81877,0.83232,0.7766,0.82846,0.72139,0.74875,0.70489,0.69337,0.75928,0.832,0.43116,0.26203,0.17544,0.20285,0.40043,0.37733,0.6285,0.42619,0.48969,0.32673,0.40635,0.19851,0.28618,0.19304,0.092309,0.26228,-0.0064177,0.19055,0.060003,0.45262,0.453,0.12919,0.25257,0.2633,0.10532,0.030834
0.73522,0.78934,0.6024,0.62873,0.55553,0.58305,0.60075,0.62703,0.65487,0.61006,0.57898,0.66805,0.57565,0.57013,0.61688,0.65639,1,0.90183,0.81749,0.81666,0.25956,0.2431,0.68096,0.64391,0.4463,0.37773,0.42933,0.51538,0.81606,0.77219,0.62628,0.64084,0.83359,0.83304,0.13436,0.19835,0.42272,0.43431,0.62334,0.3719,0.08555,0.40614,0.61698,0.66198,0.4529,0.48419,0.54535,0.56462,0.64201,0.58095,0.52664,0.55653,0.65277,0.58279,0.50428,0.47693,0.88679,0.82773,0.54222,0.55523,0.48423,0.48456,0.6215,0.6236,0.26369,0.36936,0.5522,0.53385,0.77433,0.74194,0.39393,0.33094,0.56241,0.53675,0.4505,0.54697,0.59699,0.50002,0.86749,0.80816,0.86809,0.80033,0.68957,0.7635,0.54381,0.48814,0.48086,0.51536,0.50128,0.64551,0.39527,0.44741,0.1145,0.21238,0.35798,0.41068,0.57816,0.53824,0.53249,0.39217,0.39499,0.26304,0.43527,0.3144,0.2596,0.27969,0.16156,0.18223,0.21252,0.6024,0.59389,0.36631,0.40515,0.49298,0.24948,0.064711
0.60966,0.76818,0.5183,0.57964,0.49201,0.57018,0.43919,0.52762,0.58394,0.57008,0.41217,0.60489,0.49147,0.52323,0.56455,0.65317,0.90183,1,0.7573,0.79813,0.36938,0.38895,0.65142,0.63461,0.43548,0.38622,0.46601,0.54596,0.79133,0.80395,0.63658,0.66141,0.74617,0.8009,0.053454,0.12249,0.4447,0.52584,0.66168,0.50679,0.11978,0.44794,0.62292,0.64686,0.46489,0.48464,0.58357,0.59472,0.61661,0.59316,0.46739,0.50534,0.57929,0.55592,0.54722,0.52717,0.84227,0.88437,0.42785,0.51005,0.30591,0.41458,0.55441,0.5701,0.21827,0.30324,0.44956,0.49839,0.75526,0.76222,0.32308,0.26253,0.53153,0.53811,0.4839,0.53404,0.5723,0.46466,0.83329,0.84611,0.83655,0.78741,0.66988,0.74192,0.56574,0.4776,0.49139,0.51949,0.50595,0.64674,0.41844,0.42849,0.16273,0.25737,0.43482,0.46324,0.65992,0.60372,0.59874,0.4273,0.43561,0.26431,0.50373,0.28754,0.3158,0.37413,0.093822,0.19,0.18276,0.63586,0.6195,0.36148,0.41036,0.53821,0.29042,0.10384
0.85146,0.83323,0.76806,0.69454,0.61376,0.66731,0.70877,0.71062,0.78033,0.70334,0.66142,0.6757,0.66631,0.54193,0.67774,0.61739,0.81749,0.7573,1,0.89842,0.12215,0.12991,0.76695,0.66446,0.3875,0.32912,0.4479,0.50884,0.72344,0.68306,0.61452,0.58388,0.78311,0.77508,0.041551,0.089882,0.37504,0.33821,0.55741,0.29889,-0.00070798,0.28333,0.63101,0.64052,0.49942,0.48739,0.5207,0.53902,0.6471,0.59484,0.56371,0.52709,0.64487,0.53445,0.39832,0.39692,0.83793,0.73954,0.54846,0.60848,0.54058,0.59196,0.5903,0.66697,0.38782,0.50552,0.53272,0.54227,0.777,0.72348,0.46785,0.34985,0.55797,0.51215,0.36786,0.38071,0.49801,0.45353,0.60651,0.64991,0.76807,0.749,0.61304,0.70481,0.56353,0.48964,0.42495,0.45867,0.54967,0.67291,0.35528,0.51308,0.14654,0.27511,0.31325,0.37864,0.52773,0.51943,0.47973,0.37844,0.43799,0.27784,0.40082,0.33906,0.19303,0.27915,0.14438,0.14088,0.19842,0.54726,0.61332,0.44731,0.39276,0.45343,0.19549,-0.053912
0.76687,0.84846,0.60529,0.5561,0.5522,0.65678,0.58135,0.63156,0.66869,0.62382,0.52259,0.6009,0.46135,0.38597,0.51156,0.5162,0.81666,0.79813,0.89842,1,0.16724,0.23935,0.56491,0.46764,0.15043,0.10923,0.34681,0.41546,0.6658,0.69325,0.5185,0.48806,0.78322,0.8558,0.039717,0.19188,0.48664,0.37219,0.6316,0.33033,0.018528,0.37934,0.51793,0.52359,0.37476,0.37614,0.42427,0.45138,0.58389,0.49775,0.55291,0.50963,0.61668,0.46181,0.42231,0.36342,0.80811,0.7992,0.61179,0.70604,0.52408,0.603,0.6791,0.71186,0.35424,0.4731,0.50706,0.53372,0.7947,0.82999,0.43395,0.3776,0.60487,0.62423,0.40067,0.46094,0.613,0.61176,0.59185,0.60431,0.66309,0.63111,0.61486,0.66442,0.41652,0.35354,0.37765,0.35192,0.58063,0.68088,0.49216,0.61003,0.32387,0.44266,0.30342,0.40698,0.54807,0.51353,0.56911,0.45186,0.56215,0.43756,0.57932,0.47612,0.30331,0.3663,0.27319,0.33635,0.2848,0.5372,0.66527,0.56284,0.59955,0.55976,0.28579,0.12295
0.10371,0.19909,0.21261,0.21776,0.32929,0.17971,0.17852,0.11749,0.29523,0.1318,0.011339,0.10304,0.12253,0.12443,0.31006,0.31934,0.25956,0.36938,0.12215,0.16724,1,0.77295,0.2645,0.26984,0.30635,0.38537,0.50227,0.34641,0.43027,0.34241,0.36505,0.31589,0.17063,0.25736,0.18317,0.16833,0.44522,0.42717,0.5191,0.5831,0.46278,0.4908,0.16364,0.15946,0.075633,0.17647,0.2522,0.15437,0.17816,0.15753,0.16098,0.23915,0.30257,0.34955,0.51593,0.45934,0.22593,0.34057,0.13519,0.14823,-0.028713,0.050911,0.12054,0.029722,0.0057964,0.07097,0.18482,0.26271,0.082401,0.12555,0.093212,0.060765,0.3159,0.17115,0.28743,0.30494,0.28603,0.19714,0.37776,0.4802,0.31716,0.33007,0.5143,0.43445,0.21257,0.28576,0.34351,0.37529,0.30732,0.33382,0.39546,0.22642,0.34831,0.30908,0.44828,0.41541,0.48037,0.23342,0.33719,0.26623,0.26999,0.25358,0.30964,0.16545,0.42672,0.35629,0.17495,0.19811,0.10743,0.3359,0.13475,0.10271,0.22589,0.27875,0.26749,0.28261
0.092416,0.22971,0.069023,0.16801,0.21049,0.21457,0.05622,0.11307,0.19427,0.1744,-0.012427,0.11852,0.055052,0.063536,0.22038,0.26007,0.2431,0.38895,0.12991,0.23935,0.77295,1,0.14211,0.18337,0.12382,0.20535,0.3784,0.35622,0.30275,0.31421,0.22918,0.26249,0.079192,0.23993,0.010624,0.012625,0.5698,0.56388,0.4546,0.63783,0.54955,0.68401,0.10042,0.068553,0.021272,0.079214,0.17091,0.079997,0.10778,0.095639,0.14773,0.1703,0.25263,0.25375,0.48663,0.38103,0.24661,0.42259,0.15745,0.2503,-0.011059,0.094589,0.23636,0.12016,-0.0027784,0.15456,0.1061,0.16498,0.15997,0.19652,0.034091,0.084002,0.24475,0.22559,0.18569,0.24415,0.20866,0.15527,0.26348,0.33469,0.27837,0.23379,0.48684,0.39789,0.15824,0.1726,0.25444,0.25845,0.36207,0.33719,0.32103,0.15958,0.30943,0.302,0.3391,0.44485,0.47227,0.27425,0.2828,0.16056,0.2586,0.23314,0.32637,0.15668,0.33528,0.26054,0.22604,0.30333,0.094109,0.20576,0.1814,0.13135,0.20577,0.38124,0.32076,0.24205
0.77143,0.72588,0.85527,0.78331,0.73744,0.64576,0.80444,0.77907,0.83004,0.74969,0.73709,0.77042,0.86082,0.82584,0.87174,0.83914,0.68096,0.65142,0.76695,0.56491,0.2645,0.14211,1,0.91163,0.78504,0.67523,0.73177,0.69454,0.73759,0.67998,0.67617,0.72101,0.65915,0.56406,0.1622,0.089116,0.32181,0.27746,0.5641,0.33079,0.078324,0.22914,0.64294,0.64487,0.55158,0.49824,0.59596,0.57407,0.70978,0.65333,0.57776,0.60006,0.66005,0.57472,0.5545,0.59123,0.68565,0.59317,0.51422,0.51162,0.54591,0.56752,0.53339,0.62835,0.45455,0.50704,0.57018,0.56522,0.49689,0.46463,0.34827,0.2804,0.37875,0.33829,0.23998,0.35087,0.33817,0.24308,0.58909,0.67587,0.85415,0.85448,0.73025,0.80907,0.74597,0.70261,0.61654,0.68403,0.63199,0.71916,0.30646,0.29052,0.017126,0.12767,0.38871,0.30407,0.55634,0.42437,0.42427,0.31844,0.29599,0.090709,0.16006,0.1704,0.11086,0.21339,0.0414,0.01697,0.11536,0.50316,0.44704,0.16965,0.16666,0.17433,0.073025,1.7182e-05
0.71118,0.72315,0.80485,0.86009,0.75909,0.72144,0.72622,0.76337,0.78423,0.78266,0.70613,0.70606,0.83173,0.77138,0.84348,0.8376,0.64391,0.63461,0.66446,0.46764,0.26984,0.18337,0.91163,1,0.8296,0.78276,0.74693,0.82563,0.67947,0.58082,0.53524,0.6474,0.54664,0.47002,0.19314,0.11519,0.30536,0.34827,0.57647,0.46175,0.040856,0.29578,0.71622,0.72357,0.62373,0.60124,0.71537,0.68329,0.76023,0.77303,0.56375,0.65605,0.62343,0.64806,0.59262,0.6684,0.71862,0.65193,0.51988,0.52139,0.47357,0.51829,0.42241,0.52303,0.43038,0.52004,0.6353,0.63551,0.48785,0.46783,0.26014,0.19526,0.27863,0.21295,0.23628,0.23347,0.25278,0.14715,0.53729,0.66183,0.84832,0.84444,0.64951,0.73006,0.75967,0.73998,0.66927,0.75109,0.56501,0.7172,0.29592,0.22219,0.012072,0.090714,0.47696,0.31643,0.6634,0.45669,0.45498,0.3166,0.23036,0.0415,0.148,0.0872,0.018945,0.20985,-0.011316,0.010143,0.11843,0.54332,0.50151,0.17296,0.17783,0.24091,0.015438,-0.077757
0.44707,0.38828,0.64119,0.6556,0.63784,0.46515,0.59707,0.52904,0.6339,0.5669,0.58239,0.55433,0.78404,0.69441,0.77954,0.71718,0.4463,0.43548,0.3875,0.15043,0.30635,0.12382,0.78504,0.8296,1,0.86106,0.72544,0.69662,0.59249,0.47075,0.47402,0.55991,0.39947,0.23648,0.28681,0.12834,0.095262,0.20812,0.41961,0.39907,0.014088,0.14487,0.58254,0.56847,0.49567,0.482,0.59886,0.52698,0.54072,0.57362,0.25527,0.40096,0.33673,0.44508,0.4462,0.53541,0.45217,0.35921,0.26505,0.1959,0.32522,0.26192,0.32306,0.30389,0.31305,0.27462,0.49834,0.46314,0.21113,0.18157,0.1036,0.11169,0.1824,0.064009,0.17743,0.19372,0.11438,0.0024616,0.42783,0.5567,0.68359,0.69115,0.56994,0.63487,0.69629,0.65789,0.59445,0.69531,0.46466,0.49259,0.1491,0.025066,-0.073083,-0.021685,0.47011,0.24086,0.52915,0.31241,0.29333,0.17923,0.07258,-0.081332,-0.078295,-0.059906,0.088881,0.15018,-0.085152,-0.063126,0.11305,0.45714,0.26299,-0.024847,-0.033942,0.0056666,-0.023239,0.06088
0.43987,0.40338,0.6074,0.69723,0.54858,0.44752,0.46738,0.46041,0.53019,0.46992,0.50129,0.44148,0.68562,0.65025,0.69559,0.65444,0.37773,0.38622,0.32912,0.10923,0.38537,0.20535,0.67523,0.78276,0.86106,1,0.69285,0.73432,0.523,0.34366,0.3175,0.41943,0.30154,0.14255,0.2512,0.095323,0.15101,0.23362,0.39673,0.45773,0.10918,0.2442,0.52663,0.50914,0.5252,0.492,0.56884,0.50008,0.55659,0.59994,0.36074,0.5253,0.41419,0.56028,0.58079,0.63545,0.44289,0.37384,0.29779,0.2304,0.23593,0.18669,0.15596,0.1422,0.30842,0.29361,0.51233,0.50948,0.19262,0.15152,-0.071787,-0.073178,0.06488,-0.086722,0.12914,0.0058462,0.026882,-0.11394,0.35019,0.50096,0.60408,0.68467,0.48876,0.51788,0.68972,0.73281,0.59528,0.71853,0.40019,0.47382,0.11114,-0.028518,-0.077558,-0.13562,0.37964,0.13846,0.4887,0.23915,0.28001,0.17225,0.0090809,-0.17132,-0.088085,-0.20124,-0.0065625,0.0068574,-0.1506,-0.11319,0.018144,0.3814,0.21782,-0.11956,-0.16367,-0.05015,-0.16673,-0.10158
0.55209,0.5315,0.6492,0.66743,0.77659,0.63456,0.62775,0.62118,0.67833,0.62477,0.57218,0.55834,0.68795,0.61849,0.7682,0.71625,0.42933,0.46601,0.4479,0.34681,0.50227,0.3784,0.73177,0.74693,0.72544,0.69285,1,0.76701,0.58808,0.49327,0.4345,0.47124,0.38967,0.34869,0.28637,0.23044,0.36523,0.2218,0.56136,0.40629,0.1738,0.35824,0.42215,0.39585,0.36342,0.33444,0.43364,0.37818,0.53993,0.4872,0.4277,0.54087,0.50059,0.4789,0.59245,0.56446,0.45886,0.43577,0.47791,0.48184,0.38698,0.44979,0.36235,0.37098,0.41392,0.45693,0.51922,0.53698,0.19722,0.23742,0.16087,0.15107,0.29496,0.28017,0.22199,0.25257,0.22397,0.14528,0.33968,0.45771,0.582,0.59877,0.68868,0.64111,0.57797,0.56562,0.58514,0.54369,0.64169,0.65385,0.38556,0.31168,0.29194,0.32766,0.39399,0.22326,0.5405,0.28336,0.35684,0.32409,0.38196,0.19124,0.22168,0.20094,0.15603,0.22024,0.084764,0.27383,0.19642,0.39406,0.33858,0.17174,0.2477,0.14455,-0.014341,0.15465
0.65235,0.67346,0.67275,0.77061,0.7875,0.82461,0.65674,0.67347,0.73634,0.79228,0.65625,0.62922,0.69585,0.60857,0.77816,0.77448,0.51538,0.54596,0.50884,0.41546,0.34641,0.35622,0.69454,0.82563,0.69662,0.73432,0.76701,1,0.56409,0.45705,0.25302,0.4033,0.32869,0.31327,0.15003,0.098583,0.37545,0.32249,0.66312,0.57595,0.19738,0.46118,0.55478,0.54132,0.45449,0.41159,0.59398,0.56661,0.67286,0.65594,0.46147,0.64924,0.51462,0.60138,0.66479,0.69147,0.61777,0.60168,0.61669,0.59444,0.47348,0.47968,0.44393,0.4685,0.42224,0.56414,0.63593,0.62876,0.33824,0.40474,0.039049,0.052287,0.22693,0.13338,0.13068,0.057534,0.12626,0.041912,0.35998,0.46218,0.68322,0.68698,0.6811,0.6642,0.59066,0.65362,0.69662,0.71725,0.65972,0.75768,0.34082,0.17891,0.16826,0.22942,0.40183,0.30204,0.64297,0.30399,0.37595,0.27546,0.23331,0.11386,0.14627,0.013523,-0.03648,0.17893,0.03332,0.17363,0.14658,0.45539,0.4204,0.17574,0.23823,0.1845,-0.088583,-0.063157
0.58554,0.63696,0.573,0.53927,0.59128,0.56599,0.60539,0.58102,0.72925,0.59666,0.5888,0.74197,0.645,0.61791,0.77195,0.71144,0.81606,0.79133,0.72344,0.6658,0.43027,0.30275,0.73759,0.67947,0.59249,0.523,0.58808,0.56409,1,0.92028,0.69725,0.71141,0.71669,0.6987,0.1033,0.18327,0.41706,0.45033,0.66483,0.4253,0.27172,0.43892,0.51075,0.52353,0.36093,0.36878,0.5081,0.45998,0.57805,0.48659,0.38919,0.49092,0.53391,0.49943,0.51505,0.48564,0.65746,0.58715,0.4421,0.44614,0.38677,0.41036,0.53013,0.52356,0.16153,0.30649,0.45638,0.46514,0.59072,0.52652,0.35648,0.23874,0.64841,0.52966,0.4818,0.54807,0.50436,0.38725,0.78004,0.77829,0.85884,0.74661,0.80152,0.83563,0.50629,0.5025,0.60178,0.55965,0.4843,0.612,0.28682,0.27438,0.1044,0.17659,0.37993,0.29671,0.57167,0.41979,0.42499,0.27205,0.36073,0.22497,0.3366,0.1995,0.22513,0.22973,0.029966,0.066753,0.12803,0.55896,0.44434,0.22608,0.32609,0.36661,0.16007,0.085997
0.51217,0.60626,0.49414,0.44405,0.50663,0.5164,0.53748,0.55009,0.64505,0.56489,0.48794,0.73419,0.54457,0.58817,0.68527,0.71417,0.77219,0.80395,0.68306,0.69325,0.34241,0.31421,0.67998,0.58082,0.47075,0.34366,0.49327,0.45705,0.92028,1,0.70642,0.7414,0.7227,0.75215,0.031444,0.16827,0.39589,0.41715,0.65019,0.35158,0.25647,0.40335,0.41489,0.41492,0.28691,0.26091,0.41084,0.38395,0.50426,0.38414,0.36417,0.41039,0.50341,0.39531,0.48634,0.42095,0.57432,0.58142,0.38794,0.426,0.37073,0.4128,0.61676,0.61325,0.14423,0.26175,0.3732,0.38791,0.57737,0.5586,0.34022,0.2938,0.61675,0.63314,0.44888,0.61724,0.55133,0.47883,0.74386,0.7551,0.80184,0.69043,0.77554,0.83458,0.45209,0.43926,0.51895,0.45735,0.54495,0.62049,0.36455,0.3037,0.18598,0.23469,0.34791,0.32745,0.53866,0.41873,0.46414,0.30169,0.43766,0.29792,0.41952,0.30088,0.3224,0.32803,0.040036,0.14208,0.115,0.5295,0.44968,0.23465,0.36957,0.39767,0.27603,0.20065
0.40209,0.43764,0.53297,0.37774,0.39717,0.25588,0.46811,0.4187,0.51721,0.34824,0.28874,0.45353,0.38741,0.45418,0.47762,0.48219,0.62628,0.63658,0.61452,0.5185,0.36505,0.22918,0.67617,0.53524,0.47402,0.3175,0.4345,0.25302,0.69725,0.70642,1,0.88157,0.70413,0.69325,0.21075,0.18914,0.3769,0.46249,0.54251,0.26081,0.13113,0.16783,0.42889,0.41659,0.33038,0.34313,0.37791,0.31962,0.36647,0.30922,0.33589,0.23072,0.46045,0.26151,0.35036,0.32121,0.52513,0.45674,0.17499,0.21805,0.22469,0.28512,0.39848,0.40623,0.11368,0.17481,0.21998,0.24346,0.49139,0.39897,0.54678,0.45568,0.55869,0.59408,0.39014,0.61503,0.54644,0.47426,0.6766,0.6621,0.61508,0.53611,0.52764,0.58243,0.35303,0.28033,0.16603,0.2214,0.30575,0.39375,0.33476,0.29225,0.12513,0.16139,0.44161,0.36842,0.53412,0.52417,0.46195,0.32983,0.42258,0.25575,0.36943,0.38562,0.41917,0.39293,0.14776,0.076478,0.094382,0.54141,0.44581,0.26679,0.2242,0.4193,0.42128,0.18528
0.43834,0.48947,0.54526,0.48783,0.46773,0.38534,0.50928,0.49668,0.55578,0.47766,0.41133,0.5761,0.46623,0.56514,0.55694,0.6111,0.64084,0.66141,0.58388,0.48806,0.31589,0.26249,0.72101,0.6474,0.55991,0.41943,0.47124,0.4033,0.71141,0.7414,0.88157,1,0.65841,0.64891,0.12293,0.13131,0.33544,0.46812,0.54327,0.30618,0.10263,0.23662,0.43534,0.41266,0.33629,0.29519,0.43956,0.36651,0.44411,0.37657,0.39342,0.35169,0.48865,0.30558,0.44935,0.41766,0.55689,0.51063,0.30042,0.30907,0.30275,0.34718,0.48947,0.51518,0.063959,0.23534,0.29246,0.3018,0.4142,0.37134,0.31712,0.35221,0.4305,0.54268,0.28425,0.60836,0.46827,0.4,0.67458,0.67612,0.69926,0.60862,0.60586,0.65219,0.42763,0.37354,0.31615,0.33303,0.42029,0.45156,0.32078,0.19843,0.071917,0.086636,0.37489,0.27243,0.5538,0.46037,0.41639,0.27853,0.37467,0.19347,0.31257,0.2864,0.30767,0.27872,0.09516,0.073623,0.046919,0.48956,0.39435,0.15231,0.1526,0.32274,0.30915,0.10253
0.64396,0.66402,0.6813,0.57594,0.54243,0.51913,0.64469,0.63934,0.62219,0.55654,0.42846,0.55809,0.46943,0.47997,0.52343,0.53659,0.83359,0.74617,0.78311,0.78322,0.17063,0.079192,0.65915,0.54664,0.39947,0.30154,0.38967,0.32869,0.71669,0.7227,0.70413,0.65841,1,0.92915,0.45375,0.51591,0.3432,0.33769,0.50077,0.22374,-0.095193,0.21761,0.62822,0.64189,0.58483,0.5945,0.51029,0.53629,0.62059,0.56328,0.49105,0.45633,0.54271,0.47384,0.35574,0.35739,0.76222,0.67583,0.5278,0.53383,0.53173,0.52358,0.60899,0.61197,0.42311,0.38222,0.65836,0.64622,0.74643,0.73715,0.49029,0.52833,0.60413,0.62822,0.54757,0.65051,0.7664,0.68116,0.69496,0.73095,0.7049,0.70306,0.56739,0.68544,0.48591,0.46818,0.28872,0.40459,0.41299,0.56564,0.51031,0.59429,0.30258,0.35238,0.4052,0.32219,0.53932,0.53399,0.62081,0.56679,0.55053,0.43252,0.52879,0.54211,0.43762,0.36263,0.29718,0.34439,0.24448,0.62743,0.64819,0.53417,0.46827,0.50626,0.38384,0.15002
0.60851,0.71342,0.56957,0.50254,0.51521,0.55615,0.56585,0.60291,0.58777,0.53427,0.35323,0.56231,0.33537,0.37888,0.42708,0.49892,0.83304,0.8009,0.77508,0.8558,0.25736,0.23993,0.56406,0.47002,0.23648,0.14255,0.34869,0.31327,0.6987,0.75215,0.69325,0.64891,0.92915,1,0.35258,0.47601,0.4638,0.43205,0.60567,0.3034,0.04695,0.34598,0.52748,0.56426,0.44777,0.49316,0.44642,0.48113,0.5726,0.50185,0.49091,0.44868,0.55495,0.44171,0.38986,0.35397,0.76853,0.74437,0.54814,0.59681,0.47333,0.53794,0.62511,0.64503,0.32822,0.39268,0.57316,0.60625,0.76148,0.78262,0.47445,0.52418,0.66069,0.69221,0.57007,0.67186,0.8167,0.77239,0.70235,0.71756,0.66026,0.62627,0.60174,0.68894,0.35015,0.35627,0.26298,0.30579,0.42931,0.59712,0.57369,0.65469,0.38168,0.4532,0.38103,0.41415,0.57827,0.53245,0.63417,0.55253,0.62421,0.51812,0.64575,0.61485,0.47823,0.45028,0.34254,0.41148,0.26844,0.61426,0.68883,0.60183,0.60093,0.65554,0.47545,0.25713
0.075379,0.060775,0.36554,0.29247,0.31353,0.15676,0.28869,0.25544,0.18058,0.14065,-0.056513,-0.0086018,0.063174,0.045486,0.089766,0.059335,0.13436,0.053454,0.041551,0.039717,0.18317,0.010624,0.1622,0.19314,0.28681,0.2512,0.28637,0.15003,0.1033,0.031444,0.21075,0.12293,0.45375,0.35258,1,0.88056,0.15629,0.034718,0.1906,0.1651,-0.12147,0.013356,0.38669,0.37925,0.50179,0.52642,0.35931,0.32793,0.32351,0.33108,0.10741,0.21259,0.031291,0.21907,0.12421,0.2155,0.18603,0.10453,0.28961,0.1958,0.23158,0.18644,0.12212,0.025396,0.46786,0.21226,0.58702,0.5759,0.18805,0.19506,0.3132,0.49535,0.21775,0.17586,0.32713,0.25192,0.50504,0.42881,0.078,0.16081,0.087363,0.17634,0.11831,0.18182,0.15793,0.27487,0.011249,0.24619,0.040939,0.18479,0.45503,0.4222,0.47344,0.44481,0.39045,0.1098,0.33511,0.28692,0.43603,0.54915,0.33274,0.39445,0.29047,0.40894,0.40352,0.30557,0.35534,0.44479,0.22604,0.35396,0.44066,0.50733,0.34374,0.28201,0.31123,0.16743
0.11222,0.13298,0.31779,0.22817,0.36326,0.26577,0.30882,0.27224,0.23573,0.19272,0.017526,0.094754,0.0032439,-0.028485,0.072636,0.066722,0.19835,0.12249,0.089882,0.19188,0.16833,0.012625,0.089116,0.11519,0.12834,0.095323,0.23044,0.098583,0.18327,0.16827,0.18914,0.13131,0.51591,0.47601,0.88056,1,0.14169,-0.0036051,0.27139,0.094996,-0.1741,0.032819,0.25929,0.2734,0.34307,0.3895,0.24962,0.23329,0.26223,0.25297,0.070706,0.22348,0.037669,0.2284,0.081978,0.12682,0.19777,0.14592,0.36976,0.27483,0.30092,0.25977,0.21305,0.12336,0.38292,0.2262,0.55043,0.56535,0.22634,0.2842,0.24505,0.43074,0.27353,0.28694,0.3827,0.31167,0.54697,0.49224,0.098179,0.15564,0.060527,0.13073,0.18152,0.22013,0.035924,0.18139,0.0466,0.18104,0.082389,0.22021,0.47361,0.44902,0.55605,0.50012,0.38072,0.13118,0.33471,0.22154,0.38387,0.48454,0.42198,0.47619,0.40176,0.49798,0.43373,0.36759,0.34315,0.52855,0.3848,0.41154,0.448,0.52124,0.49854,0.34061,0.32246,0.27784
0.345,0.5198,0.35937,0.31862,0.34524,0.35734,0.26954,0.37289,0.39452,0.33244,0.15133,0.28994,0.13073,0.23492,0.29223,0.32826,0.42272,0.4447,0.37504,0.48664,0.44522,0.5698,0.32181,0.30536,0.095262,0.15101,0.36523,0.37545,0.41706,0.39589,0.3769,0.33544,0.3432,0.4638,0.15629,0.14169,1,0.70906,0.64588,0.61498,0.62622,0.73387,0.26742,0.26441,0.16029,0.23108,0.2669,0.27262,0.4029,0.32117,0.53676,0.49004,0.55141,0.46224,0.59295,0.56763,0.4494,0.4647,0.42723,0.56608,0.17574,0.33593,0.24361,0.29819,0.12724,0.37419,0.32608,0.41094,0.38188,0.37863,0.41663,0.47279,0.52748,0.47937,0.35778,0.34626,0.51692,0.52648,0.39312,0.37028,0.41162,0.39752,0.50857,0.4708,0.23849,0.31442,0.23571,0.35578,0.36155,0.53746,0.50347,0.45093,0.28742,0.39771,0.23058,0.41055,0.48463,0.46559,0.46488,0.38663,0.37951,0.35371,0.44856,0.32921,0.27076,0.14825,0.41816,0.35433,0.1593,0.40817,0.47698,0.38439,0.40876,0.452,0.27523,0.10139
0.21274,0.40734,0.22999,0.30168,0.19206,0.29243,0.13286,0.27805,0.30173,0.30706,0.014758,0.1555,0.097142,0.25691,0.25503,0.32189,0.43431,0.52584,0.33821,0.37219,0.42717,0.56388,0.27746,0.34827,0.20812,0.23362,0.2218,0.32249,0.45033,0.41715,0.46249,0.46812,0.33769,0.43205,0.034718,-0.0036051,0.70906,1,0.55243,0.74461,0.48541,0.69728,0.38734,0.39809,0.26967,0.38732,0.37865,0.40177,0.34315,0.40585,0.37918,0.30693,0.41298,0.39273,0.52817,0.53936,0.48681,0.54877,0.19358,0.3868,0.0041774,0.21633,0.11584,0.17117,-0.026403,0.22856,0.25714,0.34404,0.46058,0.45561,0.22603,0.29336,0.46842,0.38229,0.48624,0.42759,0.44073,0.38938,0.47822,0.52193,0.46018,0.41148,0.40774,0.4319,0.24773,0.30999,0.16257,0.31994,0.19368,0.42827,0.38122,0.34092,0.15176,0.23183,0.39562,0.50455,0.6423,0.62352,0.50066,0.39342,0.29465,0.28899,0.45545,0.26443,0.36109,0.24538,0.31967,0.20964,0.12347,0.45213,0.45009,0.34191,0.31832,0.58771,0.33685,0.070013
0.57351,0.71569,0.57935,0.56533,0.64628,0.66043,0.55664,0.59343,0.6745,0.60052,0.45218,0.54605,0.44693,0.46703,0.56278,0.62797,0.62334,0.66168,0.55741,0.6316,0.5191,0.4546,0.5641,0.57647,0.41961,0.39673,0.56136,0.66312,0.66483,0.65019,0.54251,0.54327,0.50077,0.60567,0.1906,0.27139,0.64588,0.55243,1,0.67517,0.3915,0.53909,0.42173,0.44777,0.25919,0.29995,0.46491,0.4317,0.54756,0.46716,0.47815,0.58202,0.59788,0.52984,0.72515,0.68831,0.63272,0.65346,0.56424,0.61605,0.40074,0.48392,0.53352,0.53903,0.24597,0.44993,0.50071,0.57141,0.47261,0.54368,0.2923,0.30432,0.54142,0.43669,0.36658,0.36202,0.47131,0.47089,0.54768,0.57891,0.63612,0.63311,0.77229,0.74873,0.40887,0.53765,0.57724,0.58627,0.66982,0.79698,0.60484,0.43976,0.4266,0.46158,0.49146,0.57827,0.76568,0.51363,0.56605,0.42147,0.44879,0.41273,0.4499,0.29993,0.35674,0.45091,0.1874,0.30248,0.28696,0.6401,0.58422,0.40529,0.5756,0.45934,0.17067,0.23619
0.24673,0.45525,0.33845,0.46572,0.36767,0.42778,0.2128,0.30339,0.41352,0.386,0.11479,0.1745,0.26259,0.23725,0.39427,0.40047,0.3719,0.50679,0.29889,0.33033,0.5831,0.63783,0.33079,0.46175,0.39907,0.45773,0.40629,0.57595,0.4253,0.35158,0.26081,0.30618,0.22374,0.3034,0.1651,0.094996,0.61498,0.74461,0.67517,1,0.43008,0.66618,0.55919,0.55401,0.44843,0.5288,0.64647,0.61675,0.54951,0.61197,0.37744,0.52812,0.41152,0.60769,0.66587,0.78876,0.484,0.5743,0.30107,0.4273,0.024387,0.14243,0.1766,0.14632,0.058318,0.20432,0.44353,0.52555,0.37876,0.40585,0.054809,0.13865,0.31989,0.17301,0.37965,0.25187,0.32302,0.23741,0.35711,0.51787,0.46343,0.49899,0.48408,0.49435,0.37053,0.49751,0.37389,0.5873,0.35335,0.53987,0.4707,0.35445,0.2195,0.27912,0.52484,0.60104,0.75862,0.60005,0.58022,0.50382,0.1761,0.24855,0.31902,0.12611,0.40477,0.31393,0.27741,0.1939,0.23119,0.52212,0.48209,0.28345,0.31578,0.48965,0.29634,0.1414
-0.0072093,0.078097,-0.040577,-0.038997,-0.0096117,0.021356,-0.0149,0.034535,0.090751,0.023311,-0.013132,0.13441,-0.0082816,0.13398,0.16772,0.16688,0.08555,0.11978,-0.00070798,0.018528,0.46278,0.54955,0.078324,0.040856,0.014088,0.10918,0.1738,0.19738,0.27172,0.25647,0.13113,0.10263,-0.095193,0.04695,-0.12147,-0.1741,0.62622,0.48541,0.3915,0.43008,1,0.64165,-0.13642,-0.10814,-0.1964,-0.16173,-0.043551,-0.070134,0.061261,-0.050085,0.16636,0.20636,0.20088,0.16796,0.39528,0.32178,-0.0026286,0.016023,0.076902,0.1639,-0.093389,0.0013013,-0.020076,-0.012315,-0.11571,0.089627,-0.038478,0.028035,0.029088,-0.081917,0.026577,0.0091327,0.25615,0.14699,0.13678,0.10459,0.094297,0.08487,0.20598,0.13548,0.18724,0.11264,0.41772,0.26661,-0.0034275,0.13931,0.19656,0.18736,0.14509,0.20287,0.054922,0.010501,-0.030457,0.034536,-0.018287,0.22677,0.13037,0.017698,0.023623,-0.035368,-0.033702,0.057097,0.061678,-0.098876,0.10672,-0.06955,0.15119,0.054758,-0.054884,0.057449,-0.040241,-0.076521,-0.010885,0.073046,0.059973,0.081572
0.32487,0.4518,0.19822,0.32852,0.30287,0.42914,0.19442,0.35257,0.34529,0.39653,0.18486,0.33041,0.1417,0.30455,0.3263,0.37823,0.40614,0.44794,0.28333,0.37934,0.4908,0.68401,0.22914,0.29578,0.14487,0.2442,0.35824,0.46118,0.43892,0.40335,0.16783,0.23662,0.21761,0.34598,0.013356,0.032819,0.73387,0.69728,0.53909,0.66618,0.64165,1,0.23019,0.24392,0.13419,0.19546,0.26133,0.27949,0.38608,0.34882,0.45177,0.48155,0.49772,0.45905,0.64218,0.55904,0.43439,0.48609,0.43059,0.53372,0.14229,0.29854,0.22361,0.21684,-0.043845,0.32072,0.33222,0.39562,0.35396,0.37821,0.11308,0.20828,0.46616,0.38219,0.37631,0.29404,0.36232,0.30534,0.36084,0.39013,0.428,0.37235,0.53613,0.48109,0.24432,0.34212,0.3481,0.40092,0.39306,0.52631,0.42388,0.33585,0.22108,0.28714,0.16254,0.3232,0.45751,0.39339,0.39188,0.26676,0.32978,0.26984,0.42917,0.21461,0.20545,0.053628,0.27385,0.38612,0.10157,0.27635,0.35069,0.24889,0.31607,0.45165,0.20007,0.045116
0.53465,0.59482,0.70368,0.73237,0.53081,0.54125,0.53464,0.5925,0.59888,0.61748,0.34549,0.37449,0.57106,0.46535,0.59092,0.53788,0.61698,0.62292,0.63101,0.51793,0.16364,0.10042,0.64294,0.71622,0.58254,0.52663,0.42215,0.55478,0.51075,0.41489,0.42889,0.43534,0.62822,0.52748,0.38669,0.25929,0.26742,0.38734,0.42173,0.55919,-0.13642,0.23019,1,0.95895,0.91589,0.89568,0.95232,0.93343,0.8551,0.90148,0.48616,0.58202,0.45413,0.64881,0.42214,0.60339,0.7229,0.66069,0.42525,0.47312,0.30894,0.35927,0.282,0.36397,0.41853,0.34159,0.71059,0.70876,0.69084,0.63294,0.37507,0.36847,0.36119,0.287,0.46276,0.34565,0.46285,0.30709,0.48843,0.66979,0.68411,0.73048,0.38116,0.53257,0.60287,0.60617,0.32762,0.64519,0.29111,0.53682,0.43107,0.47874,0.14661,0.26854,0.49796,0.36365,0.69457,0.71172,0.71848,0.64612,0.2724,0.25994,0.36246,0.24343,0.24854,0.33452,0.16939,0.15644,0.12733,0.56307,0.70344,0.4818,0.30111,0.46488,0.30401,-0.13739
