1,0.94025,0.82402,0.72336,0.76359,0.71779,0.82175,0.7596,0.76909,0.76193,0.82641,0.87144,0.81182,0.81238,0.78677,0.74402,0.89159,0.8514,0.82267,0.74575,0.7553,0.37475,0.75887,0.71233,0.49241,0.57197,0.71258,0.74999,0.81786,0.76145,0.50291,0.55925,0.80935,0.77145,0.52125,0.51269,0.49607,0.40086,0.59623,0.51945,0.65391,0.63544,0.79146,0.75453,0.77763,0.75057,0.8393,0.80189,0.84346,0.84146,0.87136,0.86786,0.85378,0.87095,0.84001,0.83982,0.95123,0.92091,0.81102,0.80671,0.76138,0.65855,0.91086,0.81101,0.59776,0.58798,0.70087,0.68829,0.84287,0.84247,0.16026,0.12026,0.42178,0.40235,0.16117,0.10412,0.030677,-0.060584,0.87138,0.81573,0.89183,0.91088,0.81815,0.85862,0.82955,0.85656,0.73827,0.784,0.87013,0.86201,0.47995,0.53958,0.28908,0.41615,0.39951,0.38354,0.67387,0.63919,0.6945,0.72379,0.25042,0.60952,0.46816,0.74094,0.39253,0.46594,0.15892,0.14943,0.16304,0.56961,0.60399,0.56166,0.38559,0.60584,0.4173,0.065686
0.94025,1,0.7864,0.7618,0.73188,0.73691,0.79967,0.80127,0.79647,0.77464,0.75891,0.88158,0.76992,0.80853,0.77203,0.78688,0.88813,0.87011,0.83279,0.7965,0.74163,0.42398,0.75044,0.71107,0.5264,0.62738,0.7028,0.73441,0.8257,0.81062,0.57727,0.63849,0.85715,0.83572,0.55838,0.55873,0.48154,0.41946,0.61829,0.57818,0.63929,0.64264,0.83779,0.81617,0.83177,0.80323,0.88243,0.86467,0.88596,0.88548,0.87762,0.8987,0.85452,0.87958,0.87489,0.87542,0.95198,0.96662,0.79631,0.82752,0.7393,0.6593,0.90704,0.82959,0.59645,0.58715,0.73518,0.7275,0.89039,0.89456,0.17505,0.15693,0.44131,0.43509,0.20712,0.14095,0.065778,-0.013702,0.86835,0.81288,0.85571,0.88617,0.78924,0.82581,0.79586,0.84335,0.67632,0.72373,0.86125,0.8465,0.54286,0.58149,0.33553,0.43493,0.41238,0.42246,0.74624,0.67251,0.77246,0.75196,0.34573,0.6369,0.54236,0.74859,0.42782,0.49033,0.23372,0.23676,0.19682,0.57556,0.65282,0.63242,0.4428,0.64838,0.45767,0.076822
0.82402,0.7864,1,0.81613,0.82658,0.74215,0.9039,0.74758,0.76644,0.73858,0.69621,0.72187,0.69549,0.72487,0.81385,0.72575,0.76231,0.76326,0.8151,0.6658,0.76514,0.39317,0.91263,0.81244,0.60562,0.63612,0.71308,0.75535,0.71671,0.63492,0.59561,0.61374,0.82743,0.74252,0.73382,0.68228,0.62232,0.51114,0.65813,0.63108,0.6411,0.56554,0.74735,0.71068,0.74036,0.7641,0.79334,0.79021,0.75851,0.76685,0.78598,0.74665,0.78046,0.73365,0.83522,0.82609,0.77744,0.76428,0.82197,0.7578,0.79895,0.68689,0.79272,0.72285,0.81298,0.73821,0.83659,0.80049,0.71933,0.72753,0.30069,0.19825,0.46608,0.41856,0.29397,0.16968,0.19171,0.043557,0.77865,0.72941,0.77354,0.81695,0.73731,0.76253,0.84031,0.79865,0.78855,0.80271,0.88191,0.83122,0.60981,0.74469,0.49648,0.65493,0.48491,0.4594,0.73415,0.66829,0.7206,0.78533,0.37204,0.72206,0.57428,0.79332,0.55177,0.67047,0.28855,0.25861,0.22501,0.65471,0.70745,0.59345,0.52801,0.65978,0.61205,0.14199
0.72336,0.7618,0.81613,1,0.80129,0.83362,0.82242,0.87779,0.83961,0.81344,0.53597,0.72672,0.59098,0.76609,0.689,0.7423,0.64456,0.61887,0.73626,0.66202,0.63469,0.46087,0.84621,0.88338,0.64492,0.8252,0.74452,0.79425,0.62494,0.61388,0.69292,0.76407,0.83278,0.80618,0.73922,0.72108,0.53101,0.48595,0.5627,0.56466,0.5825,0.5506,0.68056,0.64623,0.6834,0.70412,0.70655,0.71945,0.72261,0.73101,0.73036,0.73415,0.71404,0.69866,0.7475,0.76119,0.73418,0.76276,0.7703,0.79635,0.71349,0.79304,0.71535,0.75714,0.73176,0.8003,0.81788,0.83502,0.70688,0.72484,0.3266,0.30753,0.44587,0.41685,0.28492,0.13859,0.066028,0.031544,0.68511,0.60048,0.66833,0.73319,0.60667,0.63899,0.73588,0.81399,0.5739,0.61777,0.7704,0.7705,0.66752,0.60983,0.57219,0.49744,0.31042,0.35404,0.66377,0.59936,0.68085,0.66246,0.57465,0.63078,0.65176,0.67287,0.53104,0.55182,0.41887,0.31355,0.1109,0.51659,0.64045,0.56836,0.43029,0.54877,0.44312,0.051985
0.76359,0.73188,0.82658,0.80129,1,0.83463,0.76718,0.72727,0.79471,0.78463,0.58837,0.68135,0.59228,0.68449,0.715,0.66123,0.66357,0.64027,0.7467,0.68286,0.74151,0.43725,0.77398,0.76713,0.55462,0.67958,0.84404,0.81951,0.61662,0.58873,0.5401,0.58728,0.78099,0.7202,0.64251,0.62976,0.54271,0.44425,0.52976,0.50792,0.5959,0.53849,0.64489,0.60596,0.68926,0.70566,0.67065,0.69191,0.72081,0.74865,0.71488,0.73243,0.67891,0.67713,0.72112,0.75997,0.73351,0.72767,0.79639,0.77974,0.72921,0.70261,0.72582,0.73645,0.68161,0.71255,0.79421,0.78798,0.72547,0.71386,0.25562,0.20569,0.42075,0.38111,0.24677,0.1528,0.012883,-0.049345,0.68057,0.60002,0.69761,0.76491,0.65269,0.73723,0.74521,0.81014,0.62233,0.71576,0.78903,0.77096,0.58575,0.57616,0.44915,0.46723,0.32155,0.3178,0.62193,0.59079,0.6526,0.69129,0.39898,0.6731,0.5343,0.70203,0.38554,0.46118,0.30081,0.18339,0.12504,0.51561,0.65509,0.55531,0.44964,0.49079,0.36762,-0.053804
0.71779,0.73691,0.74215,0.83362,0.83463,1,0.70554,0.73425,0.78096,0.78967,0.50108,0.64521,0.49847,0.65712,0.62833,0.65461,0.60648,0.57195,0.69718,0.67715,0.65121,0.48733,0.75569,0.78075,0.51303,0.69753,0.78683,0.82225,0.55307,0.56042,0.52718,0.59875,0.73987,0.70012,0.61954,0.63011,0.53375,0.48462,0.49326,0.52793,0.53656,0.51425,0.64023,0.59884,0.68288,0.71103,0.65888,0.67192,0.72931,0.77721,0.7148,0.75856,0.63539,0.65366,0.67527,0.7283,0.72297,0.73772,0.76219,0.78532,0.66316,0.70831,0.66331,0.71673,0.6604,0.72075,0.7702,0.79929,0.70269,0.72387,0.22321,0.17475,0.34754,0.33289,0.17983,0.14346,-0.013494,-0.045791,0.60941,0.49352,0.61162,0.69038,0.57769,0.66203,0.6877,0.80752,0.58247,0.63902,0.73216,0.77232,0.64502,0.56214,0.53445,0.46258,0.22493,0.30482,0.6019,0.57321,0.66303,0.68172,0.51422,0.64495,0.57817,0.67882,0.39719,0.40579,0.35881,0.21905,0.10057,0.49052,0.65273,0.58593,0.4721,0.50873,0.35532,-0.088377
0.82175,0.79967,0.9039,0.82242,0.76718,0.70554,1,0.8792,0.84809,0.79469,0.7645,0.81073,0.79431,0.83433,0.83052,0.81146,0.75954,0.7372,0.80957,0.64652,0.66605,0.33657,0.86182,0.771,0.61543,0.64291,0.6257,0.64645,0.76577,0.68883,0.64475,0.67999,0.83805,0.79753,0.70553,0.65706,0.50633,0.41567,0.58676,0.54367,0.57352,0.54988,0.74523,0.7204,0.69329,0.7174,0.77937,0.7702,0.71903,0.72128,0.78065,0.72954,0.80015,0.75921,0.79598,0.76484,0.77681,0.76118,0.82554,0.77615,0.86753,0.76488,0.81414,0.76885,0.79324,0.76209,0.79592,0.76283,0.72324,0.71388,0.36456,0.3133,0.5057,0.46284,0.30742,0.16784,0.21245,0.11209,0.77225,0.73549,0.77589,0.8063,0.70967,0.73322,0.83651,0.79033,0.65392,0.69869,0.86326,0.78492,0.62376,0.72218,0.4827,0.6143,0.44337,0.45803,0.69646,0.63107,0.70139,0.71937,0.455,0.70471,0.61878,0.72399,0.52028,0.6174,0.3109,0.24081,0.24884,0.62491,0.62548,0.55227,0.49885,0.62597,0.53853,0.14486
0.7596,0.80127,0.74758,0.87779,0.72727,0.73425,0.8792,1,0.86381,0.84131,0.67353,0.86477,0.71634,0.88633,0.72245,0.82232,0.69423,0.67836,0.75149,0.6607,0.60694,0.40195,0.75021,0.75078,0.53136,0.70378,0.60643,0.62845,0.73202,0.72321,0.70213,0.76707,0.84638,0.84482,0.65318,0.62763,0.43772,0.40287,0.5416,0.5321,0.52631,0.57719,0.66306,0.63907,0.63072,0.65414,0.70118,0.70189,0.67914,0.67724,0.73022,0.70877,0.74235,0.71418,0.7391,0.72743,0.75251,0.76613,0.77347,0.81128,0.78276,0.81171,0.76235,0.81555,0.65865,0.75097,0.74333,0.75946,0.72471,0.7272,0.31932,0.32989,0.45582,0.45223,0.24756,0.14557,0.10627,0.088076,0.70795,0.66527,0.67643,0.74943,0.63251,0.66515,0.70919,0.76449,0.47047,0.55016,0.76975,0.71703,0.672,0.59121,0.53252,0.46855,0.3472,0.4219,0.64723,0.60512,0.68657,0.6423,0.60853,0.64088,0.66734,0.65836,0.49797,0.49777,0.43136,0.28074,0.17839,0.53601,0.60613,0.54543,0.4515,0.55001,0.3972,0.096594
0.76909,0.79647,0.76644,0.83961,0.79471,0.78096,0.84809,0.86381,1,0.84029,0.66089,0.79186,0.70316,0.79747,0.76264,0.80004,0.70986,0.64905,0.73428,0.66511,0.61565,0.44216,0.78692,0.79531,0.64601,0.70358,0.67051,0.67528,0.70239,0.68557,0.66675,0.70311,0.82159,0.80763,0.65863,0.62192,0.40341,0.33548,0.48677,0.48429,0.52217,0.54783,0.70958,0.68864,0.69985,0.72086,0.74404,0.74599,0.73558,0.75273,0.79288,0.78574,0.78387,0.76192,0.75059,0.75495,0.78917,0.79378,0.83529,0.83446,0.82405,0.79803,0.76386,0.78531,0.6731,0.73071,0.75117,0.74436,0.75906,0.74607,0.29614,0.28212,0.4499,0.40153,0.24327,0.12355,0.04665,-0.024788,0.73452,0.63263,0.74473,0.7677,0.66248,0.71336,0.79183,0.80412,0.5721,0.65112,0.81167,0.7731,0.60537,0.59923,0.4487,0.47508,0.38247,0.3954,0.62488,0.63856,0.6832,0.67929,0.45994,0.63944,0.57604,0.69091,0.41314,0.4785,0.31614,0.26835,0.21719,0.52637,0.58477,0.55234,0.40992,0.56062,0.38017,-0.008274
0.76193,0.77464,0.73858,0.81344,0.78463,0.78967,0.79469,0.84131,0.84029,1,0.69799,0.80409,0.70798,0.80727,0.73039,0.80596,0.68924,0.66409,0.76287,0.68136,0.65063,0.49023,0.71783,0.73281,0.45961,0.62649,0.71223,0.72422,0.69831,0.70312,0.57898,0.67506,0.7632,0.77105,0.57171,0.56907,0.48769,0.42567,0.50515,0.50779,0.56741,0.60378,0.61786,0.56978,0.60065,0.63447,0.66807,0.65956,0.66865,0.69367,0.72328,0.72181,0.7159,0.72309,0.71088,0.72087,0.72957,0.74378,0.75561,0.80523,0.73351,0.78618,0.72656,0.78787,0.58881,0.70752,0.66968,0.68576,0.67706,0.68583,0.32549,0.32018,0.45424,0.47761,0.17997,0.15627,0.010089,-0.040595,0.68679,0.5951,0.67822,0.71929,0.67712,0.70838,0.72567,0.76353,0.58196,0.59557,0.78751,0.76171,0.64481,0.54291,0.45648,0.41806,0.29297,0.38037,0.5756,0.54598,0.64328,0.60278,0.47526,0.59825,0.57551,0.66447,0.38877,0.42126,0.33453,0.18995,0.14508,0.51027,0.57291,0.49442,0.38994,0.50341,0.3377,0.0073858
0.82641,0.75891,0.69621,0.53597,0.58837,0.50108,0.7645,0.67353,0.66089,0.69799,1,0.83823,0.8861,0.80547,0.77963,0.73719,0.82618,0.80344,0.692,0.57845,0.61479,0.29229,0.6276,0.52539,0.35791,0.36679,0.51106,0.54884,0.82529,0.76995,0.41899,0.48047,0.64547,0.65436,0.36831,0.33432,0.33433,0.24975,0.46945,0.38776,0.53649,0.54199,0.6437,0.61146,0.57519,0.55494,0.69951,0.65294,0.64003,0.61491,0.70098,0.64105,0.7289,0.71253,0.69862,0.66474,0.76942,0.70538,0.64686,0.64395,0.72083,0.59842,0.82361,0.75376,0.53536,0.49654,0.48977,0.4606,0.62712,0.60358,0.19981,0.17389,0.40646,0.41799,0.17608,0.20918,0.087573,-0.039292,0.75937,0.73498,0.7663,0.76826,0.77385,0.77747,0.75937,0.6768,0.65371,0.64708,0.77959,0.69953,0.43362,0.50148,0.22131,0.38954,0.42642,0.39918,0.54327,0.55635,0.6107,0.61073,0.19815,0.50162,0.39872,0.61816,0.32594,0.41292,0.1214,0.095218,0.23436,0.53504,0.45983,0.4347,0.34261,0.49584,0.39849,0.11981
0.87144,0.88158,0.72187,0.72672,0.68135,0.64521,0.81073,0.86477,0.79186,0.80409,0.83823,1,0.85786,0.93779,0.80645,0.87374,0.85764,0.84356,0.77183,0.70545,0.7003,0.42149,0.72001,0.69115,0.49726,0.60435,0.62719,0.65449,0.85546,0.85227,0.59763,0.6807,0.79899,0.7997,0.51001,0.49973,0.40736,0.34347,0.55727,0.50876,0.62354,0.67002,0.7267,0.69009,0.6847,0.66503,0.78511,0.75525,0.75849,0.72921,0.80758,0.77004,0.81314,0.80155,0.80892,0.78771,0.85236,0.83954,0.75229,0.7891,0.74805,0.71361,0.87518,0.85259,0.5645,0.6121,0.64827,0.64383,0.75725,0.75125,0.22345,0.23839,0.45825,0.47215,0.21446,0.16588,0.049748,-0.0099084,0.8231,0.79818,0.82275,0.86472,0.7898,0.8217,0.77945,0.80006,0.6092,0.66957,0.82513,0.77758,0.53067,0.51595,0.33127,0.38302,0.38397,0.41824,0.65649,0.6124,0.68908,0.65443,0.34712,0.5744,0.49623,0.67811,0.40238,0.46456,0.21781,0.14865,0.19547,0.55982,0.56903,0.51914,0.38877,0.56281,0.39851,0.11835
0.81182,0.76992,0.69549,0.59098,0.59228,0.49847,0.79431,0.71634,0.70316,0.70798,0.8861,0.85786,1,0.87306,0.8686,0.82177,0.79917,0.75695,0.69868,0.573,0.63114,0.28769,0.69473,0.60949,0.51031,0.50207,0.55422,0.57689,0.84761,0.76079,0.53245,0.59911,0.68712,0.68805,0.46114,0.40823,0.34148,0.26888,0.51434,0.43723,0.58373,0.57374,0.64881,0.63438,0.6009,0.58175,0.70918,0.66721,0.65552,0.64698,0.71051,0.65905,0.73722,0.72387,0.72602,0.68856,0.7673,0.73453,0.68,0.65549,0.73502,0.62944,0.82356,0.72498,0.55401,0.52721,0.54476,0.4984,0.64726,0.63676,0.30506,0.29649,0.5166,0.49703,0.25069,0.17693,0.069056,-0.040368,0.78264,0.72725,0.81204,0.78434,0.78049,0.75934,0.8067,0.71793,0.60764,0.6312,0.80281,0.70089,0.43478,0.54911,0.25432,0.46736,0.39352,0.42197,0.59494,0.55336,0.62048,0.59179,0.24546,0.58702,0.42187,0.60865,0.39223,0.49419,0.13627,0.12993,0.26118,0.55917,0.45746,0.43599,0.37245,0.55351,0.40799,0.18902
0.81238,0.80853,0.72487,0.76609,0.68449,0.65712,0.83433,0.88633,0.79747,0.80727,0.80547,0.93779,0.87306,1,0.82261,0.89182,0.77778,0.74608,0.72994,0.6207,0.68774,0.40628,0.76086,0.73782,0.52566,0.64802,0.6346,0.6685,0.80746,0.78363,0.62892,0.72315,0.77786,0.76287,0.54776,0.50862,0.41467,0.36555,0.5386,0.50451,0.62774,0.64561,0.66134,0.62249,0.62422,0.6249,0.72394,0.6897,0.70237,0.68609,0.76627,0.71404,0.77591,0.74926,0.76383,0.74123,0.79262,0.77432,0.74394,0.76517,0.77331,0.7562,0.82471,0.83106,0.62077,0.67711,0.655,0.65196,0.67336,0.68771,0.28418,0.2957,0.48401,0.47372,0.23521,0.13746,0.052702,-0.022797,0.77059,0.73464,0.77443,0.82255,0.75763,0.76577,0.78423,0.80499,0.5774,0.64596,0.80847,0.75574,0.56018,0.55314,0.42703,0.46029,0.36743,0.43402,0.62753,0.60253,0.65274,0.62402,0.4241,0.61022,0.53886,0.65458,0.45086,0.506,0.27582,0.16157,0.22994,0.57918,0.53937,0.48771,0.41846,0.55373,0.38174,0.11233
0.78677,0.77203,0.81385,0.689,0.715,0.62833,0.83052,0.72245,0.76264,0.73039,0.77963,0.80645,0.8686,0.82261,1,0.87829,0.80741,0.78337,0.75746,0.6799,0.73078,0.37681,0.84843,0.75948,0.622,0.60114,0.607,0.62568,0.87168,0.76919,0.62977,0.65839,0.76376,0.74848,0.59664,0.55056,0.44442,0.36119,0.60301,0.53109,0.67295,0.631,0.71645,0.68604,0.70046,0.6909,0.77138,0.74667,0.71825,0.69129,0.73709,0.66774,0.74026,0.69059,0.78431,0.75458,0.7597,0.73952,0.74084,0.68948,0.74282,0.63475,0.81506,0.72173,0.67712,0.59319,0.69252,0.63052,0.68654,0.67833,0.42147,0.4031,0.60874,0.55112,0.34394,0.27199,0.19325,0.071406,0.82602,0.79514,0.83391,0.81436,0.87222,0.8213,0.82867,0.73327,0.69267,0.74625,0.82712,0.74065,0.53718,0.66031,0.35984,0.58028,0.50895,0.48005,0.69936,0.67173,0.70994,0.7104,0.3202,0.68109,0.5138,0.71102,0.5045,0.59951,0.22399,0.20284,0.30625,0.67185,0.62716,0.54475,0.47229,0.65017,0.54746,0.23395
0.74402,0.78688,0.72575,0.7423,0.66123,0.65461,0.81146,0.82232,0.80004,0.80596,0.73719,0.87374,0.82177,0.89182,0.87829,1,0.79094,0.77604,0.77277,0.6987,0.68395,0.45779,0.7945,0.77049,0.59006,0.65813,0.62621,0.63362,0.84533,0.83488,0.70952,0.78614,0.79149,0.80901,0.60884,0.57463,0.38103,0.37754,0.54789,0.54178,0.60341,0.62598,0.69313,0.65948,0.6693,0.67602,0.75203,0.73755,0.71235,0.67972,0.72766,0.67534,0.7254,0.69559,0.77263,0.73882,0.74561,0.74953,0.72783,0.74958,0.70628,0.7084,0.78633,0.77861,0.60607,0.6463,0.69258,0.66762,0.69514,0.70017,0.39668,0.3948,0.57239,0.55985,0.31757,0.23937,0.13855,0.072904,0.78248,0.74229,0.75888,0.79263,0.78703,0.77983,0.74698,0.73043,0.58554,0.63985,0.78686,0.70835,0.59011,0.61624,0.43533,0.52124,0.45649,0.46978,0.67359,0.65534,0.70858,0.66627,0.44785,0.6411,0.59179,0.68051,0.5014,0.57709,0.28393,0.25605,0.27254,0.60895,0.60949,0.53942,0.44956,0.62876,0.50683,0.19251
0.89159,0.88813,0.76231,0.64456,0.66357,0.60648,0.75954,0.69423,0.70986,0.68924,0.82618,0.85764,0.79917,0.77778,0.80741,0.79094,1,0.93786,0.74786,0.69014,0.73897,0.35594,0.74782,0.66898,0.54402,0.53505,0.60205,0.64217,0.90773,0.86139,0.55607,0.60746,0.78561,0.77045,0.52993,0.52417,0.42763,0.34376,0.55341,0.51069,0.65916,0.58909,0.81231,0.79379,0.79113,0.76788,0.86607,0.84171,0.82987,0.80738,0.836,0.79949,0.83652,0.80914,0.85326,0.83165,0.90308,0.87318,0.72399,0.75126,0.69369,0.58076,0.90595,0.78677,0.5671,0.51303,0.67383,0.63584,0.7976,0.78902,0.16727,0.13839,0.47615,0.4465,0.25401,0.19022,0.068431,-0.046569,0.9478,0.90114,0.91867,0.9165,0.86324,0.8791,0.79214,0.76626,0.70899,0.76495,0.8288,0.78047,0.43066,0.54192,0.23928,0.42725,0.48976,0.43631,0.70846,0.66391,0.70598,0.70803,0.18368,0.55984,0.43803,0.6967,0.39365,0.50496,0.11927,0.14111,0.27353,0.61015,0.58399,0.55354,0.3698,0.62989,0.49205,0.11803
0.8514,0.87011,0.76326,0.61887,0.64027,0.57195,0.7372,0.67836,0.64905,0.66409,0.80344,0.84356,0.75695,0.74608,0.78337,0.77604,0.93786,1,0.76324,0.73472,0.76591,0.39035,0.72311,0.63321,0.48216,0.49544,0.57314,0.60834,0.88568,0.88564,0.56081,0.60094,0.79018,0.77848,0.51048,0.51226,0.4492,0.36983,0.56722,0.50729,0.65788,0.60299,0.78872,0.7667,0.75378,0.7453,0.83661,0.82634,0.80503,0.76075,0.78036,0.74462,0.79069,0.77024,0.83046,0.80734,0.84843,0.819,0.66337,0.69235,0.63011,0.51676,0.88176,0.78192,0.54334,0.47833,0.64591,0.61769,0.76827,0.75048,0.21204,0.15184,0.4739,0.47561,0.25363,0.21565,0.15883,0.058829,0.88698,0.896,0.83015,0.87307,0.81792,0.8415,0.71399,0.70407,0.69341,0.72206,0.78934,0.73651,0.462,0.5661,0.26315,0.43048,0.48548,0.43017,0.69971,0.64584,0.72153,0.72022,0.22655,0.5655,0.4636,0.71043,0.41578,0.50891,0.16491,0.15922,0.253,0.58135,0.62752,0.55743,0.42081,0.62828,0.53392,0.13807
0.82267,0.83279,0.8151,0.73626,0.7467,0.69718,0.80957,0.75149,0.73428,0.76287,0.692,0.77183,0.69868,0.72994,0.75746,0.77277,0.74786,0.76324,1,0.88314,0.69326,0.3605,0.79795,0.75826,0.51126,0.61928,0.72204,0.70563,0.74702,0.69245,0.66505,0.67836,0.84205,0.81801,0.6152,0.60626,0.54026,0.48782,0.60943,0.5869,0.5922,0.54194,0.7178,0.69481,0.72809,0.74618,0.77322,0.78525,0.75204,0.76332,0.70786,0.73385,0.68471,0.71219,0.77845,0.78726,0.78508,0.79457,0.7649,0.7513,0.68956,0.64961,0.80441,0.75509,0.63535,0.59553,0.76171,0.73518,0.80608,0.79586,0.33198,0.3092,0.49725,0.48651,0.28572,0.24414,0.18092,0.13075,0.73678,0.70956,0.72846,0.77311,0.71177,0.73251,0.71997,0.71878,0.63093,0.65716,0.79148,0.74085,0.59452,0.65112,0.42697,0.51175,0.37718,0.38534,0.70394,0.64328,0.73961,0.74226,0.40278,0.65553,0.56765,0.71539,0.48804,0.54163,0.29613,0.28068,0.11572,0.57928,0.72743,0.6584,0.49955,0.64545,0.53587,0.11435
0.74575,0.7965,0.6658,0.66202,0.68286,0.67715,0.64652,0.6607,0.66511,0.68136,0.57845,0.70545,0.573,0.6207,0.6799,0.6987,0.69014,0.73472,0.88314,1,0.65802,0.43078,0.69847,0.7017,0.46575,0.60909,0.68527,0.66936,0.70556,0.71575,0.66592,0.66394,0.80399,0.82327,0.5416,0.56165,0.46774,0.45006,0.53277,0.50399,0.57012,0.552,0.68751,0.66224,0.71514,0.71828,0.72824,0.74392,0.73648,0.73116,0.63462,0.69847,0.59751,0.66748,0.70861,0.72999,0.73108,0.74808,0.65905,0.67022,0.51975,0.49313,0.73037,0.70224,0.49694,0.44412,0.68882,0.67305,0.83224,0.80345,0.30481,0.31387,0.48579,0.51163,0.26326,0.32019,0.18647,0.18573,0.66348,0.65636,0.6371,0.68491,0.65887,0.6725,0.57602,0.62178,0.51991,0.546,0.67488,0.63982,0.52585,0.5432,0.30385,0.3618,0.29134,0.32377,0.66138,0.59566,0.71623,0.67921,0.37437,0.55363,0.49148,0.62793,0.36976,0.40258,0.27599,0.27674,0.054029,0.44925,0.69652,0.63464,0.415,0.58562,0.41828,-0.0027256
0.7553,0.74163,0.76514,0.63469,0.74151,0.65121,0.66605,0.60694,0.61565,0.65063,0.61479,0.7003,0.63114,0.68774,0.73078,0.68395,0.73897,0.76591,0.69326,0.65802,1,0.61701,0.7411,0.70583,0.4826,0.54517,0.71119,0.71398,0.73939,0.75279,0.55149,0.58442,0.7333,0.67976,0.54852,0.53505,0.58215,0.5265,0.62836,0.63093,0.74981,0.66766,0.64809,0.60567,0.66793,0.66354,0.71134,0.69582,0.71838,0.68914,0.70642,0.67987,0.68622,0.64531,0.73976,0.76292,0.7195,0.72036,0.68246,0.68249,0.61038,0.54058,0.72818,0.71121,0.56469,0.53511,0.67788,0.66978,0.68104,0.7046,0.21999,0.11917,0.42662,0.38725,0.23354,0.10465,0.07746,-0.020424,0.73334,0.72118,0.71162,0.77331,0.73226,0.79267,0.69028,0.71106,0.70911,0.73682,0.76739,0.74153,0.48516,0.53512,0.34599,0.45873,0.46711,0.46775,0.65053,0.5986,0.62971,0.66166,0.25002,0.5881,0.4484,0.71722,0.42155,0.53627,0.24374,0.1557,0.27137,0.57173,0.61536,0.48088,0.41873,0.56359,0.49104,0.15552
0.37475,0.42398,0.39317,0.46087,0.43725,0.48733,0.33657,0.40195,0.44216,0.49023,0.29229,0.42149,0.28769,0.40628,0.37681,0.45779,0.35594,0.39035,0.3605,0.43078,0.61701,1,0.45096,0.50535,0.30042,0.46606,0.51155,0.56658,0.38452,0.5055,0.42138,0.44822,0.43749,0.44191,0.35719,0.39208,0.50319,0.4986,0.46031,0.53283,0.55649,0.67583,0.36797,0.30701,0.35783,0.35214,0.38455,0.39166,0.42001,0.36854,0.37522,0.38184,0.35521,0.33537,0.41672,0.42784,0.35242,0.37379,0.33927,0.40512,0.2453,0.30298,0.34658,0.42798,0.27159,0.34593,0.40775,0.4423,0.36754,0.39261,0.090143,0.10128,0.18288,0.24007,0.086723,0.13812,-0.010102,-0.01502,0.33249,0.32054,0.3143,0.38553,0.43049,0.48435,0.32232,0.42645,0.36726,0.36792,0.41356,0.40219,0.40474,0.26754,0.2625,0.13186,0.20872,0.39619,0.33682,0.2866,0.35133,0.32632,0.30733,0.27943,0.33439,0.3871,0.17342,0.23588,0.27836,0.25899,0.18178,0.27527,0.35851,0.26798,0.19536,0.27038,0.21276,0.11305
0.75887,0.75044,0.91263,0.84621,0.77398,0.75569,0.86182,0.75021,0.78692,0.71783,0.6276,0.72001,0.69473,0.76086,0.84843,0.7945,0.74782,0.72311,0.79795,0.69847,0.7411,0.45096,1,0.93079,0.72488,0.75062,0.71994,0.75816,0.73157,0.65642,0.7396,0.7528,0.83703,0.77686,0.77548,0.73382,0.58949,0.51392,0.62926,0.60602,0.67732,0.55857,0.75037,0.70977,0.7523,0.76958,0.7794,0.78368,0.74852,0.74617,0.74419,0.71865,0.71924,0.68341,0.78195,0.77698,0.75299,0.73503,0.78159,0.73598,0.74078,0.68089,0.75857,0.71378,0.78844,0.73022,0.8509,0.80969,0.70009,0.71849,0.36565,0.31872,0.52808,0.46887,0.35536,0.21216,0.18835,0.068341,0.7687,0.71416,0.76144,0.79798,0.74256,0.74069,0.80811,0.77953,0.71104,0.76737,0.81155,0.77094,0.62127,0.74094,0.52631,0.67028,0.42954,0.46032,0.70509,0.66394,0.70277,0.74595,0.42632,0.73053,0.57526,0.74668,0.55796,0.66362,0.32132,0.31152,0.22915,0.63419,0.69298,0.6097,0.51267,0.66911,0.60013,0.1234
0.71233,0.71107,0.81244,0.88338,0.76713,0.78075,0.771,0.75078,0.79531,0.73281,0.52539,0.69115,0.60949,0.73782,0.75948,0.77049,0.66898,0.63321,0.75826,0.7017,0.70583,0.50535,0.93079,1,0.7322,0.83493,0.74982,0.79447,0.65779,0.60693,0.76434,0.79792,0.81012,0.77705,0.73913,0.71785,0.53311,0.46925,0.55368,0.53001,0.64747,0.53742,0.67933,0.62951,0.70631,0.71953,0.71097,0.71936,0.72049,0.71169,0.69986,0.68826,0.66305,0.64163,0.73346,0.74439,0.71599,0.71324,0.73604,0.73272,0.65292,0.6851,0.70052,0.71983,0.68854,0.71523,0.81006,0.79786,0.6864,0.71668,0.32451,0.31322,0.49478,0.43542,0.34576,0.1495,0.056114,0.00094354,0.68254,0.62316,0.69484,0.74277,0.66726,0.68351,0.72751,0.77524,0.6324,0.70408,0.74305,0.73833,0.58477,0.60742,0.51653,0.52712,0.3607,0.38805,0.64792,0.62238,0.64512,0.66808,0.43791,0.63981,0.54147,0.67377,0.48913,0.56557,0.32144,0.27598,0.16968,0.53254,0.64282,0.57098,0.41799,0.60601,0.496,0.073112
0.49241,0.5264,0.60562,0.64492,0.55462,0.51303,0.61543,0.53136,0.64601,0.45961,0.35791,0.49726,0.51031,0.52566,0.622,0.59006,0.54402,0.48216,0.51126,0.46575,0.4826,0.30042,0.72488,0.7322,1,0.83354,0.54888,0.57566,0.57305,0.4946,0.70844,0.69045,0.65561,0.64263,0.68426,0.62157,0.30748,0.25554,0.45913,0.38947,0.48736,0.27218,0.65055,0.64398,0.64499,0.62407,0.63155,0.63798,0.59919,0.5848,0.5479,0.53131,0.50995,0.50664,0.59076,0.57304,0.54881,0.54788,0.59512,0.53581,0.53629,0.44254,0.50683,0.46592,0.56686,0.51215,0.69885,0.63975,0.57671,0.59012,0.27922,0.31353,0.47474,0.35683,0.40193,0.19497,0.03797,-0.021341,0.58476,0.50021,0.56488,0.56468,0.46543,0.45632,0.55384,0.54883,0.35899,0.46962,0.5661,0.51145,0.37459,0.54723,0.35246,0.51833,0.27833,0.30314,0.541,0.44914,0.48959,0.48332,0.27529,0.5274,0.38324,0.50251,0.40882,0.55214,0.20746,0.3807,0.18986,0.36105,0.42454,0.42612,0.35411,0.52267,0.41354,0.061231
0.57197,0.62738,0.63612,0.8252,0.67958,0.69753,0.64291,0.70378,0.70358,0.62649,0.36679,0.60435,0.50207,0.64802,0.60114,0.65813,0.53505,0.49544,0.61928,0.60909,0.54517,0.46606,0.75062,0.83493,0.83354,1,0.72077,0.77723,0.55998,0.52046,0.77074,0.8096,0.74774,0.73447,0.73013,0.70601,0.43327,0.42823,0.5236,0.50294,0.54369,0.46965,0.64957,0.61547,0.67239,0.66886,0.63896,0.64194,0.66202,0.66718,0.5755,0.60796,0.52759,0.54884,0.6408,0.64564,0.61673,0.63281,0.64024,0.6563,0.52611,0.57068,0.55886,0.58606,0.58884,0.64596,0.78563,0.77626,0.63932,0.67389,0.27477,0.34271,0.45236,0.39599,0.35419,0.20769,-0.022816,-0.010005,0.55751,0.47705,0.54318,0.60561,0.47783,0.48805,0.54567,0.66918,0.34686,0.45562,0.60447,0.57671,0.50316,0.49308,0.44805,0.40037,0.1717,0.26078,0.58946,0.45427,0.56024,0.51854,0.46786,0.53974,0.47399,0.50963,0.42099,0.49738,0.35008,0.41615,0.076779,0.35336,0.52481,0.49039,0.35875,0.4959,0.32073,0.0073999
0.71258,0.7028,0.71308,0.74452,0.84404,0.78683,0.6257,0.60643,0.67051,0.71223,0.51106,0.62719,0.55422,0.6346,0.607,0.62621,0.60205,0.57314,0.72204,0.68527,0.71119,0.51155,0.71994,0.74982,0.54888,0.72077,1,0.92852,0.54232,0.52043,0.5336,0.59493,0.71385,0.65953,0.57338,0.5883,0.52356,0.4707,0.47937,0.50706,0.54411,0.51185,0.63245,0.58544,0.68163,0.67767,0.64829,0.66343,0.7194,0.74803,0.63949,0.71284,0.5661,0.63365,0.65372,0.72214,0.69916,0.71007,0.71983,0.73912,0.5835,0.60403,0.65874,0.68623,0.57645,0.62036,0.7524,0.76003,0.70936,0.71832,0.14814,0.12288,0.31621,0.28193,0.15066,0.073377,-0.1113,-0.16737,0.59139,0.50551,0.61282,0.68153,0.57987,0.65151,0.645,0.77286,0.57934,0.62283,0.69714,0.71599,0.47912,0.46875,0.36301,0.32832,0.16448,0.24431,0.55108,0.4651,0.5425,0.58464,0.32782,0.52963,0.43127,0.59255,0.31377,0.38616,0.22822,0.21627,0.0040954,0.40777,0.56198,0.46765,0.32139,0.42475,0.30657,-0.093022
0.74999,0.73441,0.75535,0.79425,0.81951,0.82225,0.64645,0.62845,0.67528,0.72422,0.54884,0.65449,0.57689,0.6685,0.62568,0.63362,0.64217,0.60834,0.70563,0.66936,0.71398,0.56658,0.75816,0.79447,0.57566,0.77723,0.92852,1,0.57217,0.54489,0.51603,0.59712,0.71372,0.64838,0.58989,0.58999,0.56345,0.5022,0.5553,0.55625,0.61839,0.58276,0.65147,0.60292,0.69145,0.68936,0.68394,0.68029,0.75559,0.77963,0.70845,0.75628,0.64271,0.69319,0.73377,0.78112,0.73607,0.74075,0.70801,0.72883,0.57518,0.60171,0.69203,0.69312,0.61795,0.64883,0.75668,0.76999,0.69169,0.72347,0.11106,0.091572,0.31676,0.30541,0.17417,0.094313,-0.13297,-0.20257,0.63188,0.52231,0.65722,0.71998,0.6385,0.68478,0.69069,0.82867,0.64822,0.68331,0.74916,0.78376,0.49042,0.49607,0.37494,0.35445,0.1912,0.26974,0.58075,0.49716,0.58587,0.61159,0.31387,0.54108,0.43097,0.6158,0.3494,0.42779,0.22706,0.25161,0.050431,0.44614,0.57005,0.48393,0.33497,0.47956,0.32661,-0.055564
0.81786,0.8257,0.71671,0.62494,0.61662,0.55307,0.76577,0.73202,0.70239,0.69831,0.82529,0.85546,0.84761,0.80746,0.87168,0.84533,0.90773,0.88568,0.74702,0.70556,0.73939,0.38452,0.73157,0.65779,0.57305,0.55998,0.54232,0.57217,1,0.91111,0.65265,0.69328,0.77394,0.8001,0.51574,0.49356,0.42741,0.38441,0.59144,0.52831,0.69773,0.64478,0.74416,0.73565,0.7128,0.69728,0.79819,0.78168,0.74431,0.70446,0.73953,0.68055,0.75891,0.71703,0.80708,0.78028,0.79714,0.77296,0.65434,0.66571,0.64443,0.54375,0.84363,0.74824,0.52273,0.46913,0.61283,0.57209,0.74421,0.70951,0.34924,0.32932,0.60834,0.57297,0.35532,0.30457,0.18922,0.097705,0.87666,0.85686,0.83258,0.82804,0.86803,0.83346,0.73435,0.67776,0.63511,0.67965,0.79668,0.70282,0.47877,0.58203,0.28478,0.45575,0.52806,0.51845,0.71502,0.65695,0.72465,0.68335,0.28623,0.59804,0.49114,0.70529,0.48412,0.53534,0.20257,0.2259,0.32353,0.62207,0.60471,0.54722,0.42693,0.6629,0.51885,0.21884
0.76145,0.81062,0.63492,0.61388,0.58873,0.56042,0.68883,0.72321,0.68557,0.70312,0.76995,0.85227,0.76079,0.78363,0.76919,0.83488,0.86139,0.88564,0.69245,0.71575,0.75279,0.5055,0.65642,0.60693,0.4946,0.52046,0.52043,0.54489,0.91111,1,0.63043,0.68989,0.75044,0.79531,0.47893,0.47594,0.42047,0.42986,0.54626,0.52709,0.70014,0.66207,0.6753,0.65683,0.63471,0.62252,0.73563,0.73085,0.70573,0.65219,0.71395,0.67473,0.73195,0.69907,0.75082,0.72835,0.75506,0.74379,0.62097,0.66102,0.59086,0.53931,0.79531,0.76546,0.45409,0.44258,0.55849,0.54927,0.72385,0.70117,0.34658,0.3123,0.57796,0.5971,0.34262,0.31533,0.19261,0.14605,0.81537,0.80462,0.75449,0.79256,0.78928,0.81242,0.65661,0.64543,0.57056,0.58928,0.73341,0.67067,0.52137,0.54058,0.3033,0.40512,0.48643,0.50364,0.65833,0.65554,0.72527,0.67438,0.3441,0.55639,0.51164,0.68993,0.4206,0.48158,0.25245,0.24419,0.3197,0.56847,0.59393,0.55902,0.44881,0.62331,0.46476,0.19036
0.50291,0.57727,0.59561,0.69292,0.5401,0.52718,0.64475,0.70213,0.66675,0.57898,0.41899,0.59763,0.53245,0.62892,0.62977,0.70952,0.55607,0.56081,0.66505,0.66592,0.55149,0.42138,0.7396,0.76434,0.70844,0.77074,0.5336,0.51603,0.65265,0.63043,1,0.92839,0.76202,0.81027,0.69905,0.64828,0.39195,0.42965,0.43247,0.46551,0.5108,0.41232,0.61022,0.59239,0.6032,0.61866,0.61524,0.62457,0.56663,0.52924,0.47653,0.4699,0.45863,0.45628,0.55392,0.53466,0.53205,0.54343,0.55149,0.55667,0.4846,0.48816,0.50121,0.54284,0.47054,0.47768,0.68297,0.64032,0.6326,0.62682,0.46612,0.47077,0.59503,0.55513,0.45048,0.37038,0.24504,0.23929,0.56366,0.54313,0.47805,0.52572,0.46985,0.43825,0.43765,0.43933,0.27089,0.33018,0.52302,0.40907,0.55668,0.5803,0.45572,0.47484,0.28038,0.37038,0.56942,0.49692,0.59649,0.51779,0.53922,0.54699,0.54295,0.52253,0.4869,0.52817,0.4239,0.44642,0.15799,0.40647,0.56559,0.54463,0.42444,0.52306,0.41713,0.083917
0.55925,0.63849,0.61374,0.76407,0.58728,0.59875,0.67999,0.76707,0.70311,0.67506,0.48047,0.6807,0.59911,0.72315,0.65839,0.78614,0.60746,0.60094,0.67836,0.66394,0.58442,0.44822,0.7528,0.79792,0.69045,0.8096,0.59493,0.59712,0.69328,0.68989,0.92839,1,0.77545,0.82919,0.70125,0.66176,0.40321,0.44604,0.46164,0.5057,0.538,0.46378,0.63141,0.60734,0.60843,0.62368,0.63816,0.65123,0.60865,0.57631,0.5562,0.54474,0.53425,0.53419,0.61754,0.59789,0.59011,0.60213,0.5837,0.61358,0.51944,0.56162,0.56746,0.62652,0.51343,0.56773,0.69568,0.67787,0.65518,0.66169,0.44743,0.4531,0.57886,0.55264,0.42379,0.35455,0.19151,0.18089,0.60742,0.57676,0.5287,0.59452,0.51666,0.50839,0.51956,0.55026,0.33328,0.3913,0.59195,0.50018,0.58485,0.57431,0.49147,0.47004,0.28044,0.38792,0.57885,0.51592,0.61704,0.5315,0.55524,0.58774,0.57313,0.5616,0.50931,0.5383,0.42028,0.42852,0.18068,0.43385,0.55787,0.53838,0.42549,0.53746,0.39868,0.11462
0.80935,0.85715,0.82743,0.83278,0.78099,0.73987,0.83805,0.84638,0.82159,0.7632,0.64547,0.79899,0.68712,0.77786,0.76376,0.79149,0.78561,0.79018,0.84205,0.80399,0.7333,0.43749,0.83703,0.81012,0.65561,0.74774,0.71385,0.71372,0.77394,0.75044,0.76202,0.77545,1,0.95465,0.81855,0.79623,0.56192,0.53957,0.61601,0.62555,0.6168,0.57063,0.83952,0.81629,0.83881,0.85866,0.86084,0.87427,0.84063,0.83293,0.80549,0.799,0.77899,0.77743,0.83816,0.82516,0.82942,0.84328,0.87976,0.86465,0.80036,0.72638,0.80957,0.80693,0.72629,0.73935,0.89867,0.87738,0.87225,0.86362,0.34384,0.35736,0.53202,0.49571,0.34479,0.26857,0.21622,0.14065,0.80322,0.7788,0.74715,0.82441,0.66735,0.74797,0.75667,0.78116,0.57484,0.65421,0.8302,0.77265,0.70415,0.70747,0.531,0.58908,0.42652,0.45081,0.78463,0.68898,0.80257,0.77736,0.53636,0.74053,0.68669,0.76636,0.58707,0.58512,0.43793,0.35888,0.19212,0.6088,0.7504,0.70422,0.54597,0.68139,0.5461,0.10019
0.77145,0.83572,0.74252,0.80618,0.7202,0.70012,0.79753,0.84482,0.80763,0.77105,0.65436,0.7997,0.68805,0.76287,0.74848,0.80901,0.77045,0.77848,0.81801,0.82327,0.67976,0.44191,0.77686,0.77705,0.64263,0.73447,0.65953,0.64838,0.8001,0.79531,0.81027,0.82919,0.95465,1,0.76181,0.75522,0.47232,0.47498,0.55302,0.55309,0.58425,0.55792,0.8011,0.78289,0.78641,0.79734,0.81769,0.83043,0.79424,0.77528,0.75459,0.75176,0.73503,0.74563,0.77824,0.76313,0.79069,0.81178,0.79618,0.81328,0.72162,0.69022,0.77534,0.79814,0.62639,0.65023,0.81371,0.80258,0.85969,0.83721,0.40546,0.40596,0.55581,0.54652,0.34522,0.34795,0.22401,0.19203,0.76679,0.75715,0.70389,0.77154,0.6546,0.70605,0.68748,0.70509,0.501,0.5463,0.77142,0.70367,0.66783,0.64793,0.46354,0.50546,0.40662,0.44314,0.72723,0.65385,0.77527,0.70889,0.54703,0.67547,0.6743,0.71532,0.53873,0.53667,0.43302,0.36674,0.19828,0.55111,0.69903,0.68,0.48537,0.63829,0.50143,0.11505
0.52125,0.55838,0.73382,0.73922,0.64251,0.61954,0.70553,0.65318,0.65863,0.57171,0.36831,0.51001,0.46114,0.54776,0.59664,0.60884,0.52993,0.51048,0.6152,0.5416,0.54852,0.35719,0.77548,0.73913,0.68426,0.73013,0.57338,0.58989,0.51574,0.47893,0.69905,0.70125,0.81855,0.76181,1,0.93647,0.54942,0.56066,0.50309,0.60609,0.47655,0.33908,0.65718,0.63569,0.65629,0.7264,0.65295,0.6861,0.60686,0.64078,0.59799,0.5884,0.58907,0.55768,0.63133,0.61733,0.54747,0.56938,0.75733,0.70243,0.67638,0.63796,0.51148,0.54203,0.73207,0.75836,0.88739,0.85564,0.60165,0.62967,0.38899,0.39313,0.44855,0.39952,0.39255,0.28517,0.27436,0.18502,0.57362,0.52312,0.52463,0.59189,0.44015,0.50607,0.63608,0.61622,0.41195,0.50094,0.65872,0.59767,0.68096,0.72641,0.6146,0.67442,0.34203,0.3872,0.65663,0.53855,0.63677,0.64511,0.55622,0.70277,0.64074,0.62897,0.57628,0.63266,0.50203,0.43356,0.17054,0.5154,0.63819,0.62078,0.52159,0.57709,0.52743,0.1316
0.51269,0.55873,0.68228,0.72108,0.62976,0.63011,0.65706,0.62763,0.62192,0.56907,0.33432,0.49973,0.40823,0.50862,0.55056,0.57463,0.52417,0.51226,0.60626,0.56165,0.53505,0.39208,0.73382,0.71785,0.62157,0.70601,0.5883,0.58999,0.49356,0.47594,0.64828,0.66176,0.79623,0.75522,0.93647,1,0.58092,0.58258,0.48383,0.5876,0.47466,0.35871,0.66344,0.63959,0.66327,0.72921,0.65484,0.70299,0.62271,0.65582,0.59819,0.60831,0.58286,0.56858,0.62624,0.62709,0.53626,0.56427,0.72459,0.7003,0.62954,0.61806,0.51762,0.53604,0.70828,0.74193,0.87245,0.86633,0.5949,0.61044,0.40141,0.39229,0.4186,0.40787,0.33653,0.30994,0.28155,0.22968,0.55737,0.52355,0.52174,0.59027,0.44399,0.52974,0.61558,0.63109,0.41505,0.50145,0.63329,0.60394,0.70649,0.69789,0.60142,0.60413,0.29498,0.36046,0.65732,0.5112,0.65719,0.65166,0.57852,0.6711,0.64491,0.59925,0.53616,0.54772,0.53013,0.38374,0.12591,0.49258,0.67855,0.65993,0.51691,0.57724,0.51841,0.079022
0.49607,0.48154,0.62232,0.53101,0.54271,0.53375,0.50633,0.43772,0.40341,0.48769,0.33433,0.40736,0.34148,0.41467,0.44442,0.38103,0.42763,0.4492,0.54026,0.46774,0.58215,0.50319,0.58949,0.53311,0.30748,0.43327,0.52356,0.56345,0.42741,0.42047,0.39195,0.40321,0.56192,0.47232,0.54942,0.58092,1,0.86544,0.71579,0.73575,0.7153,0.49008,0.45975,0.39476,0.43819,0.4495,0.49784,0.51302,0.46001,0.48521,0.45121,0.46903,0.43976,0.42362,0.55754,0.56655,0.42996,0.43361,0.48691,0.44329,0.39073,0.34847,0.44363,0.41294,0.50626,0.45085,0.58735,0.57869,0.45244,0.46932,0.30566,0.25658,0.31702,0.34258,0.28087,0.26716,0.3158,0.24448,0.43158,0.40569,0.40995,0.46415,0.44987,0.50002,0.47243,0.51584,0.49302,0.50386,0.54449,0.5478,0.63398,0.56274,0.53147,0.44552,0.33782,0.51286,0.59624,0.48535,0.58999,0.62154,0.42061,0.5216,0.55658,0.61984,0.48531,0.43419,0.50299,0.33222,0.21669,0.56849,0.68986,0.60858,0.56627,0.49601,0.45535,0.1322
0.40086,0.41946,0.51114,0.48595,0.44425,0.48462,0.41567,0.40287,0.33548,0.42567,0.24975,0.34347,0.26888,0.36555,0.36119,0.37754,0.34376,0.36983,0.48782,0.45006,0.5265,0.4986,0.51392,0.46925,0.25554,0.42823,0.4707,0.5022,0.38441,0.42986,0.42965,0.44604,0.53957,0.47498,0.56066,0.58258,0.86544,1,0.60549,0.76799,0.65763,0.48508,0.36419,0.31295,0.34961,0.38335,0.40464,0.42893,0.3659,0.3898,0.35465,0.38421,0.34442,0.33258,0.45764,0.47199,0.34083,0.35064,0.44306,0.39951,0.33892,0.32113,0.333,0.35925,0.44471,0.44556,0.53749,0.54764,0.40731,0.41187,0.39606,0.37096,0.38555,0.43878,0.32928,0.39104,0.39718,0.35229,0.3556,0.32993,0.32246,0.39361,0.37767,0.42112,0.39749,0.43668,0.39803,0.39211,0.45301,0.45911,0.66795,0.56035,0.56508,0.47089,0.32722,0.55205,0.57897,0.49072,0.587,0.59156,0.53163,0.52982,0.59827,0.56193,0.54376,0.43989,0.55386,0.4176,0.26081,0.57129,0.68462,0.62243,0.58115,0.46932,0.43839,0.22352
0.59623,0.61829,0.65813,0.5627,0.52976,0.49326,0.58676,0.5416,0.48677,0.50515,0.46945,0.55727,0.51434,0.5386,0.60301,0.54789,0.55341,0.56722,0.60943,0.53277,0.62836,0.46031,0.62926,0.55368,0.45913,0.5236,0.47937,0.5553,0.59144,0.54626,0.43247,0.46164,0.61601,0.55302,0.50309,0.48383,0.71579,0.60549,1,0.83064,0.74104,0.62668,0.54915,0.50629,0.54492,0.5202,0.60182,0.58833,0.54713,0.55435,0.54055,0.54212,0.53537,0.51214,0.70346,0.66912,0.58174,0.59156,0.53558,0.48502,0.47919,0.40214,0.60393,0.51251,0.54679,0.4657,0.60883,0.57915,0.5757,0.59193,0.18684,0.18377,0.37479,0.36181,0.25231,0.20769,0.15786,0.10723,0.57826,0.53901,0.55289,0.59323,0.57448,0.57116,0.57664,0.59203,0.53891,0.55365,0.67456,0.60842,0.4887,0.51656,0.34289,0.45985,0.53045,0.5725,0.69805,0.59457,0.5874,0.59887,0.30206,0.55522,0.4499,0.60226,0.55572,0.61065,0.35946,0.39943,0.31637,0.61372,0.63735,0.50856,0.48473,0.54823,0.5241,0.34359
0.51945,0.57818,0.63108,0.56466,0.50792,0.52793,0.54367,0.5321,0.48429,0.50779,0.38776,0.50876,0.43723,0.50451,0.53109,0.54178,0.51069,0.50729,0.5869,0.50399,0.63093,0.53283,0.60602,0.53001,0.38947,0.50294,0.50706,0.55625,0.52831,0.52709,0.46551,0.5057,0.62555,0.55309,0.60609,0.5876,0.73575,0.76799,0.83064,1,0.68901,0.60628,0.51579,0.48909,0.5332,0.55214,0.57065,0.58948,0.50606,0.54385,0.49436,0.52311,0.49556,0.47124,0.66922,0.67806,0.51187,0.54961,0.56403,0.52961,0.49932,0.45682,0.51959,0.49666,0.57293,0.53957,0.64864,0.63749,0.54839,0.56654,0.23906,0.22912,0.4077,0.39901,0.28633,0.30538,0.24363,0.17365,0.53118,0.46604,0.49348,0.55046,0.50381,0.55506,0.56423,0.5812,0.49687,0.51761,0.64585,0.59791,0.60066,0.58554,0.45378,0.52008,0.54153,0.64015,0.74737,0.65019,0.63436,0.64728,0.43664,0.60636,0.56326,0.616,0.63226,0.64929,0.46568,0.46159,0.36987,0.69178,0.6991,0.58478,0.55369,0.54178,0.57048,0.3654
0.65391,0.63929,0.6411,0.5825,0.5959,0.53656,0.57352,0.52631,0.52217,0.56741,0.53649,0.62354,0.58373,0.62774,0.67295,0.60341,0.65916,0.65788,0.5922,0.57012,0.74981,0.55649,0.67732,0.64747,0.48736,0.54369,0.54411,0.61839,0.69773,0.70014,0.5108,0.538,0.6168,0.58425,0.47655,0.47466,0.7153,0.65763,0.74104,0.68901,1,0.73152,0.54479,0.48987,0.52009,0.51454,0.61172,0.59298,0.58091,0.56364,0.60034,0.55895,0.61255,0.56235,0.68924,0.68158,0.60411,0.5953,0.52741,0.49508,0.46355,0.42791,0.6427,0.58747,0.4526,0.42736,0.55232,0.54136,0.56797,0.58207,0.331,0.30814,0.58054,0.55776,0.38886,0.30123,0.17218,0.13031,0.66558,0.61507,0.68263,0.69674,0.72574,0.7284,0.62423,0.64353,0.64341,0.65713,0.67775,0.64684,0.50772,0.51036,0.36309,0.40459,0.48241,0.52897,0.65669,0.60717,0.62989,0.63694,0.2723,0.54321,0.42232,0.6647,0.50493,0.52827,0.31629,0.24754,0.31677,0.617,0.62435,0.56322,0.47387,0.57743,0.48308,0.20589
0.63544,0.64264,0.56554,0.5506,0.53849,0.51425,0.54988,0.57719,0.54783,0.60378,0.54199,0.67002,0.57374,0.64561,0.631,0.62598,0.58909,0.60299,0.54194,0.552,0.66766,0.67583,0.55857,0.53742,0.27218,0.46965,0.51185,0.58276,0.64478,0.66207,0.41232,0.46378,0.57063,0.55792,0.33908,0.35871,0.49008,0.48508,0.62668,0.60628,0.73152,1,0.4697,0.41964,0.45354,0.4418,0.54291,0.51577,0.544,0.50794,0.58117,0.54853,0.58117,0.53692,0.64836,0.63231,0.59532,0.59244,0.47955,0.4942,0.46124,0.44856,0.62588,0.61178,0.43169,0.42026,0.44437,0.4624,0.52021,0.52027,0.28497,0.28394,0.50458,0.53798,0.21191,0.24696,0.15258,0.12736,0.59185,0.55672,0.60981,0.63139,0.67757,0.68572,0.57156,0.62425,0.58154,0.56337,0.64113,0.59309,0.40808,0.34334,0.1914,0.22175,0.44146,0.48875,0.57773,0.5267,0.54475,0.51239,0.29372,0.42267,0.35706,0.54037,0.3546,0.38619,0.19381,0.15118,0.28376,0.5605,0.53105,0.41621,0.29544,0.45388,0.35019,0.25765
0.79146,0.83779,0.74735,0.68056,0.64489,0.64023,0.74523,0.66306,0.70958,0.61786,0.6437,0.7267,0.64881,0.66134,0.71645,0.69313,0.81231,0.78872,0.7178,0.68751,0.64809,0.36797,0.75037,0.67933,0.65055,0.64957,0.63245,0.65147,0.74416,0.6753,0.61022,0.63141,0.83952,0.8011,0.65718,0.66344,0.45975,0.36419,0.54915,0.51579,0.54479,0.4697,1,0.97581,0.94919,0.91035,0.97071,0.9484,0.935,0.87826,0.83098,0.79114,0.7792,0.78024,0.83687,0.81405,0.84356,0.84727,0.77333,0.75215,0.68368,0.53401,0.78028,0.65091,0.62225,0.55916,0.80983,0.76108,0.82073,0.8278,0.19845,0.23128,0.41941,0.35208,0.25249,0.2398,0.16302,0.056419,0.81253,0.778,0.76784,0.79149,0.66872,0.71073,0.69972,0.71307,0.56876,0.64084,0.7561,0.713,0.52068,0.63895,0.32416,0.47962,0.34948,0.30944,0.73332,0.54982,0.73203,0.71574,0.30459,0.57898,0.51625,0.67927,0.43535,0.50675,0.25073,0.2627,0.13743,0.4897,0.59787,0.61825,0.40814,0.63423,0.52596,0.028234
