1,0.9458,0.79244,0.78162,0.4768,0.56018,0.84013,0.74453,0.55235,0.61808,0.85077,0.80295,0.85507,0.74259,0.77591,0.69056,0.78515,0.76052,0.87001,0.86249,0.71363,0.67116,0.71319,0.75153,0.68833,0.73853,0.63789,0.57259,0.61711,0.69619,0.7158,0.72505,0.79871,0.78709,0.71534,0.64796,0.6424,0.56474,0.77919,0.74495,0.67719,0.80523,0.72489,0.69835,0.74466,0.72855,0.72632,0.71674,0.70865,0.71484,0.65245,0.64042,0.6251,0.63377,0.7573,0.73788,0.90869,0.88809,0.77278,0.8146,0.87397,0.78861,0.8615,0.78465,0.7019,0.75045,0.788,0.76643,0.88724,0.8671,0.32966,0.40641,0.54373,0.67742,0.49719,0.38634,0.35768,0.25009,0.74904,0.79081,0.8342,0.79372,0.71364,0.81081,0.75058,0.75737,0.56619,0.53412,0.72893,0.79225,0.55411,0.6475,0.49644,0.5158,0.56958,0.56973,0.62927,0.60949,0.70538,0.76673,0.61209,0.54813,0.71411,0.68965,0.70208,0.60332,0.53329,0.59314,0.57567,0.48552,0.40591,0.51134,0.56203,0.74004,0.62418,0.35771
0.9458,1,0.76237,0.76997,0.44418,0.53622,0.79398,0.72806,0.51576,0.57995,0.80906,0.78916,0.81076,0.72205,0.71569,0.64387,0.82045,0.83501,0.83529,0.855,0.66506,0.64528,0.71012,0.74695,0.64763,0.6927,0.61049,0.5572,0.60348,0.70985,0.69368,0.71544,0.76586,0.77636,0.68891,0.64689,0.62775,0.56841,0.74654,0.74317,0.6332,0.78175,0.74978,0.72283,0.73165,0.73524,0.77744,0.77465,0.69366,0.71262,0.63754,0.64033,0.61257,0.64944,0.73821,0.74443,0.9139,0.92369,0.73323,0.79906,0.78394,0.69909,0.83099,0.77094,0.62667,0.6927,0.76829,0.75644,0.90421,0.88579,0.27177,0.37738,0.53171,0.66779,0.48425,0.38223,0.36111,0.28262,0.76724,0.84898,0.83927,0.84766,0.708,0.80893,0.72182,0.7731,0.55841,0.50832,0.66329,0.7424,0.56149,0.64954,0.50071,0.50222,0.56174,0.56209,0.69439,0.65601,0.74154,0.79883,0.61755,0.52753,0.69648,0.66613,0.6469,0.52679,0.51457,0.53891,0.56241,0.54035,0.50175,0.59578,0.58167,0.74136,0.57484,0.32879
0.79244,0.76237,1,0.96048,0.77864,0.80024,0.9031,0.9347,0.82023,0.76223,0.60502,0.76049,0.77554,0.86708,0.58994,0.7631,0.47422,0.52245,0.89998,0.88756,0.69896,0.77237,0.97495,0.96277,0.78643,0.77754,0.7932,0.56022,0.25198,0.51427,0.7576,0.78389,0.60284,0.65368,0.71517,0.6203,0.43832,0.38627,0.46405,0.41939,0.31728,0.56387,0.65843,0.50929,0.75085,0.62754,0.65578,0.6459,0.78595,0.73751,0.76641,0.71183,0.70213,0.57745,0.72712,0.49948,0.58047,0.59632,0.84365,0.77217,0.74622,0.69263,0.60428,0.59345,0.76585,0.71419,0.79599,0.77338,0.75253,0.69928,0.14735,0.42094,0.2619,0.47868,0.26179,0.2355,0.20079,0.16833,0.39367,0.56853,0.54929,0.51606,0.3833,0.62083,0.73391,0.61744,0.54965,0.55168,0.78123,0.64265,0.79667,0.77828,0.77787,0.80136,0.2712,0.26182,0.39395,0.3843,0.82327,0.72018,0.77981,0.79242,0.79179,0.78898,0.62267,0.5336,0.49936,0.64198,0.55243,0.39188,0.43912,0.69987,0.76342,0.72492,0.51837,0.1808
0.78162,0.76997,0.96048,1,0.721,0.75365,0.92429,0.96871,0.77295,0.73731,0.60114,0.80966,0.77318,0.8878,0.54184,0.76123,0.49242,0.54957,0.89462,0.91211,0.64052,0.72614,0.94114,0.94266,0.70687,0.73164,0.70504,0.4986,0.31822,0.58199,0.76451,0.80996,0.64843,0.72461,0.66521,0.63121,0.451,0.4241,0.45104,0.42262,0.33541,0.57132,0.59517,0.46777,0.6686,0.55834,0.60175,0.59452,0.68903,0.64537,0.67648,0.6189,0.61938,0.51053,0.6512,0.43755,0.57042,0.58523,0.77459,0.73183,0.69574,0.70905,0.58773,0.6743,0.67647,0.68669,0.73729,0.72898,0.7486,0.68583,0.2154,0.45765,0.31449,0.52113,0.3231,0.31196,0.27491,0.24925,0.40436,0.56597,0.51065,0.50226,0.37735,0.62475,0.63924,0.56218,0.45368,0.45685,0.71952,0.60991,0.76,0.72576,0.75062,0.73124,0.25507,0.26464,0.41621,0.39253,0.79939,0.68802,0.76459,0.72309,0.74322,0.73619,0.59581,0.46635,0.43995,0.55899,0.53479,0.39936,0.4534,0.68711,0.72645,0.67557,0.48196,0.26173
0.4768,0.44418,0.77864,0.721,1,0.91515,0.59846,0.72415,0.92932,0.81753,0.2396,0.47237,0.44316,0.68765,0.37929,0.69978,0.13296,0.17715,0.62224,0.61705,0.65608,0.78953,0.77895,0.79317,0.81581,0.75621,0.83339,0.60178,-0.096391,0.21727,0.51898,0.55242,0.29142,0.33222,0.60228,0.44909,0.15315,0.076325,0.17148,0.061843,0.061865,0.33447,0.52057,0.29436,0.65316,0.48949,0.4768,0.46045,0.73799,0.62693,0.77156,0.66305,0.72449,0.4667,0.65592,0.29685,0.28749,0.2707,0.76917,0.61598,0.55353,0.52269,0.38965,0.28595,0.72009,0.63222,0.69241,0.66585,0.52211,0.4967,-0.19002,0.16724,-0.051092,0.19304,-0.0058129,-0.01062,-0.12486,-0.14684,0.058394,0.25142,0.33632,0.25161,0.10929,0.37973,0.66007,0.48231,0.5424,0.64269,0.75654,0.50353,0.80816,0.65365,0.87009,0.8119,0.093155,-0.017443,0.095114,0.089835,0.69836,0.49202,0.74125,0.83007,0.73185,0.77034,0.54554,0.51718,0.49245,0.61611,0.38487,0.11345,0.20752,0.5167,0.74177,0.6031,0.48044,-0.10126
0.56018,0.53622,0.80024,0.75365,0.91515,1,0.6446,0.76439,0.86005,0.90769,0.3823,0.54168,0.55657,0.7661,0.44643,0.72132,0.26777,0.29277,0.63318,0.63064,0.67612,0.81921,0.80975,0.82674,0.8443,0.81604,0.89737,0.68162,-0.026347,0.2592,0.53811,0.55547,0.35352,0.3889,0.70364,0.5477,0.18542,0.11242,0.25741,0.20088,0.15659,0.42858,0.63028,0.43236,0.73646,0.60794,0.6079,0.58768,0.81033,0.72357,0.83253,0.75195,0.79972,0.58718,0.75282,0.44036,0.39827,0.39097,0.80777,0.69997,0.62377,0.62842,0.48763,0.37443,0.77535,0.71041,0.76003,0.76154,0.55679,0.55728,-0.21078,0.15294,-0.021666,0.25449,0.0077364,0.016288,-0.097954,-0.13228,0.18495,0.37018,0.46677,0.3746,0.24366,0.49874,0.7672,0.60045,0.6309,0.69644,0.81113,0.60422,0.8546,0.71789,0.8746,0.82867,0.11417,0.050917,0.14608,0.11576,0.76439,0.58567,0.80983,0.85261,0.7976,0.79912,0.61675,0.55279,0.56739,0.66968,0.48898,0.1704,0.21129,0.53853,0.73443,0.65172,0.48072,0.006311
0.84013,0.79398,0.9031,0.92429,0.59846,0.6446,1,0.91304,0.69711,0.67254,0.6832,0.80013,0.85086,0.82817,0.67223,0.7034,0.60305,0.61555,0.84885,0.86083,0.6463,0.66365,0.85415,0.85275,0.71343,0.75375,0.62825,0.50315,0.53372,0.6702,0.86784,0.87332,0.81346,0.84805,0.72867,0.7266,0.55317,0.55675,0.5513,0.53381,0.48983,0.68562,0.62625,0.55707,0.67856,0.60245,0.60565,0.62704,0.63958,0.62545,0.63512,0.59221,0.57688,0.53253,0.64999,0.53287,0.66848,0.68652,0.74997,0.75034,0.78741,0.79247,0.6788,0.77777,0.70471,0.74158,0.76827,0.74945,0.73919,0.72139,0.39859,0.55306,0.54348,0.70439,0.53608,0.51408,0.48409,0.40608,0.55619,0.639,0.57018,0.56601,0.51194,0.65712,0.62098,0.599,0.36042,0.33723,0.71148,0.67891,0.6658,0.74875,0.6241,0.66213,0.35019,0.3539,0.53837,0.49943,0.76175,0.73539,0.70235,0.63214,0.73128,0.7218,0.65758,0.56118,0.48534,0.5751,0.58424,0.48158,0.47016,0.62848,0.66552,0.63541,0.53031,0.3583
0.74453,0.72806,0.9347,0.96871,0.72415,0.76439,0.91304,1,0.77931,0.73545,0.58443,0.83095,0.78127,0.93254,0.48977,0.76517,0.49242,0.55018,0.85775,0.8787,0.60942,0.70786,0.91938,0.89725,0.68767,0.69884,0.67831,0.41356,0.29415,0.5959,0.74212,0.78478,0.62802,0.7089,0.68348,0.64999,0.42111,0.42052,0.40335,0.38895,0.26763,0.53564,0.58713,0.44688,0.6564,0.53286,0.59552,0.59291,0.68839,0.6205,0.6918,0.63091,0.65462,0.53922,0.67015,0.4202,0.52651,0.5337,0.78853,0.71266,0.69122,0.72828,0.57543,0.69525,0.67373,0.69117,0.73778,0.73715,0.69364,0.64691,0.15995,0.38934,0.26877,0.51594,0.28859,0.31302,0.27574,0.26138,0.40451,0.5742,0.5019,0.4975,0.31547,0.61732,0.64879,0.56187,0.42555,0.45522,0.76358,0.61836,0.81941,0.75999,0.77251,0.77302,0.20195,0.22557,0.38759,0.36533,0.83409,0.70153,0.8163,0.77143,0.76756,0.75315,0.56179,0.43046,0.46416,0.58253,0.54119,0.40571,0.47007,0.71243,0.74032,0.63027,0.44634,0.24659
0.55235,0.51576,0.82023,0.77295,0.92932,0.86005,0.69711,0.77931,1,0.82555,0.3192,0.54162,0.56413,0.72862,0.49621,0.7671,0.22243,0.26143,0.67333,0.67003,0.61334,0.73105,0.81178,0.82945,0.79734,0.76115,0.78279,0.55847,0.043771,0.3193,0.60106,0.63314,0.38748,0.42601,0.60144,0.48442,0.21151,0.15719,0.21195,0.11579,0.11866,0.39092,0.56384,0.36307,0.66624,0.51348,0.50728,0.4987,0.73856,0.64271,0.75828,0.66089,0.69721,0.49233,0.65386,0.33414,0.36006,0.34199,0.77784,0.63077,0.61631,0.58559,0.45401,0.38567,0.73273,0.65864,0.69624,0.65896,0.55748,0.53127,-0.091076,0.19933,0.087022,0.32351,0.11917,0.096066,0.0080414,-0.021306,0.15771,0.32064,0.36703,0.29513,0.18317,0.42509,0.64205,0.49196,0.48886,0.55566,0.75258,0.52468,0.80264,0.69326,0.84731,0.80745,0.14412,0.020795,0.21044,0.1856,0.74381,0.56977,0.76683,0.82023,0.76108,0.79431,0.55381,0.50099,0.48255,0.63572,0.39836,0.17189,0.28172,0.57029,0.76419,0.64383,0.4995,-0.054742
0.61808,0.57995,0.76223,0.73731,0.81753,0.90769,0.67254,0.73545,0.82555,1,0.44257,0.55356,0.60808,0.74272,0.52633,0.74217,0.29921,0.30274,0.62438,0.60737,0.64139,0.73838,0.75571,0.80627,0.80163,0.81679,0.84537,0.70814,0.073895,0.25676,0.53748,0.56422,0.38728,0.41013,0.66391,0.51858,0.22205,0.15867,0.32138,0.26776,0.26578,0.486,0.63365,0.47976,0.71475,0.62254,0.5919,0.56936,0.76088,0.6955,0.77919,0.70434,0.75847,0.56973,0.71493,0.47858,0.48206,0.47026,0.77301,0.71117,0.67664,0.71745,0.53194,0.42784,0.79114,0.74333,0.72992,0.72445,0.57003,0.56956,-0.094005,0.18886,0.079406,0.32055,0.10444,0.083496,-0.02411,-0.086642,0.24738,0.37328,0.50593,0.39606,0.35492,0.49987,0.74722,0.62941,0.60584,0.66306,0.76599,0.64883,0.76738,0.67459,0.82567,0.72878,0.20291,0.12478,0.20785,0.16168,0.70589,0.57198,0.75366,0.74225,0.76723,0.76008,0.65187,0.57858,0.52473,0.6388,0.49206,0.1724,0.18275,0.46364,0.71402,0.67452,0.49862,0.091157
0.85077,0.80906,0.60502,0.60114,0.2396,0.3823,0.6832,0.58443,0.3192,0.44257,1,0.77663,0.85151,0.64288,0.74893,0.55544,0.84749,0.82095,0.68792,0.6657,0.49375,0.4489,0.55042,0.56582,0.46948,0.52526,0.51054,0.44619,0.6763,0.72864,0.54223,0.54176,0.64707,0.64397,0.57072,0.53188,0.53923,0.51035,0.66288,0.71106,0.58947,0.67029,0.6267,0.6509,0.57084,0.60053,0.66949,0.65295,0.53228,0.53155,0.44137,0.45829,0.50083,0.59887,0.6223,0.678,0.7954,0.79168,0.55619,0.59634,0.71288,0.62985,0.78484,0.73443,0.50923,0.53638,0.56446,0.56692,0.64517,0.64127,0.30477,0.29712,0.47088,0.59924,0.41706,0.31961,0.32069,0.24004,0.80265,0.82435,0.8204,0.81739,0.75962,0.83964,0.65929,0.6735,0.48101,0.44587,0.58759,0.69526,0.35284,0.49106,0.24421,0.32345,0.50757,0.55573,0.61604,0.54912,0.56771,0.67706,0.3771,0.3379,0.49906,0.4754,0.47956,0.40115,0.38694,0.40139,0.53945,0.5284,0.4344,0.48423,0.42057,0.56774,0.38079,0.3893
0.80295,0.78916,0.76049,0.80966,0.47237,0.54168,0.80013,0.83095,0.54162,0.55356,0.77663,1,0.84587,0.8888,0.60069,0.74662,0.65945,0.72538,0.8129,0.81818,0.48037,0.54254,0.73382,0.73025,0.51184,0.54944,0.52942,0.37804,0.49602,0.7386,0.58834,0.63141,0.60763,0.67007,0.54031,0.53613,0.55176,0.54451,0.54343,0.56562,0.38986,0.55249,0.50953,0.44682,0.50065,0.43665,0.56748,0.56045,0.53573,0.49923,0.51767,0.50534,0.52711,0.55448,0.59769,0.49617,0.60932,0.61324,0.66034,0.62027,0.68189,0.70825,0.63514,0.76974,0.52565,0.60814,0.58387,0.58798,0.65904,0.59915,0.27092,0.33352,0.34325,0.52085,0.32551,0.30812,0.31357,0.31385,0.58979,0.69135,0.62856,0.68787,0.50531,0.74109,0.61033,0.60973,0.43527,0.41333,0.67383,0.67962,0.57831,0.58096,0.50442,0.51311,0.35451,0.39319,0.52439,0.48572,0.69117,0.65595,0.59006,0.53532,0.57178,0.57159,0.44999,0.32452,0.34661,0.43246,0.42413,0.49621,0.54037,0.63277,0.59358,0.55358,0.36687,0.31657
0.85507,0.81076,0.77554,0.77318,0.44316,0.55657,0.85086,0.78127,0.56413,0.60808,0.85151,0.84587,1,0.82218,0.79523,0.72677,0.71674,0.72642,0.77509,0.78379,0.58079,0.5735,0.74515,0.73335,0.60645,0.63789,0.58731,0.44194,0.59148,0.70416,0.70873,0.69487,0.7329,0.74626,0.68718,0.66501,0.53387,0.54281,0.60902,0.63371,0.5159,0.66898,0.63368,0.60313,0.63483,0.60297,0.64454,0.65537,0.622,0.61622,0.58048,0.57269,0.56567,0.56521,0.65801,0.59893,0.72073,0.73022,0.71511,0.71757,0.7943,0.7649,0.72413,0.7754,0.61927,0.66495,0.6961,0.68169,0.69851,0.69739,0.25977,0.36733,0.47359,0.62715,0.44215,0.39244,0.38838,0.31695,0.66198,0.73998,0.68868,0.69704,0.63149,0.77507,0.66601,0.64743,0.43088,0.38034,0.73135,0.70583,0.58372,0.68334,0.50062,0.56818,0.33273,0.38093,0.52936,0.46601,0.70907,0.72571,0.62362,0.5606,0.64659,0.62366,0.55536,0.44089,0.46162,0.54819,0.55477,0.45149,0.43098,0.5672,0.56849,0.58631,0.42265,0.38252
0.74259,0.72205,0.86708,0.8878,0.68765,0.7661,0.82817,0.93254,0.72862,0.74272,0.64288,0.8888,0.82218,1,0.5177,0.7987,0.52689,0.58115,0.80116,0.81454,0.586,0.69914,0.86241,0.83494,0.66797,0.66818,0.70079,0.41826,0.26917,0.58201,0.64066,0.67419,0.55345,0.62459,0.68096,0.61614,0.39703,0.39926,0.42352,0.4302,0.26477,0.53042,0.60164,0.4619,0.64555,0.5254,0.62427,0.60595,0.69408,0.60966,0.70208,0.64554,0.68309,0.58169,0.71227,0.46527,0.5305,0.53195,0.78515,0.7047,0.69051,0.73546,0.59542,0.68371,0.6774,0.70158,0.7241,0.7302,0.6431,0.62104,0.064321,0.27438,0.18047,0.44767,0.19853,0.21352,0.18101,0.17324,0.44426,0.60674,0.57528,0.5708,0.36004,0.67302,0.71173,0.62862,0.48526,0.53205,0.80735,0.67693,0.8096,0.71739,0.74118,0.74265,0.18533,0.23618,0.35304,0.32237,0.8148,0.67468,0.80179,0.77112,0.74259,0.7253,0.54223,0.4073,0.50097,0.59521,0.52789,0.39122,0.43441,0.66258,0.70614,0.61568,0.41159,0.24523
0.77591,0.71569,0.58994,0.54184,0.37929,0.44643,0.67223,0.48977,0.49621,0.52633,0.74893,0.60069,0.79523,0.5177,1,0.67461,0.64999,0.60674,0.61508,0.5894,0.58779,0.53904,0.53133,0.58181,0.6301,0.68032,0.588,0.62993,0.65662,0.59919,0.64551,0.61751,0.69116,0.64053,0.62514,0.57808,0.50738,0.44685,0.62644,0.61801,0.62935,0.65722,0.65173,0.66222,0.6494,0.66104,0.61408,0.62501,0.59099,0.62564,0.51449,0.51688,0.48493,0.53518,0.5952,0.65481,0.74668,0.73642,0.60533,0.6606,0.75863,0.6573,0.74957,0.62262,0.61294,0.63073,0.64158,0.61309,0.61416,0.654,0.2875,0.32605,0.5541,0.60222,0.48413,0.36309,0.30948,0.18157,0.64655,0.63279,0.6932,0.66527,0.82263,0.7284,0.6212,0.64318,0.51125,0.38624,0.60046,0.67509,0.36106,0.53222,0.33413,0.39286,0.49548,0.42348,0.55311,0.48955,0.51855,0.6265,0.40548,0.38549,0.53745,0.55313,0.5744,0.54366,0.48128,0.50299,0.38474,0.33696,0.28555,0.34801,0.45037,0.58513,0.4936,0.23768
0.69056,0.64387,0.7631,0.76123,0.69978,0.72132,0.7034,0.76517,0.7671,0.74217,0.55544,0.74662,0.72677,0.7987,0.67461,1,0.43915,0.47542,0.7681,0.74481,0.55715,0.67287,0.74221,0.78137,0.64597,0.6688,0.67844,0.50676,0.3202,0.55978,0.56722,0.62586,0.48646,0.53208,0.57792,0.49519,0.38213,0.32264,0.42174,0.36184,0.27881,0.48546,0.56237,0.43022,0.61178,0.49967,0.56496,0.52757,0.65431,0.59273,0.60579,0.55047,0.60275,0.4923,0.62696,0.42163,0.52084,0.48184,0.70131,0.61246,0.64711,0.65043,0.60337,0.57352,0.63235,0.61087,0.64269,0.62137,0.63377,0.57599,0.030161,0.15443,0.16469,0.38426,0.16377,0.12647,0.056098,0.036716,0.37533,0.49361,0.547,0.51,0.49198,0.67353,0.64442,0.57018,0.61452,0.59793,0.73029,0.6019,0.6644,0.56494,0.68195,0.60861,0.28528,0.23357,0.31223,0.30134,0.66722,0.55352,0.66239,0.65573,0.64744,0.66356,0.53693,0.40075,0.37935,0.55599,0.33174,0.2517,0.31092,0.48614,0.63888,0.61506,0.44661,0.12967
0.78515,0.82045,0.47422,0.49242,0.13296,0.26777,0.60305,0.49242,0.22243,0.29921,0.84749,0.65945,0.71674,0.52689,0.64999,0.43915,1,0.95256,0.56866,0.60822,0.46996,0.41133,0.42999,0.44757,0.42315,0.47895,0.36044,0.33593,0.80762,0.84492,0.5859,0.58636,0.73309,0.73219,0.57189,0.5807,0.56672,0.56774,0.65622,0.72738,0.61902,0.72585,0.65911,0.71288,0.56073,0.62217,0.71164,0.71311,0.46171,0.4851,0.37915,0.40413,0.41969,0.57328,0.58526,0.7058,0.86473,0.8477,0.46036,0.55287,0.59729,0.51772,0.8277,0.77856,0.39443,0.47644,0.56514,0.57471,0.68118,0.70946,0.31896,0.25712,0.62644,0.71982,0.5466,0.46211,0.46413,0.37257,0.9606,0.95131,0.86611,0.89001,0.76648,0.84703,0.54936,0.6425,0.39319,0.32091,0.46458,0.61993,0.31876,0.46264,0.18008,0.26449,0.55158,0.60543,0.71804,0.67172,0.56943,0.70338,0.37729,0.28905,0.50746,0.46897,0.4848,0.38006,0.4242,0.38758,0.50789,0.57944,0.49038,0.47155,0.36133,0.52774,0.40839,0.38898
0.76052,0.83501,0.52245,0.54957,0.17715,0.29277,0.61555,0.55018,0.26143,0.30274,0.82095,0.72538,0.72642,0.58115,0.60674,0.47542,0.95256,1,0.62257,0.6674,0.42767,0.41956,0.49498,0.49322,0.39684,0.43325,0.35146,0.2926,0.75229,0.88536,0.57834,0.58824,0.6977,0.72263,0.54046,0.5674,0.5623,0.57924,0.61687,0.70287,0.52449,0.66155,0.61419,0.6357,0.52276,0.55851,0.69167,0.68928,0.44517,0.46084,0.36289,0.39562,0.40855,0.55056,0.55265,0.6389,0.8099,0.82067,0.46743,0.54375,0.55397,0.4912,0.76564,0.79262,0.3519,0.42872,0.53694,0.55084,0.69424,0.68425,0.28737,0.27581,0.57243,0.68309,0.50654,0.44622,0.45765,0.40662,0.89354,0.96186,0.79868,0.86903,0.6897,0.83855,0.52001,0.59971,0.38109,0.2985,0.46018,0.57614,0.36414,0.48753,0.22595,0.30955,0.49682,0.54707,0.71077,0.65453,0.61461,0.70792,0.40759,0.32304,0.503,0.47025,0.41962,0.31044,0.39593,0.36766,0.48429,0.61071,0.56998,0.55741,0.41109,0.51729,0.35955,0.34772
0.87001,0.83529,0.89998,0.89462,0.62224,0.63318,0.84885,0.85775,0.67333,0.62438,0.68792,0.8129,0.77509,0.80116,0.61508,0.7681,0.56866,0.62257,1,0.96618,0.64873,0.70558,0.83873,0.84235,0.62482,0.63661,0.64064,0.46546,0.38512,0.63331,0.65954,0.70969,0.64789,0.69657,0.6088,0.54863,0.56337,0.50036,0.61057,0.55846,0.42092,0.60994,0.57114,0.46239,0.64293,0.55035,0.59856,0.57834,0.6666,0.63908,0.62116,0.59916,0.58541,0.5129,0.65124,0.49283,0.66699,0.66803,0.76917,0.7296,0.74262,0.68226,0.66447,0.65022,0.65481,0.63935,0.71272,0.67933,0.8541,0.75537,0.2302,0.42159,0.32017,0.49416,0.32351,0.26591,0.23744,0.20796,0.48321,0.6393,0.60749,0.60138,0.46162,0.68675,0.67385,0.59557,0.54844,0.52915,0.72328,0.63089,0.66202,0.67699,0.63268,0.64211,0.37988,0.37674,0.46303,0.48294,0.72949,0.69274,0.67599,0.65847,0.68751,0.69535,0.56644,0.45625,0.40329,0.55472,0.4851,0.41404,0.45566,0.62111,0.64245,0.68685,0.5158,0.22639
0.86249,0.855,0.88756,0.91211,0.61705,0.63064,0.86083,0.8787,0.67003,0.60737,0.6657,0.81818,0.78379,0.81454,0.5894,0.74481,0.60822,0.6674,0.96618,1,0.66547,0.72118,0.84555,0.841,0.63297,0.64483,0.61392,0.4327,0.42586,0.68982,0.71747,0.7612,0.71734,0.77483,0.64579,0.61881,0.55434,0.51175,0.59756,0.55351,0.444,0.63582,0.56293,0.46165,0.63934,0.5522,0.58561,0.5778,0.64383,0.62585,0.60985,0.57959,0.565,0.47908,0.63427,0.47121,0.68123,0.67701,0.76172,0.74467,0.72935,0.69533,0.66671,0.71003,0.62085,0.64786,0.73477,0.71084,0.88516,0.79897,0.2109,0.43872,0.37274,0.54058,0.37653,0.3285,0.29148,0.25719,0.5083,0.67458,0.59153,0.59371,0.43958,0.69277,0.63047,0.56098,0.49003,0.45935,0.70891,0.60355,0.68513,0.69333,0.65108,0.65073,0.31671,0.32961,0.47415,0.46809,0.75232,0.69876,0.70998,0.66292,0.70358,0.69878,0.56591,0.43967,0.42874,0.54317,0.49515,0.39152,0.45347,0.62139,0.62955,0.66877,0.52421,0.24099
0.71363,0.66506,0.69896,0.64052,0.65608,0.67612,0.6463,0.60942,0.61334,0.64139,0.49375,0.48037,0.58079,0.586,0.58779,0.55715,0.46996,0.42767,0.64873,0.66547,1,0.89603,0.66212,0.69274,0.80733,0.80344,0.76193,0.67528,0.286,0.39276,0.68317,0.66807,0.60645,0.57794,0.76913,0.65536,0.47664,0.37653,0.6349,0.52587,0.57258,0.66341,0.633,0.53422,0.75704,0.69459,0.62152,0.6143,0.72798,0.70289,0.72092,0.65515,0.65122,0.50712,0.7415,0.5851,0.64692,0.61284,0.7758,0.80365,0.73304,0.64552,0.64137,0.45768,0.74266,0.75745,0.83822,0.819,0.73362,0.75607,0.075298,0.36141,0.34069,0.47228,0.32204,0.24807,0.12926,0.019964,0.43094,0.53241,0.63082,0.5282,0.41476,0.52618,0.7208,0.64581,0.56043,0.62787,0.7164,0.6576,0.6351,0.66399,0.66226,0.64456,0.40961,0.39733,0.40772,0.42274,0.66056,0.61809,0.6369,0.64609,0.72473,0.72157,0.72255,0.71255,0.66761,0.62366,0.58704,0.26616,0.24209,0.43072,0.64119,0.74066,0.72236,0.11865
0.67116,0.64528,0.77237,0.72614,0.78953,0.81921,0.66365,0.70786,0.73105,0.73838,0.4489,0.54254,0.5735,0.69914,0.53904,0.67287,0.41133,0.41956,0.70558,0.72118,0.89603,1,0.76967,0.78615,0.83893,0.81159,0.82255,0.684,0.16125,0.40444,0.64833,0.65378,0.52835,0.53876,0.77278,0.65759,0.42831,0.31784,0.51492,0.44556,0.38902,0.56779,0.62877,0.48379,0.76603,0.6704,0.63377,0.63193,0.78185,0.73796,0.7977,0.74196,0.74013,0.5671,0.76898,0.53189,0.56551,0.54297,0.8392,0.81511,0.70287,0.62149,0.61148,0.45276,0.76729,0.75794,0.85281,0.84478,0.70765,0.71134,-0.069224,0.30234,0.20052,0.40368,0.20124,0.17648,0.034284,-0.030733,0.33621,0.51013,0.57871,0.50649,0.35172,0.55166,0.76243,0.66543,0.64495,0.68846,0.77424,0.66318,0.78025,0.75082,0.79335,0.78642,0.28552,0.26566,0.34578,0.34477,0.75897,0.66016,0.76622,0.79298,0.79993,0.8158,0.70635,0.6635,0.6826,0.65189,0.51904,0.24786,0.29945,0.54942,0.74004,0.75071,0.67787,0.04287
0.71319,0.71012,0.97495,0.94114,0.77895,0.80975,0.85415,0.91938,0.81178,0.75571,0.55042,0.73382,0.74515,0.86241,0.53133,0.74221,0.42999,0.49498,0.83873,0.84555,0.66212,0.76967,1,0.97292,0.78021,0.75969,0.79131,0.54604,0.18184,0.47678,0.74364,0.77027,0.53944,0.60603,0.70946,0.6263,0.38734,0.34623,0.38197,0.35565,0.2374,0.49945,0.62306,0.46159,0.7177,0.58671,0.62759,0.6301,0.75502,0.70586,0.75451,0.69908,0.69282,0.56192,0.6924,0.44343,0.51035,0.53098,0.81394,0.73791,0.68071,0.63793,0.53665,0.54136,0.73664,0.68397,0.77064,0.76055,0.69265,0.64403,0.080156,0.39713,0.20195,0.42846,0.21265,0.20737,0.17214,0.1702,0.33431,0.54239,0.48967,0.4777,0.31981,0.56827,0.70929,0.59157,0.53501,0.5247,0.74903,0.59374,0.82054,0.78372,0.80907,0.83024,0.19101,0.18578,0.35791,0.3292,0.82482,0.69603,0.78662,0.80424,0.76613,0.7687,0.5728,0.47835,0.48041,0.60802,0.53225,0.38497,0.45958,0.73316,0.78435,0.69362,0.45774,0.14724
0.75153,0.74695,0.96277,0.94266,0.79317,0.82674,0.85275,0.89725,0.82945,0.80627,0.56582,0.73025,0.73335,0.83494,0.58181,0.78137,0.44757,0.49322,0.84235,0.841,0.69274,0.78615,0.97292,1,0.81849,0.82556,0.81882,0.65624,0.23068,0.47853,0.74436,0.78793,0.55278,0.6079,0.69798,0.60966,0.41532,0.35471,0.43136,0.38533,0.32244,0.5505,0.66092,0.51012,0.74247,0.63258,0.65967,0.6545,0.7736,0.73665,0.76639,0.70519,0.70838,0.58811,0.7197,0.50257,0.57448,0.58126,0.81713,0.75854,0.71218,0.67049,0.59005,0.54335,0.75404,0.72596,0.78109,0.76731,0.73399,0.68792,0.10902,0.39452,0.2485,0.46066,0.24761,0.20842,0.15676,0.13805,0.36653,0.539,0.54794,0.51907,0.3987,0.59239,0.72904,0.64079,0.58892,0.58045,0.74541,0.63779,0.78473,0.74717,0.81354,0.77904,0.29094,0.25436,0.41105,0.37878,0.81037,0.70409,0.76704,0.76822,0.77536,0.78791,0.64884,0.54988,0.47939,0.61033,0.50848,0.37262,0.44502,0.70112,0.80073,0.76663,0.54563,0.15663
0.68833,0.64763,0.78643,0.70687,0.81581,0.8443,0.71343,0.68767,0.79734,0.80163,0.46948,0.51184,0.60645,0.66797,0.6301,0.64597,0.42315,0.39684,0.62482,0.63297,0.80733,0.83893,0.78021,0.81849,1,0.96685,0.88009,0.79561,0.22736,0.36894,0.75436,0.73849,0.57565,0.55999,0.84062,0.70216,0.38892,0.29507,0.4675,0.39318,0.44611,0.65311,0.74079,0.60308,0.84629,0.7583,0.67322,0.68626,0.82035,0.78374,0.84713,0.76623,0.77554,0.61184,0.82044,0.60909,0.60546,0.59144,0.83078,0.80437,0.76339,0.68471,0.65976,0.4523,0.8614,0.83854,0.88824,0.86889,0.65873,0.7151,0.039002,0.34594,0.3172,0.50757,0.32074,0.26078,0.13411,0.030859,0.39316,0.50121,0.61281,0.51402,0.43025,0.53039,0.80568,0.71254,0.58832,0.62512,0.79184,0.70533,0.75491,0.73936,0.78347,0.77603,0.35219,0.24928,0.3877,0.34091,0.7594,0.67716,0.76324,0.78071,0.85628,0.85211,0.81481,0.79373,0.72675,0.76047,0.56129,0.28796,0.27097,0.50943,0.73672,0.77279,0.71466,0.08426
0.73853,0.6927,0.77754,0.73164,0.75621,0.81604,0.75375,0.69884,0.76115,0.81679,0.52526,0.54944,0.63789,0.66818,0.68032,0.6688,0.47895,0.43325,0.63661,0.64483,0.80344,0.81159,0.75969,0.82556,0.96685,1,0.85385,0.83334,0.33685,0.42086,0.78297,0.78229,0.64258,0.62648,0.82418,0.71709,0.43973,0.35353,0.53403,0.46008,0.54527,0.71171,0.73864,0.63282,0.82913,0.76533,0.67415,0.68761,0.78343,0.76523,0.7998,0.71887,0.73585,0.60864,0.79782,0.639,0.6711,0.6506,0.80202,0.80716,0.78338,0.74003,0.6998,0.52328,0.84064,0.85992,0.87101,0.85984,0.68636,0.73864,0.1477,0.39824,0.40969,0.56999,0.3924,0.31288,0.20594,0.087995,0.46013,0.52205,0.6521,0.54982,0.52076,0.56543,0.77713,0.72315,0.57085,0.58681,0.75645,0.7369,0.69396,0.70458,0.74038,0.6973,0.43011,0.32729,0.44549,0.39476,0.72647,0.67624,0.7212,0.70134,0.83085,0.82083,0.8438,0.81091,0.69956,0.7202,0.57038,0.31991,0.27474,0.48096,0.71317,0.78282,0.72332,0.17624
0.63789,0.61049,0.7932,0.70504,0.83339,0.89737,0.62825,0.67831,0.78279,0.84537,0.51054,0.52942,0.58731,0.70079,0.588,0.67844,0.36044,0.35146,0.64064,0.61392,0.76193,0.82255,0.79131,0.81882,0.88009,0.85385,1,0.82579,0.04843,0.25194,0.5491,0.55357,0.37182,0.37459,0.73732,0.5418,0.24492,0.13779,0.38367,0.32725,0.29352,0.48709,0.71074,0.54566,0.81258,0.71069,0.68342,0.65524,0.85201,0.78202,0.85013,0.76571,0.80044,0.62057,0.79188,0.55931,0.51837,0.50806,0.8167,0.74354,0.69306,0.61411,0.57903,0.35984,0.84641,0.75041,0.80238,0.78855,0.59883,0.6144,-0.14338,0.19136,0.051912,0.26008,0.028813,-0.019519,-0.12336,-0.18518,0.29918,0.45145,0.59452,0.49939,0.39866,0.5477,0.85386,0.7176,0.71054,0.76959,0.79624,0.66039,0.7493,0.69185,0.7759,0.76523,0.27602,0.21112,0.25669,0.22806,0.72018,0.60766,0.70353,0.77471,0.76537,0.77347,0.66741,0.63982,0.61812,0.66115,0.51163,0.2016,0.21303,0.51321,0.71343,0.73802,0.55258,0.031845
0.57259,0.5572,0.56022,0.4986,0.60178,0.68162,0.50315,0.41356,0.55847,0.70814,0.44619,0.37804,0.44194,0.41826,0.62993,0.50676,0.33593,0.2926,0.46546,0.4327,0.67528,0.684,0.54604,0.65624,0.79561,0.83334,0.82579,1,0.21196,0.21267,0.50057,0.50844,0.3879,0.34645,0.61038,0.48028,0.34257,0.22772,0.4684,0.40256,0.49615,0.52925,0.63271,0.55708,0.69329,0.6776,0.59299,0.60251,0.67111,0.67862,0.67438,0.61728,0.62362,0.54331,0.65477,0.61284,0.55561,0.55339,0.62453,0.66019,0.63623,0.554,0.5554,0.281,0.73011,0.70893,0.67754,0.66376,0.52473,0.56527,0.054785,0.29907,0.2696,0.34137,0.20927,0.121,-0.0034458,-0.091042,0.33656,0.36299,0.56853,0.49388,0.52444,0.43754,0.69997,0.69205,0.6074,0.6122,0.5749,0.63844,0.45655,0.51347,0.56037,0.47479,0.4626,0.32303,0.41056,0.34216,0.51224,0.53205,0.44634,0.45886,0.5867,0.60852,0.69556,0.71381,0.53994,0.4923,0.37376,0.21765,0.19946,0.35319,0.59557,0.69992,0.62289,0.042062
0.61711,0.60348,0.25198,0.31822,-0.096391,-0.026347,0.53372,0.29415,0.043771,0.073895,0.6763,0.49602,0.59148,0.26917,0.65662,0.3202,0.80762,0.75229,0.38512,0.42586,0.286,0.16125,0.18184,0.23068,0.22736,0.33685,0.04843,0.21196,1,0.83088,0.60967,0.59286,0.78708,0.76247,0.36183,0.49212,0.586,0.62912,0.59379,0.63218,0.68698,0.64516,0.3999,0.53288,0.29949,0.39561,0.39937,0.4393,0.1343,0.21121,0.043,0.065552,0.065795,0.26733,0.25511,0.4844,0.70738,0.69581,0.18748,0.33418,0.46161,0.43606,0.64972,0.73004,0.1524,0.3025,0.32481,0.32399,0.48796,0.51651,0.62593,0.41348,0.8445,0.79393,0.76149,0.68102,0.67742,0.56147,0.83487,0.69984,0.59036,0.63153,0.75168,0.64179,0.18203,0.3438,0.059593,-0.068258,0.18805,0.41875,-0.011948,0.22574,-0.084258,-0.026877,0.56367,0.57947,0.71646,0.64915,0.28089,0.47527,0.09502,-0.036,0.25884,0.2433,0.40418,0.33847,0.2294,0.18979,0.31599,0.50528,0.39811,0.23356,0.15676,0.31017,0.3513,0.45402
0.69619,0.70985,0.51427,0.58199,0.21727,0.2592,0.6702,0.5959,0.3193,0.25676,0.72864,0.7386,0.70416,0.58201,0.59919,0.55978,0.84492,0.88536,0.63331,0.68982,0.39276,0.40444,0.47678,0.47853,0.36894,0.42086,0.25194,0.21267,0.83088,1,0.66264,0.68774,0.76833,0.81245,0.4977,0.59023,0.58157,0.63805,0.53324,0.58951,0.50133,0.62417,0.46138,0.47928,0.41136,0.41401,0.51187,0.5333,0.3134,0.32748,0.256,0.26049,0.29678,0.40477,0.42815,0.45887,0.67657,0.67236,0.41396,0.45957,0.5207,0.51425,0.69867,0.83125,0.30572,0.40821,0.48081,0.48658,0.62087,0.60007,0.42113,0.38572,0.64956,0.75231,0.60593,0.57201,0.56295,0.5164,0.79463,0.83182,0.63566,0.7119,0.59957,0.78163,0.36967,0.43741,0.22027,0.15414,0.43096,0.49706,0.33799,0.44462,0.23395,0.29488,0.44008,0.46293,0.6672,0.60886,0.55997,0.62359,0.37915,0.29819,0.46758,0.46115,0.414,0.30998,0.34857,0.33674,0.39901,0.55308,0.5618,0.51437,0.41122,0.42934,0.37386,0.36272
0.7158,0.69368,0.7576,0.76451,0.51898,0.53811,0.86784,0.74212,0.60106,0.53748,0.54223,0.58834,0.70873,0.64066,0.64551,0.56722,0.5859,0.57834,0.65954,0.71747,0.68317,0.64833,0.74364,0.74436,0.75436,0.78297,0.5491,0.50057,0.60967,0.66264,1,0.96956,0.87355,0.88626,0.77235,0.81585,0.55537,0.56895,0.53394,0.49089,0.55868,0.70796,0.62132,0.57438,0.67793,0.63199,0.57138,0.62036,0.55817,0.57908,0.54356,0.4932,0.46858,0.43139,0.585,0.50974,0.65803,0.67074,0.64194,0.70734,0.69242,0.67746,0.63303,0.70419,0.6143,0.67506,0.7635,0.75089,0.68125,0.71827,0.45132,0.61987,0.68133,0.77493,0.67277,0.64585,0.59737,0.49569,0.56166,0.62102,0.51123,0.4983,0.50016,0.54325,0.49864,0.50111,0.21861,0.17729,0.57563,0.58406,0.57496,0.69592,0.55559,0.59371,0.37728,0.35611,0.59697,0.53567,0.70317,0.6869,0.62482,0.54314,0.70618,0.69483,0.69678,0.64853,0.56759,0.57973,0.58641,0.48382,0.45751,0.55748,0.60863,0.61875,0.60549,0.32251
0.72505,0.71544,0.78389,0.80996,0.55242,0.55547,0.87332,0.78478,0.63314,0.56422,0.54176,0.63141,0.69487,0.67419,0.61751,0.62586,0.58636,0.58824,0.70969,0.7612,0.66807,0.65378,0.77027,0.78793,0.73849,0.78229,0.55357,0.50844,0.59286,0.68774,0.96956,1,0.83968,0.87843,0.72913,0.77517,0.55077,0.56815,0.51548,0.4655,0.53074,0.69542,0.60791,0.54253,0.66215,0.60469,0.56988,0.60816,0.55272,0.551,0.52944,0.47015,0.47293,0.41981,0.57728,0.47434,0.65088,0.65692,0.63917,0.69084,0.66413,0.66192,0.64094,0.71215,0.6005,0.66643,0.74944,0.7369,0.70492,0.71714,0.44275,0.61047,0.64111,0.75483,0.63796,0.5998,0.56157,0.48495,0.55555,0.62321,0.52112,0.51452,0.48074,0.54925,0.49846,0.50672,0.23853,0.22784,0.57032,0.56841,0.58676,0.66426,0.59646,0.58296,0.4066,0.36528,0.60949,0.55763,0.71022,0.67502,0.63281,0.54597,0.70251,0.69505,0.67802,0.60416,0.5396,0.56721,0.56242,0.51092,0.50413,0.60125,0.64749,0.64978,0.59456,0.28857
0.79871,0.76586,0.60284,0.64843,0.29142,0.35352,0.81346,0.62802,0.38748,0.38728,0.64707,0.60763,0.7329,0.55345,0.69116,0.48646,0.73309,0.6977,0.64789,0.71734,0.60645,0.52835,0.53944,0.55278,0.57565,0.64258,0.37182,0.3879,0.78708,0.76833,0.87355,0.83968,1,0.97501,0.73629,0.82365,0.64812,0.66969,0.67076,0.66915,0.69099,0.79097,0.59615,0.62809,0.61366,0.62792,0.55833,0.60621,0.46082,0.52796,0.44335,0.43358,0.38598,0.41748,0.54434,0.58493,0.79297,0.79136,0.57263,0.70358,0.7378,0.73434,0.74645,0.84754,0.52592,0.66918,0.72196,0.71272,0.75073,0.80046,0.50266,0.56135,0.79811,0.8473,0.76952,0.72173,0.69695,0.56533,0.72164,0.7117,0.60583,0.61131,0.63002,0.64547,0.45095,0.52759,0.20035,0.11256,0.53661,0.62179,0.43066,0.61861,0.35486,0.41708,0.45476,0.47928,0.65996,0.61407,0.60331,0.68694,0.52255,0.38759,0.61559,0.5887,0.65808,0.58505,0.52967,0.4921,0.53833,0.47896,0.39941,0.40549,0.41466,0.52719,0.58196,0.41796
0.78709,0.77636,0.65368,0.72461,0.33222,0.3889,0.84805,0.7089,0.42601,0.41013,0.64397,0.67007,0.74626,0.62459,0.64053,0.53208,0.73219,0.72263,0.69657,0.77483,0.57794,0.53876,0.60603,0.6079,0.55999,0.62648,0.37459,0.34645,0.76247,0.81245,0.88626,0.87843,0.97501,1,0.71394,0.81618,0.63105,0.67218,0.62407,0.63,0.62351,0.76654,0.56762,0.57928,0.5873,0.58462,0.54834,0.59043,0.44282,0.49398,0.42511,0.40884,0.37922,0.39002,0.52176,0.51634,0.74991,0.75524,0.56097,0.6775,0.68499,0.70789,0.71678,0.87341,0.49229,0.63136,0.69947,0.69877,0.74939,0.77775,0.50385,0.58658,0.75669,0.83243,0.74037,0.71781,0.69237,0.58971,0.69803,0.72441,0.57361,0.60046,0.58332,0.66168,0.42985,0.49018,0.17423,0.1014,0.52858,0.57593,0.4786,0.62592,0.40681,0.45031,0.41209,0.4477,0.64609,0.59661,0.64037,0.68323,0.55736,0.41919,0.62001,0.59287,0.62198,0.52022,0.49355,0.47741,0.55207,0.51717,0.45362,0.47499,0.45285,0.50781,0.5239,0.42836
0.71534,0.68891,0.71517,0.66521,0.60228,0.70364,0.72867,0.68348,0.60144,0.66391,0.57072,0.54031,0.68718,0.68096,0.62514,0.57792,0.57189,0.54046,0.6088,0.64579,0.76913,0.77278,0.70946,0.69798,0.84062,0.82418,0.73732,0.61038,0.36183,0.4977,0.77235,0.72913,0.73629,0.71394,1,0.91212,0.49794,0.46472,0.56272,0.56563,0.50158,0.71902,0.76378,0.67757,0.85837,0.80147,0.72426,0.7545,0.76251,0.77846,0.79562,0.76391,0.74345,0.62182,0.81944,0.66677,0.68868,0.69391,0.81225,0.85146,0.80735,0.75777,0.72568,0.63127,0.83823,0.85671,0.93833,0.94732,0.67352,0.7874,0.042977,0.33985,0.41393,0.60765,0.41361,0.40811,0.33727,0.23627,0.52979,0.63481,0.65571,0.59656,0.49839,0.61217,0.79863,0.74251,0.53072,0.52407,0.80487,0.74532,0.76874,0.82867,0.6994,0.76085,0.31663,0.32591,0.47996,0.434,0.80383,0.77704,0.77617,0.73369,0.84569,0.80161,0.7578,0.71466,0.77521,0.74188,0.64115,0.39805,0.35335,0.52781,0.64548,0.66651,0.6246,0.18063
0.64796,0.64689,0.6203,0.63121,0.44909,0.5477,0.7266,0.64999,0.48442,0.51858,0.53188,0.53613,0.66501,0.61614,0.57808,0.49519,0.5807,0.5674,0.54863,0.61881,0.65536,0.65759,0.6263,0.60966,0.70216,0.71709,0.5418,0.48028,0.49212,0.59023,0.81585,0.77517,0.82365,0.81618,0.91212,1,0.57826,0.60293,0.54341,0.57673,0.50247,0.66551,0.65465,0.61653,0.71669,0.70084,0.62778,0.69742,0.58646,0.65281,0.63378,0.62945,0.58094,0.5047,0.66084,0.57534,0.64443,0.67316,0.68427,0.79659,0.73089,0.73331,0.64324,0.70352,0.671,0.77786,0.8379,0.86931,0.62788,0.74438,0.1883,0.46361,0.55096,0.68606,0.56135,0.59828,0.56313,0.48817,0.54562,0.62621,0.54752,0.54676,0.46898,0.54422,0.60769,0.61912,0.32151,0.27616,0.66347,0.65901,0.6756,0.79387,0.59995,0.65915,0.27356,0.3248,0.57833,0.5181,0.75302,0.75807,0.69755,0.60218,0.75228,0.71333,0.67687,0.62703,0.69567,0.58601,0.59607,0.47648,0.47265,0.5548,0.5842,0.56683,0.56732,0.22445
0.6424,0.62775,0.43832,0.451,0.15315,0.18542,0.55317,0.42111,0.21151,0.22205,0.53923,0.55176,0.53387,0.39703,0.50738,0.38213,0.56672,0.5623,0.56337,0.55434,0.47664,0.42831,0.38734,0.41532,0.38892,0.43973,0.24492,0.34257,0.586,0.58157,0.55537,0.55077,0.64812,0.63105,0.49794,0.57826,1,0.90686,0.79985,0.77901,0.66285,0.68298,0.40234,0.44408,0.38777,0.43186,0.45422,0.52582,0.32877,0.44025,0.36252,0.42409,0.34804,0.42465,0.50157,0.56193,0.62426,0.65589,0.455,0.57275,0.60931,0.51253,0.55864,0.56634,0.40475,0.50881,0.51901,0.50493,0.60733,0.59988,0.52549,0.58576,0.65316,0.66443,0.63747,0.60031,0.66692,0.64018,0.60125,0.57166,0.53767,0.61184,0.50133,0.45711,0.45739,0.55816,0.31233,0.2116,0.45423,0.63266,0.32946,0.53019,0.26638,0.31139,0.60517,0.57211,0.76218,0.79225,0.51362,0.66458,0.34807,0.27924,0.45197,0.48967,0.5407,0.49874,0.35603,0.33928,0.37756,0.66434,0.66723,0.53949,0.46333,0.49843,0.50851,0.22019
0.56474,0.56841,0.38627,0.4241,0.076325,0.11242,0.55675,0.42052,0.15719,0.15867,0.51035,0.54451,0.54281,0.39926,0.44685,0.32264,0.56774,0.57924,0.50036,0.51175,0.37653,0.31784,0.34623,0.35471,0.29507,0.35353,0.13779,0.22772,0.62912,0.63805,0.56895,0.56815,0.66969,0.67218,0.46472,0.60293,0.90686,1,0.7138,0.74237,0.58849,0.64292,0.32798,0.37834,0.28655,0.33214,0.37392,0.46463,0.1957,0.30849,0.25549,0.32162,0.24971,0.34068,0.39508,0.47749,0.54784,0.60563,0.36214,0.49862,0.5304,0.50307,0.47678,0.62499,0.30699,0.4522,0.45313,0.44688,0.53588,0.54401,0.55941,0.61196,0.67854,0.71591,0.69667,0.71489,0.78041,0.777,0.60626,0.56426,0.45251,0.56417,0.43894,0.41874,0.33983,0.46323,0.14185,0.062136,0.3843,0.55411,0.28911,0.50234,0.21169,0.25883,0.52041,0.50077,0.7496,0.75959,0.48177,0.62198,0.31041,0.2104,0.3815,0.4135,0.44784,0.40622,0.29817,0.28574,0.35437,0.6785,0.70051,0.53278,0.41781,0.38001,0.40728,0.27016
0.77919,0.74654,0.46405,0.45104,0.17148,0.25741,0.5513,0.40335,0.21195,0.32138,0.66288,0.54343,0.60902,0.42352,0.62644,0.42174,0.65622,0.61687,0.61057,0.59756,0.6349,0.51492,0.38197,0.43136,0.4675,0.53403,0.38367,0.4684,0.59379,0.53324,0.53394,0.51548,0.67076,0.62407,0.56272,0.54341,0.79985,0.7138,1,0.90523,0.82086,0.78488,0.52507,0.57319,0.53971,0.58593,0.55548,0.55968,0.46854,0.53532,0.43322,0.47056,0.40586,0.46892,0.62124,0.71073,0.79025,0.78569,0.52488,0.67165,0.68834,0.59629,0.69145,0.57804,0.48003,0.58773,0.60956,0.59604,0.72953,0.73553,0.39675,0.44115,0.59274,0.60937,0.53681,0.42108,0.42228,0.32101,0.68116,0.64913,0.7142,0.68844,0.66505,0.58767,0.56815,0.63408,0.46341,0.38237,0.51291,0.68783,0.28775,0.43961,0.23042,0.22704,0.63378,0.65154,0.64699,0.66007,0.46583,0.59791,0.3611,0.25281,0.47791,0.45111,0.63263,0.55558,0.43882,0.45377,0.43874,0.47092,0.37659,0.33097,0.34448,0.56224,0.57591,0.32429
0.74495,0.74317,0.41939,0.42262,0.061843,0.20088,0.53381,0.38895,0.11579,0.26776,0.71106,0.56562,0.63371,0.4302,0.61801,0.36184,0.72738,0.70287,0.55846,0.55351,0.52587,0.44556,0.35565,0.38533,0.39318,0.46008,0.32725,0.40256,0.63218,0.58951,0.49089,0.4655,0.66915,0.63,0.56563,0.57673,0.77901,0.74237,0.90523,1,0.75855,0.77564,0.56539,0.64477,0.53072,0.60339,0.61178,0.63043,0.43498,0.52082,0.41109,0.49299,0.39047,0.51473,0.59686,0.75341,0.78288,0.80686,0.47444,0.64516,0.64048,0.55445,0.70117,0.62677,0.43144,0.5474,0.5839,0.58659,0.66909,0.71136,0.38109,0.39597,0.60926,0.65236,0.52248,0.48203,0.47658,0.391,0.73887,0.72447,0.73149,0.75782,0.70655,0.64117,0.55822,0.66335,0.43949,0.33186,0.47053,0.68193,0.27748,0.47781,0.16841,0.23007,0.60544,0.67275,0.69579,0.68973,0.48501,0.65733,0.34965,0.23832,0.46407,0.44168,0.59659,0.51472,0.46851,0.40058,0.44945,0.52916,0.43078,0.37586,0.33805,0.52258,0.52921,0.43121
0.67719,0.6332,0.31728,0.33541,0.061865,0.15659,0.48983,0.26763,0.11866,0.26578,0.58947,0.38986,0.5159,0.26477,0.62935,0.27881,0.61902,0.52449,0.42092,0.444,0.57258,0.38902,0.2374,0.32244,0.44611,0.54527,0.29352,0.49615,0.68698,0.50133,0.55868,0.53074,0.69099,0.62351,0.50158,0.50247,0.66285,0.58849,0.82086,0.75855,1,0.8052,0.44405,0.53219,0.46175,0.53452,0.43349,0.44943,0.33694,0.41555,0.29923,0.31738,0.27135,0.36519,0.47241,0.62302,0.7478,0.72423,0.37325,0.56303,0.59751,0.54656,0.647,0.52992,0.40938,0.53589,0.52001,0.50727,0.61085,0.65297,0.48004,0.46747,0.73503,0.6786,0.66188,0.49857,0.45392,0.29065,0.67093,0.55569,0.64539,0.58287,0.67918,0.49727,0.42685,0.51762,0.28247,0.21348,0.3503,0.58218,0.12299,0.32415,0.12225,0.092138,0.58402,0.56916,0.60241,0.55695,0.31455,0.48084,0.22922,0.10362,0.39504,0.36835,0.63817,0.62472,0.4258,0.36713,0.41642,0.35516,0.22574,0.15452,0.23393,0.49043,0.59882,0.35824
0.80523,0.78175,0.56387,0.57132,0.33447,0.42858,0.68562,0.53564,0.39092,0.486,0.67029,0.55249,0.66898,0.53042,0.65722,0.48546,0.72585,0.66155,0.60994,0.63582,0.66341,0.56779,0.49945,0.5505,0.65311,0.71171,0.48709,0.52925,0.64516,0.62417,0.70796,0.69542,0.79097,0.76654,0.71902,0.66551,0.68298,0.64292,0.78488,0.77564,0.8052,1,0.66379,0.67977,0.67331,0.69626,0.63927,0.65954,0.55941,0.6099,0.55113,0.55065,0.52921,0.52643,0.70155,0.71939,0.82411,0.82068,0.5938,0.71865,0.715,0.65865,0.81216,0.69625,0.59332,0.69312,0.74295,0.72594,0.74627,0.81425,0.38464,0.45174,0.7036,0.80091,0.66881,0.56092,0.47598,0.33139,0.73174,0.71713,0.75761,0.71027,0.68561,0.67461,0.6279,0.67817,0.39808,0.37851,0.59607,0.69607,0.44232,0.5637,0.39352,0.39888,0.59077,0.54244,0.63261,0.59587,0.60157,0.68473,0.52345,0.42151,0.64838,0.62353,0.75001,0.6551,0.59498,0.58084,0.57331,0.48346,0.33741,0.35975,0.44094,0.63013,0.64116,0.37874
0.72489,0.74978,0.65843,0.59517,0.52057,0.63028,0.62625,0.58713,0.56384,0.63365,0.6267,0.50953,0.63368,0.60164,0.65173,0.56237,0.65911,0.61419,0.57114,0.56293,0.633,0.62877,0.62306,0.66092,0.74079,0.73864,0.71074,0.63271,0.3999,0.46138,0.62132,0.60791,0.59615,0.56762,0.76378,0.65465,0.40234,0.32798,0.52507,0.56539,0.44405,0.66379,1,0.94381,0.92573,0.93922,0.95919,0.93864,0.86778,0.86556,0.78285,0.77108,0.76405,0.75105,0.86882,0.84191,0.76637,0.76618,0.72227,0.73973,0.71335,0.57663,0.76908,0.54795,0.72273,0.69045,0.81489,0.81097,0.64746,0.74501,0.054816,0.17608,0.35847,0.55853,0.2931,0.25166,0.19125,0.098729,0.65263,0.6965,0.79537,0.73791,0.64913,0.70497,0.79543,0.80743,0.61835,0.61788,0.70807,0.73889,0.62502,0.65181,0.54283,0.57227,0.49627,0.49168,0.58905,0.52223,0.77327,0.78679,0.64018,0.59637,0.75919,0.71255,0.68463,0.60057,0.64866,0.62263,0.53455,0.43531,0.36789,0.55014,0.6212,0.74996,0.5903,0.22226
