1,0.83768,0.8197,0.83176,0.76374,0.7221,0.74342,0.79381,0.75875,0.77254,0.7453,0.76409,0.8764,0.77457,0.87628,0.85319,0.77848,0.72274,0.88988,0.86205,0.66408,0.65629,0.85372,0.89159,0.68207,0.82829,0.57751,0.68992,0.66408,0.65638,0.63434,0.68178,0.85978,0.82317,0.85682,0.82864,0.83069,0.77303,0.83726,0.82068,0.78499,0.66234,0.84609,0.83652,0.75155,0.79123,0.86603,0.85957,0.79554,0.73401,0.8077,0.75743,0.81352,0.73982,0.86106,0.82961,0.89931,0.74414,0.66241,0.73985,0.61495,0.60041,0.87359,0.66993,0.47216,0.65128,0.77119,0.78622,0.80122,0.83982,0.27717,0.424,0.49751,0.37285,0.41155,0.30599,0.09724,0.0089642,0.79536,0.69262,0.92532,0.90298,0.84349,0.79735,0.86178,0.85534,0.82539,0.84491,0.83097,0.8235,0.71703,0.66832,0.74615,0.65514,0.59781,0.33572,0.87296,0.80088,0.76775,0.77002,0.66151,0.6399,0.63005,0.65243,0.81626,0.77324,0.42804,0.5146,0.37995,0.52868,0.81096,0.73997,0.61532,0.56392,0.61085,-0.067623
0.83768,1,0.83891,0.83129,0.71672,0.63847,0.82942,0.8482,0.64128,0.6606,0.80899,0.85246,0.772,0.78419,0.70718,0.70968,0.80346,0.85143,0.91305,0.92107,0.52612,0.50096,0.84272,0.8416,0.6624,0.6953,0.55183,0.62568,0.71751,0.74462,0.69183,0.74127,0.94801,0.93345,0.74445,0.73105,0.69907,0.66949,0.66338,0.67512,0.69377,0.60692,0.76198,0.75214,0.76371,0.82389,0.76628,0.7519,0.799,0.78529,0.76825,0.76408,0.69445,0.60434,0.67979,0.6564,0.90175,0.9512,0.87671,0.8398,0.85729,0.75755,0.82233,0.88969,0.66857,0.77056,0.89225,0.90953,0.90717,0.85468,0.46245,0.60134,0.59801,0.53062,0.52806,0.45437,0.2926,0.28294,0.79683,0.7865,0.80337,0.85696,0.73623,0.72824,0.64416,0.68071,0.73889,0.76167,0.61393,0.61984,0.7,0.63883,0.70808,0.6707,0.51432,0.32914,0.82329,0.70405,0.74132,0.70048,0.65027,0.64398,0.65631,0.66269,0.72961,0.71708,0.45038,0.52973,0.403,0.5001,0.82414,0.7409,0.65907,0.59911,0.59006,-0.067233
0.8197,0.83891,1,0.95033,0.82296,0.72082,0.95099,0.9292,0.80715,0.81846,0.81664,0.85939,0.87445,0.88334,0.79741,0.78348,0.68445,0.72335,0.86671,0.81039,0.74402,0.71266,0.93018,0.90199,0.78097,0.78367,0.65879,0.75834,0.69047,0.74167,0.80436,0.80801,0.81866,0.81553,0.74395,0.73005,0.76938,0.77738,0.69225,0.70815,0.7261,0.69777,0.74489,0.74614,0.7015,0.78521,0.75856,0.75551,0.80215,0.79647,0.8473,0.79966,0.79984,0.74114,0.76125,0.72673,0.73851,0.74239,0.7187,0.74916,0.68195,0.64545,0.75039,0.70844,0.66095,0.70175,0.78312,0.77882,0.73394,0.69975,0.60963,0.7431,0.69165,0.61979,0.67192,0.60527,0.34267,0.27663,0.67102,0.60892,0.76421,0.77442,0.70042,0.72466,0.71168,0.72826,0.71294,0.78427,0.75972,0.72765,0.85478,0.76055,0.88301,0.82617,0.48582,0.26757,0.83855,0.6885,0.8481,0.7965,0.83709,0.82,0.81709,0.81069,0.8213,0.86721,0.59287,0.59923,0.32117,0.46894,0.82194,0.78462,0.78724,0.7215,0.70769,-0.10284
0.83176,0.83129,0.95033,1,0.81195,0.78943,0.90006,0.95371,0.80566,0.88686,0.7811,0.84089,0.86251,0.87142,0.81279,0.7933,0.63994,0.65576,0.8633,0.80823,0.71167,0.6706,0.90143,0.91465,0.78953,0.81831,0.69382,0.82341,0.63916,0.68364,0.74326,0.76597,0.79966,0.78953,0.74583,0.74992,0.79611,0.77808,0.70582,0.69395,0.71088,0.6813,0.73667,0.7364,0.66375,0.75363,0.74083,0.74032,0.78495,0.783,0.85128,0.80394,0.80225,0.73811,0.77031,0.72991,0.73605,0.71812,0.69331,0.73036,0.68909,0.70996,0.74586,0.7047,0.68393,0.76211,0.74791,0.75962,0.70536,0.68335,0.5744,0.6933,0.64733,0.55767,0.61979,0.51933,0.31514,0.25747,0.64603,0.55323,0.76173,0.76653,0.69602,0.70945,0.75432,0.77016,0.70176,0.74947,0.81625,0.76808,0.85422,0.74812,0.87979,0.78285,0.49498,0.30276,0.80146,0.68971,0.81701,0.76976,0.83796,0.77618,0.79958,0.77307,0.7946,0.83387,0.57805,0.53253,0.33795,0.46953,0.80074,0.73872,0.74406,0.69484,0.69378,-0.088483
0.76374,0.71672,0.82296,0.81195,1,0.85309,0.78122,0.79744,0.73041,0.78316,0.63932,0.66242,0.70928,0.67698,0.78464,0.71868,0.6981,0.63164,0.79706,0.7524,0.6569,0.65418,0.76886,0.76282,0.78609,0.70266,0.50926,0.67821,0.64218,0.6678,0.6213,0.67294,0.77522,0.76284,0.67159,0.68029,0.68724,0.64632,0.62249,0.59391,0.66842,0.62218,0.70455,0.71411,0.63539,0.7271,0.71018,0.71365,0.72247,0.73894,0.77843,0.73199,0.76701,0.76002,0.66679,0.68617,0.72066,0.6027,0.61407,0.70356,0.53442,0.53624,0.77715,0.664,0.45299,0.54502,0.7107,0.67159,0.62715,0.65232,0.45604,0.5874,0.56943,0.52788,0.51683,0.50479,0.35778,0.24227,0.65246,0.58579,0.77161,0.74002,0.6705,0.6309,0.61305,0.63387,0.67355,0.64756,0.67745,0.72553,0.74852,0.74884,0.78039,0.72957,0.35107,0.06791,0.72694,0.56885,0.77041,0.76741,0.75386,0.75109,0.70534,0.72205,0.67285,0.68568,0.43699,0.45075,0.20116,0.32993,0.72987,0.74893,0.70621,0.66764,0.54736,-0.15215
0.7221,0.63847,0.72082,0.78943,0.85309,1,0.67118,0.76393,0.5977,0.84457,0.60032,0.60387,0.66998,0.62042,0.79137,0.67253,0.58963,0.4919,0.74028,0.65919,0.58632,0.577,0.69765,0.71634,0.71386,0.68101,0.4719,0.74735,0.50493,0.52974,0.45613,0.49797,0.67339,0.62991,0.60067,0.58701,0.71004,0.66801,0.65116,0.62157,0.65547,0.58195,0.66388,0.68016,0.58319,0.65498,0.64789,0.67439,0.67683,0.70187,0.75748,0.72678,0.74252,0.76718,0.67524,0.73318,0.65444,0.52134,0.54106,0.63255,0.47831,0.51679,0.67372,0.5339,0.37781,0.50701,0.61023,0.57535,0.52189,0.55714,0.31691,0.45957,0.46032,0.38492,0.43602,0.35346,0.26089,0.15197,0.56893,0.46873,0.72067,0.68544,0.64662,0.53315,0.64198,0.6414,0.68239,0.59162,0.71183,0.78698,0.69741,0.74442,0.73013,0.67685,0.266,0.056177,0.6211,0.57965,0.69682,0.74635,0.67628,0.65867,0.62528,0.6269,0.63464,0.61044,0.32427,0.30328,0.12518,0.23093,0.65889,0.68587,0.64369,0.65946,0.53065,-0.10763
0.74342,0.82942,0.95099,0.90006,0.78122,0.67118,1,0.94374,0.80133,0.79603,0.87539,0.89236,0.84354,0.88085,0.74068,0.73671,0.70028,0.77462,0.83099,0.78336,0.64856,0.63302,0.88883,0.8424,0.72006,0.69172,0.67171,0.71894,0.76011,0.81044,0.85371,0.85988,0.80957,0.84222,0.64697,0.66986,0.67493,0.67149,0.56687,0.58942,0.68529,0.64182,0.67844,0.66863,0.62809,0.72879,0.6928,0.66049,0.71186,0.71933,0.77347,0.72166,0.70602,0.62919,0.63085,0.58733,0.69679,0.71434,0.6993,0.68943,0.70631,0.68165,0.74121,0.76426,0.71792,0.71063,0.74672,0.73957,0.68644,0.6274,0.6933,0.81202,0.72802,0.69364,0.72065,0.68946,0.43033,0.41602,0.67405,0.65994,0.69774,0.7322,0.67887,0.72898,0.59739,0.62297,0.6389,0.71278,0.61452,0.60628,0.82281,0.69892,0.82748,0.77067,0.42495,0.21554,0.75456,0.56854,0.78225,0.71588,0.79071,0.77509,0.79803,0.76909,0.71863,0.80594,0.56183,0.5365,0.30323,0.43213,0.76794,0.73925,0.75823,0.67571,0.64255,-0.090646
0.79381,0.8482,0.9292,0.95371,0.79744,0.76393,0.94374,1,0.79109,0.87821,0.88858,0.91909,0.87686,0.92413,0.81078,0.80366,0.71557,0.75365,0.85747,0.80607,0.63054,0.59973,0.90021,0.88733,0.79182,0.78311,0.72799,0.82444,0.75426,0.79562,0.82366,0.83941,0.82092,0.845,0.66934,0.69312,0.71482,0.69675,0.60174,0.61486,0.7204,0.65147,0.7052,0.69846,0.62246,0.70674,0.71151,0.6826,0.7162,0.70869,0.78733,0.73299,0.73375,0.64297,0.68383,0.64058,0.75013,0.71554,0.67371,0.66186,0.71099,0.69672,0.75557,0.75378,0.69632,0.72514,0.71357,0.72244,0.68152,0.63531,0.63968,0.7618,0.69691,0.62767,0.65788,0.5922,0.34851,0.33117,0.70692,0.64924,0.74179,0.76669,0.72589,0.74608,0.68447,0.69212,0.68699,0.73374,0.7012,0.67474,0.80201,0.67887,0.83752,0.74678,0.44462,0.25604,0.74243,0.59071,0.7556,0.71098,0.80614,0.75791,0.77871,0.74639,0.72235,0.8,0.50867,0.47605,0.324,0.43291,0.76041,0.70041,0.72251,0.69553,0.65322,-0.066044
0.75875,0.64128,0.80715,0.80566,0.73041,0.5977,0.80133,0.79109,1,0.83807,0.69899,0.70494,0.80695,0.78411,0.77095,0.77489,0.63244,0.62082,0.72435,0.70605,0.74598,0.69625,0.76272,0.74099,0.61391,0.69631,0.6329,0.63964,0.71226,0.71205,0.77557,0.79637,0.65318,0.6837,0.64324,0.70172,0.73398,0.72169,0.65369,0.61636,0.68307,0.68085,0.65286,0.6111,0.51729,0.58532,0.68852,0.63486,0.6408,0.57732,0.72325,0.58854,0.7202,0.6093,0.67504,0.56767,0.63884,0.48932,0.4724,0.52695,0.49268,0.54222,0.73828,0.58261,0.53781,0.53287,0.5682,0.55273,0.58978,0.60641,0.50728,0.56261,0.59922,0.52965,0.55873,0.50563,0.2647,0.21455,0.60414,0.52474,0.73994,0.67447,0.69887,0.7878,0.6465,0.6115,0.5266,0.66172,0.7562,0.63595,0.78484,0.6215,0.79758,0.67244,0.47755,0.23079,0.71069,0.52697,0.71489,0.62737,0.77912,0.74017,0.73532,0.72968,0.68225,0.73345,0.56701,0.49573,0.31709,0.44717,0.70456,0.65479,0.65324,0.5602,0.61786,0.031112
0.77254,0.6606,0.81846,0.88686,0.78316,0.84457,0.79603,0.87821,0.83807,1,0.7329,0.73451,0.80691,0.80913,0.84819,0.81287,0.61736,0.57206,0.78636,0.71784,0.71458,0.69763,0.78354,0.79472,0.7132,0.74747,0.63387,0.78656,0.65634,0.68473,0.68298,0.70051,0.65902,0.6682,0.5792,0.61005,0.75741,0.75453,0.66403,0.65775,0.74171,0.70512,0.63472,0.63356,0.49824,0.5722,0.64605,0.63302,0.6489,0.62527,0.73722,0.64047,0.71882,0.6585,0.67288,0.65164,0.64596,0.49456,0.50232,0.55903,0.5197,0.57851,0.70991,0.57356,0.50506,0.54342,0.54992,0.53477,0.53437,0.54186,0.49187,0.57992,0.62947,0.5526,0.56937,0.49794,0.28158,0.20394,0.60535,0.49622,0.72897,0.6821,0.69688,0.70931,0.6811,0.64423,0.60751,0.66664,0.77433,0.74922,0.78708,0.71142,0.83517,0.73682,0.39516,0.20107,0.66805,0.58203,0.7374,0.71596,0.82364,0.77474,0.76985,0.74547,0.70182,0.72155,0.48984,0.41925,0.27073,0.38798,0.71309,0.67677,0.70109,0.66925,0.62922,-0.040821
0.7453,0.80899,0.81664,0.7811,0.63932,0.60032,0.87539,0.88858,0.69899,0.7329,1,0.9403,0.87815,0.91411,0.76816,0.79476,0.79673,0.84378,0.78864,0.76313,0.53739,0.51439,0.83568,0.79156,0.66218,0.6777,0.6415,0.68082,0.85811,0.86323,0.81773,0.81355,0.77046,0.82606,0.5782,0.5831,0.61148,0.62071,0.55704,0.60963,0.72124,0.61727,0.65075,0.65818,0.58389,0.6263,0.65864,0.62777,0.60713,0.56309,0.62963,0.58495,0.59843,0.4745,0.58468,0.54524,0.74426,0.6922,0.59867,0.54927,0.68118,0.58988,0.7459,0.72214,0.60134,0.6036,0.63533,0.64266,0.64994,0.60987,0.58015,0.69207,0.66279,0.58785,0.61627,0.54396,0.23385,0.24926,0.76911,0.76212,0.71411,0.77089,0.79816,0.80767,0.61659,0.61457,0.709,0.74449,0.54308,0.55104,0.62786,0.51083,0.675,0.61155,0.44032,0.28369,0.68559,0.53337,0.60456,0.57355,0.63482,0.61991,0.61868,0.58212,0.63567,0.69718,0.36352,0.36752,0.32574,0.42443,0.67278,0.59943,0.57978,0.56785,0.53359,0.04514
0.76409,0.85246,0.85939,0.84089,0.66242,0.60387,0.89236,0.91909,0.70494,0.73451,0.9403,1,0.88025,0.94579,0.7451,0.798,0.72884,0.81043,0.78966,0.75612,0.51651,0.48617,0.9007,0.86352,0.68833,0.7196,0.64717,0.70281,0.78003,0.8269,0.79984,0.82137,0.78596,0.83371,0.61715,0.60963,0.61123,0.60448,0.54149,0.58601,0.66679,0.56053,0.6667,0.66562,0.63889,0.68179,0.6807,0.65637,0.66943,0.63659,0.68478,0.65751,0.64766,0.51496,0.62879,0.57191,0.73801,0.74196,0.66706,0.62214,0.7106,0.64256,0.72428,0.73419,0.66396,0.67913,0.68479,0.71105,0.68748,0.64087,0.59728,0.72438,0.61302,0.5375,0.55705,0.49387,0.1685,0.21071,0.71974,0.72088,0.71764,0.78739,0.76174,0.78483,0.66326,0.68679,0.72872,0.77945,0.60051,0.57589,0.65597,0.51078,0.70841,0.62327,0.47058,0.31799,0.69838,0.56102,0.62973,0.57913,0.66305,0.62144,0.63452,0.59595,0.66458,0.72936,0.40449,0.41301,0.31504,0.43643,0.68811,0.60406,0.59856,0.57013,0.52741,-0.03256
0.8764,0.772,0.87445,0.86251,0.70928,0.66998,0.84354,0.87686,0.80695,0.80691,0.87815,0.88025,1,0.92552,0.90255,0.89698,0.70028,0.70279,0.80606,0.74084,0.68927,0.65554,0.91699,0.90612,0.74517,0.86043,0.69097,0.76835,0.72578,0.73254,0.76535,0.76776,0.75832,0.75581,0.76273,0.71212,0.77009,0.74046,0.72043,0.75713,0.76916,0.66446,0.7917,0.78717,0.71201,0.71576,0.80425,0.79324,0.75365,0.67254,0.76878,0.69549,0.7912,0.69187,0.80334,0.74738,0.75248,0.64751,0.55629,0.59983,0.56374,0.53294,0.76826,0.59044,0.5408,0.60078,0.6573,0.65961,0.65991,0.67628,0.4904,0.60667,0.58656,0.46547,0.53688,0.44231,0.081599,0.020916,0.70089,0.62586,0.80181,0.80546,0.84983,0.82235,0.85662,0.8139,0.80665,0.87176,0.80423,0.74909,0.71885,0.59799,0.76338,0.66672,0.56805,0.37201,0.81238,0.71164,0.72038,0.69476,0.70661,0.65755,0.67359,0.63918,0.78012,0.81882,0.41409,0.4602,0.34125,0.48844,0.75328,0.66871,0.61673,0.61279,0.63247,-0.026029
0.77457,0.78419,0.88334,0.87142,0.67698,0.62042,0.88085,0.92413,0.78411,0.80913,0.91411,0.94579,0.92552,1,0.81239,0.86948,0.68448,0.73607,0.77438,0.72607,0.64306,0.59933,0.90378,0.87537,0.75256,0.80147,0.70489,0.76916,0.77166,0.81717,0.83718,0.83353,0.72222,0.76286,0.62342,0.6145,0.67543,0.69267,0.58761,0.64223,0.72287,0.64566,0.65019,0.66201,0.59523,0.62889,0.66344,0.65462,0.66267,0.60746,0.69497,0.62887,0.69354,0.56867,0.66751,0.61901,0.70184,0.64982,0.57446,0.55646,0.62372,0.57457,0.70948,0.65158,0.61884,0.61173,0.59763,0.62298,0.62638,0.58876,0.6414,0.73566,0.66449,0.57213,0.60269,0.5288,0.18035,0.17553,0.68225,0.62984,0.70184,0.75293,0.75487,0.80267,0.71032,0.70804,0.69997,0.79736,0.69142,0.63886,0.69993,0.54624,0.77,0.68547,0.5066,0.36603,0.72152,0.59145,0.65481,0.61034,0.76119,0.70398,0.70921,0.66306,0.71243,0.77254,0.45251,0.46104,0.31323,0.46401,0.69725,0.59062,0.63385,0.61902,0.59149,0.008542
0.87628,0.70718,0.79741,0.81279,0.78464,0.79137,0.74068,0.81078,0.77095,0.84819,0.76816,0.7451,0.90255,0.81239,1,0.92634,0.74196,0.65577,0.82435,0.76689,0.74806,0.74518,0.83968,0.86313,0.79536,0.88443,0.64518,0.79297,0.73196,0.72136,0.69015,0.7073,0.75084,0.73336,0.75282,0.69105,0.81074,0.76895,0.77991,0.81636,0.8409,0.73742,0.79291,0.80577,0.67585,0.67222,0.7917,0.80501,0.73184,0.64831,0.74315,0.67835,0.77505,0.73508,0.78507,0.80193,0.79101,0.57009,0.4874,0.57212,0.48076,0.45407,0.81187,0.56421,0.4191,0.50549,0.61055,0.58413,0.61749,0.65802,0.37121,0.48492,0.57945,0.47016,0.49748,0.3958,0.15631,0.014143,0.73538,0.63859,0.85205,0.82718,0.90177,0.83314,0.84228,0.80241,0.84452,0.86185,0.80668,0.84251,0.68282,0.66342,0.75021,0.68386,0.53985,0.29744,0.79206,0.72694,0.72759,0.74603,0.71057,0.6814,0.65202,0.64043,0.74642,0.74662,0.33737,0.39684,0.34039,0.47976,0.77432,0.71186,0.60344,0.64643,0.62041,0.0015132
0.85319,0.70968,0.78348,0.7933,0.71868,0.67253,0.73671,0.80366,0.77489,0.81287,0.79476,0.798,0.89698,0.86948,0.92634,1,0.75066,0.70231,0.7743,0.74977,0.70509,0.71155,0.82625,0.86942,0.76332,0.88473,0.61167,0.73741,0.78187,0.80049,0.74006,0.76985,0.7169,0.73649,0.69452,0.66414,0.71918,0.70811,0.71888,0.76572,0.8285,0.6966,0.69436,0.72356,0.59777,0.61863,0.71411,0.72181,0.65152,0.54305,0.66531,0.5906,0.69541,0.61753,0.71688,0.73106,0.78218,0.5623,0.45341,0.5007,0.4781,0.42049,0.79212,0.59096,0.41629,0.50431,0.55371,0.55734,0.58892,0.62279,0.39508,0.50304,0.54702,0.46258,0.45335,0.3759,0.091499,-0.0096774,0.75728,0.68042,0.81542,0.83631,0.88464,0.90325,0.78747,0.80478,0.81576,0.89195,0.74202,0.77851,0.61105,0.54816,0.71441,0.64966,0.60456,0.38646,0.7719,0.68952,0.64035,0.65011,0.71945,0.67204,0.63067,0.60931,0.72819,0.70085,0.3604,0.38072,0.37891,0.55252,0.73009,0.61184,0.55883,0.5613,0.50748,0.022294
0.77848,0.80346,0.68445,0.63994,0.6981,0.58963,0.70028,0.71557,0.63244,0.61736,0.79673,0.72884,0.70028,0.68448,0.74196,0.75066,1,0.93751,0.81756,0.85499,0.51896,0.5382,0.69446,0.6947,0.56395,0.62852,0.4425,0.51124,0.89851,0.87176,0.72977,0.78446,0.86345,0.9063,0.63945,0.66733,0.64977,0.61621,0.65553,0.66311,0.80323,0.65028,0.69986,0.69839,0.59404,0.65692,0.72265,0.67267,0.6128,0.53805,0.59933,0.5406,0.59153,0.47821,0.58999,0.60057,0.89888,0.72184,0.6142,0.59404,0.63036,0.49387,0.87747,0.78603,0.37819,0.47623,0.68492,0.68123,0.72798,0.72917,0.3597,0.48847,0.60423,0.5606,0.5189,0.46347,0.31305,0.26664,0.95792,0.93375,0.86174,0.87103,0.82845,0.82792,0.5242,0.56192,0.72595,0.74227,0.48683,0.57485,0.5294,0.51817,0.58689,0.57527,0.48724,0.24459,0.74158,0.58498,0.62725,0.61684,0.55662,0.60001,0.54107,0.581,0.64684,0.59085,0.32394,0.40167,0.41683,0.49719,0.71046,0.65175,0.53801,0.55006,0.50669,0.080327
0.72274,0.85143,0.72335,0.65576,0.63164,0.4919,0.77462,0.75365,0.62082,0.57206,0.84378,0.81043,0.70279,0.73607,0.65577,0.70231,0.93751,1,0.81203,0.84881,0.45466,0.46402,0.73897,0.7097,0.54702,0.57354,0.46908,0.49708,0.88266,0.89817,0.77215,0.81118,0.87163,0.91771,0.59137,0.62601,0.57752,0.56962,0.55031,0.59119,0.73062,0.60284,0.66476,0.65042,0.59108,0.65362,0.69152,0.62597,0.60761,0.56193,0.57445,0.53748,0.54143,0.4106,0.53062,0.51105,0.86572,0.79966,0.70685,0.64019,0.72659,0.57825,0.80504,0.83106,0.50121,0.55046,0.72942,0.73715,0.77792,0.72695,0.46567,0.58765,0.64133,0.61109,0.57766,0.54627,0.35919,0.36363,0.91212,0.95035,0.77392,0.83033,0.76179,0.80137,0.46733,0.51004,0.68106,0.72813,0.41185,0.46249,0.56167,0.51477,0.5991,0.60399,0.46917,0.26363,0.73424,0.55886,0.64121,0.60075,0.57076,0.61885,0.5729,0.60034,0.62361,0.61707,0.39258,0.42696,0.44121,0.50633,0.72301,0.66055,0.58321,0.55461,0.49516,0.03384
0.88988,0.91305,0.86671,0.8633,0.79706,0.74028,0.83099,0.85747,0.72435,0.78636,0.78864,0.78966,0.80606,0.77438,0.82435,0.7743,0.81756,0.81203,1,0.969,0.66622,0.66873,0.84589,0.84941,0.70871,0.74279,0.56035,0.6785,0.74368,0.75366,0.69786,0.73433,0.91899,0.8875,0.72958,0.72345,0.7998,0.78598,0.74471,0.7673,0.78074,0.73011,0.77435,0.75514,0.71131,0.769,0.77622,0.7642,0.77813,0.76489,0.76876,0.73588,0.72064,0.65731,0.71337,0.70479,0.89941,0.83824,0.79137,0.78913,0.75697,0.67687,0.85655,0.79953,0.58067,0.68021,0.84187,0.82938,0.8816,0.84781,0.44062,0.5696,0.67587,0.58518,0.59145,0.51841,0.3552,0.2814,0.80623,0.74369,0.84923,0.83804,0.7628,0.7592,0.68866,0.67911,0.73992,0.77056,0.70252,0.68815,0.79307,0.75567,0.81907,0.77389,0.54499,0.29392,0.85291,0.7559,0.82178,0.80148,0.75226,0.75936,0.75698,0.7719,0.79409,0.77438,0.48632,0.57066,0.42193,0.54065,0.88257,0.81983,0.74708,0.70431,0.71503,-0.065229
0.86205,0.92107,0.81039,0.80823,0.7524,0.65919,0.78336,0.80607,0.70605,0.71784,0.76313,0.75612,0.74084,0.72607,0.76689,0.74977,0.85499,0.84881,0.969,1,0.64548,0.63533,0.78516,0.79883,0.65351,0.6889,0.52973,0.6055,0.77587,0.77535,0.69335,0.74093,0.9304,0.91095,0.71195,0.73263,0.7656,0.75673,0.73675,0.74409,0.78366,0.72381,0.74075,0.71825,0.67831,0.74519,0.74439,0.72227,0.74394,0.71785,0.72057,0.68781,0.6661,0.58482,0.66646,0.65204,0.92416,0.86008,0.79369,0.78064,0.77362,0.67637,0.86251,0.84904,0.55437,0.67346,0.83702,0.83143,0.90831,0.87506,0.42386,0.53555,0.67375,0.58628,0.58071,0.50698,0.38898,0.32003,0.84253,0.78945,0.84601,0.84351,0.7608,0.78293,0.62025,0.63912,0.71219,0.7476,0.64834,0.64014,0.74171,0.71325,0.77251,0.73694,0.57263,0.30778,0.8504,0.73427,0.77745,0.75251,0.71335,0.73142,0.72162,0.7356,0.76551,0.72304,0.49621,0.58394,0.46791,0.58129,0.87837,0.79492,0.70666,0.6559,0.66612,-0.012605
0.66408,0.52612,0.74402,0.71167,0.6569,0.58632,0.64856,0.63054,0.74598,0.71458,0.53739,0.51651,0.68927,0.64306,0.74806,0.70509,0.51896,0.45466,0.66622,0.64548,1,0.92404,0.68201,0.67026,0.64872,0.70078,0.51713,0.58992,0.59318,0.57491,0.63905,0.62134,0.55109,0.52836,0.57753,0.58121,0.8154,0.85506,0.77756,0.79919,0.7551,0.83778,0.55133,0.5433,0.47519,0.53594,0.56765,0.58794,0.62722,0.59966,0.66476,0.5726,0.65675,0.63959,0.65657,0.6353,0.5538,0.42597,0.44053,0.52792,0.38322,0.37256,0.58799,0.41698,0.3445,0.41143,0.5197,0.47654,0.51334,0.54042,0.47917,0.51917,0.66087,0.54373,0.60581,0.52619,0.30074,0.15341,0.49076,0.38537,0.63748,0.58175,0.61558,0.68869,0.57171,0.57271,0.55912,0.65702,0.71998,0.69161,0.75503,0.71115,0.80158,0.77487,0.55153,0.34524,0.73882,0.65346,0.73153,0.7026,0.77634,0.76838,0.73792,0.73118,0.74544,0.69,0.5665,0.57169,0.38677,0.52574,0.73473,0.69129,0.68226,0.64787,0.65018,-0.016693
0.65629,0.50096,0.71266,0.6706,0.65418,0.577,0.63302,0.59973,0.69625,0.69763,0.51439,0.48617,0.65554,0.59933,0.74518,0.71155,0.5382,0.46402,0.66873,0.63533,0.92404,1,0.64652,0.65621,0.61277,0.67837,0.46146,0.56384,0.59394,0.58938,0.60925,0.60754,0.54863,0.52527,0.55385,0.5692,0.76821,0.81503,0.74654,0.79488,0.74681,0.8224,0.50941,0.50446,0.43681,0.50462,0.54614,0.5541,0.59046,0.55677,0.6299,0.54498,0.60549,0.60781,0.61058,0.63613,0.55278,0.38877,0.41172,0.49581,0.35368,0.32197,0.59948,0.40912,0.27511,0.37204,0.50216,0.46125,0.48951,0.51236,0.42756,0.50769,0.6087,0.54622,0.54838,0.50465,0.33414,0.17551,0.50379,0.43006,0.63101,0.57681,0.59883,0.68783,0.53161,0.54244,0.54215,0.65143,0.65909,0.69711,0.72265,0.69581,0.76265,0.77043,0.50913,0.30408,0.71655,0.64554,0.73041,0.69935,0.74256,0.7576,0.71244,0.71405,0.71026,0.65572,0.53356,0.52773,0.37171,0.51426,0.70904,0.69989,0.67531,0.62168,0.59596,-0.11496
0.85372,0.84272,0.93018,0.90143,0.76886,0.69765,0.88883,0.90021,0.76272,0.78354,0.83568,0.9007,0.91699,0.90378,0.83968,0.82625,0.69446,0.73897,0.84589,0.78516,0.68201,0.64652,1,0.96527,0.79483,0.83501,0.66056,0.76455,0.68887,0.73801,0.79319,0.79972,0.81007,0.81182,0.77178,0.7115,0.76221,0.73828,0.68483,0.73306,0.72554,0.65492,0.81138,0.80596,0.77517,0.80473,0.82031,0.81661,0.82403,0.78964,0.81243,0.78999,0.79719,0.73458,0.78542,0.74278,0.76232,0.73943,0.70669,0.74845,0.63614,0.62209,0.76129,0.67042,0.6206,0.69468,0.76858,0.77132,0.74475,0.72038,0.54968,0.69957,0.61425,0.51473,0.57645,0.49318,0.17385,0.13122,0.69502,0.64841,0.79346,0.82203,0.77956,0.75595,0.80739,0.80866,0.80601,0.86636,0.76757,0.73626,0.79029,0.69219,0.82006,0.75298,0.4839,0.29491,0.81824,0.71301,0.7838,0.74452,0.74276,0.71761,0.7204,0.69875,0.80186,0.85059,0.50108,0.5226,0.2931,0.45474,0.79472,0.75554,0.72712,0.68912,0.65964,-0.11977
0.89159,0.8416,0.90199,0.91465,0.76282,0.71634,0.8424,0.88733,0.74099,0.79472,0.79156,0.86352,0.90612,0.87537,0.86313,0.86942,0.6947,0.7097,0.84941,0.79883,0.67026,0.65621,0.96527,1,0.81521,0.90232,0.6715,0.80249,0.65543,0.69968,0.74557,0.77033,0.82375,0.8133,0.82235,0.76712,0.76796,0.72725,0.71612,0.75867,0.74033,0.62919,0.81533,0.82319,0.75589,0.79786,0.82418,0.83254,0.80606,0.77002,0.80374,0.79121,0.78935,0.7408,0.80343,0.78659,0.80276,0.73747,0.6711,0.73109,0.61589,0.61766,0.77011,0.66564,0.59758,0.73217,0.76121,0.77732,0.74294,0.73968,0.45631,0.61399,0.54181,0.44649,0.49095,0.41083,0.13526,0.073673,0.71428,0.64997,0.81539,0.85494,0.79977,0.76975,0.84522,0.87324,0.83379,0.88539,0.79635,0.79838,0.75026,0.67698,0.79074,0.71548,0.54327,0.33092,0.84086,0.74846,0.76859,0.7454,0.7157,0.68105,0.67763,0.66054,0.78876,0.81104,0.43409,0.48293,0.3231,0.50924,0.80504,0.73156,0.66731,0.63019,0.60142,-0.13486
0.68207,0.6624,0.78097,0.78953,0.78609,0.71386,0.72006,0.79182,0.61391,0.7132,0.66218,0.68833,0.74517,0.75256,0.79536,0.76332,0.56395,0.54702,0.70871,0.65351,0.64872,0.61277,0.79483,0.81521,1,0.87164,0.76191,0.86527,0.57768,0.61004,0.69475,0.66694,0.66991,0.6617,0.65115,0.61303,0.64683,0.63883,0.5274,0.5826,0.66975,0.59568,0.62882,0.66644,0.55627,0.62045,0.62768,0.64284,0.65173,0.64831,0.71071,0.67843,0.68177,0.69246,0.61709,0.65623,0.64753,0.54065,0.48885,0.54228,0.46948,0.45444,0.60641,0.53998,0.49947,0.57321,0.5744,0.5629,0.54138,0.52202,0.52924,0.63083,0.59056,0.50332,0.5289,0.47036,0.28968,0.18622,0.5399,0.479,0.61808,0.65437,0.64604,0.58968,0.66906,0.6847,0.6601,0.67434,0.63743,0.69953,0.67872,0.65732,0.7309,0.70539,0.34722,0.16926,0.64589,0.56792,0.66767,0.67476,0.72403,0.68903,0.66314,0.63031,0.60212,0.68316,0.34191,0.33003,0.18327,0.37706,0.68398,0.62461,0.60366,0.66186,0.53497,-0.099066
0.82829,0.6953,0.78367,0.81831,0.70266,0.68101,0.69172,0.78311,0.69631,0.74747,0.6777,0.7196,0.86043,0.80147,0.88443,0.88473,0.62852,0.57354,0.74279,0.6889,0.70078,0.67837,0.83501,0.90232,0.87164,1,0.73578,0.84807,0.60024,0.62495,0.69972,0.70307,0.69822,0.68667,0.78671,0.73584,0.75238,0.70551,0.69281,0.73127,0.73283,0.62073,0.74408,0.76776,0.64442,0.66901,0.75295,0.76672,0.70287,0.6297,0.72914,0.68146,0.74876,0.70242,0.78005,0.78453,0.73599,0.55585,0.45415,0.53214,0.4351,0.42545,0.70082,0.49635,0.43751,0.578,0.57989,0.59311,0.57301,0.59773,0.38609,0.50091,0.48425,0.37614,0.41826,0.30949,0.086359,-0.021426,0.6393,0.54549,0.74795,0.77572,0.77316,0.74812,0.83426,0.8407,0.7687,0.83493,0.78539,0.80219,0.64434,0.58224,0.71529,0.64969,0.54319,0.36943,0.76416,0.7093,0.67569,0.68084,0.68362,0.63635,0.60816,0.58729,0.70802,0.71484,0.32934,0.37188,0.29669,0.51749,0.72583,0.61433,0.52199,0.5799,0.54346,-0.059058
0.57751,0.55183,0.65879,0.69382,0.50926,0.4719,0.67171,0.72799,0.6329,0.63387,0.6415,0.64717,0.69097,0.70489,0.64518,0.61167,0.4425,0.46908,0.56035,0.52973,0.51713,0.46146,0.66056,0.6715,0.76191,0.73578,1,0.86468,0.52028,0.53156,0.72914,0.68358,0.55251,0.57982,0.54053,0.59986,0.55858,0.53315,0.3874,0.43713,0.55011,0.48797,0.55176,0.53037,0.4165,0.46448,0.54604,0.51196,0.48824,0.46352,0.56941,0.50345,0.51891,0.45723,0.50702,0.44779,0.49324,0.40205,0.34906,0.36957,0.42545,0.48418,0.48554,0.45178,0.51808,0.55966,0.41921,0.43516,0.43376,0.40881,0.60526,0.62077,0.59483,0.49789,0.55016,0.45077,0.32235,0.30598,0.43431,0.36669,0.4708,0.48921,0.54335,0.54402,0.58956,0.54579,0.42692,0.50005,0.56517,0.52001,0.62218,0.50733,0.62951,0.53988,0.29635,0.17088,0.51718,0.42565,0.53424,0.49989,0.60454,0.54274,0.58612,0.51959,0.46981,0.62009,0.3701,0.32711,0.22625,0.34955,0.56798,0.49409,0.46613,0.48284,0.50185,0.048184
0.68992,0.62568,0.75834,0.82341,0.67821,0.74735,0.71894,0.82444,0.63964,0.78656,0.68082,0.70281,0.76835,0.76916,0.79297,0.73741,0.51124,0.49708,0.6785,0.6055,0.58992,0.56384,0.76455,0.80249,0.86527,0.84807,0.86468,1,0.53182,0.56615,0.67038,0.65685,0.62402,0.62271,0.61964,0.62914,0.65726,0.63724,0.52701,0.56567,0.6553,0.56814,0.64234,0.63799,0.50326,0.55032,0.62307,0.61885,0.59089,0.58089,0.70019,0.65205,0.6641,0.65929,0.64356,0.64831,0.60625,0.46819,0.41458,0.45655,0.43533,0.46744,0.5784,0.46351,0.48646,0.58045,0.49404,0.49646,0.48896,0.47648,0.52639,0.61278,0.56939,0.46741,0.52127,0.42233,0.28094,0.21124,0.50846,0.41303,0.60017,0.60465,0.64311,0.58228,0.70856,0.6911,0.62057,0.62926,0.70006,0.70438,0.70176,0.63778,0.74024,0.65568,0.3453,0.16743,0.59984,0.54124,0.63483,0.64831,0.69698,0.6369,0.64322,0.58914,0.59699,0.69333,0.34567,0.28252,0.16838,0.31978,0.63866,0.58318,0.56257,0.59954,0.56422,-0.0096597
0.66408,0.71751,0.69047,0.63916,0.64218,0.50493,0.76011,0.75426,0.71226,0.65634,0.85811,0.78003,0.72578,0.77166,0.73196,0.78187,0.89851,0.88266,0.74368,0.77587,0.59318,0.59394,0.68887,0.65543,0.57768,0.60024,0.52028,0.53182,1,0.9602,0.85187,0.87934,0.74127,0.82861,0.4929,0.5353,0.59193,0.59658,0.54679,0.59005,0.79129,0.68883,0.56405,0.55148,0.45381,0.49518,0.58076,0.51739,0.48463,0.3977,0.48508,0.39218,0.46851,0.33675,0.4489,0.42078,0.75011,0.58941,0.50311,0.43939,0.58508,0.46399,0.7881,0.74198,0.46254,0.44166,0.54077,0.52446,0.59725,0.56211,0.55359,0.62248,0.71914,0.68837,0.63791,0.60264,0.3701,0.35344,0.84938,0.84582,0.72353,0.7433,0.80052,0.882,0.43919,0.46112,0.60937,0.6892,0.42499,0.45815,0.54711,0.45316,0.61732,0.57966,0.51134,0.2879,0.6565,0.45106,0.5522,0.50408,0.62802,0.63875,0.59372,0.58783,0.56753,0.56238,0.37762,0.34336,0.43008,0.49525,0.64914,0.56627,0.54064,0.54375,0.51036,0.12364
0.65638,0.74462,0.74167,0.68364,0.6678,0.52974,0.81044,0.79562,0.71205,0.68473,0.86323,0.8269,0.73254,0.81717,0.72136,0.80049,0.87176,0.89817,0.75366,0.77535,0.57491,0.58938,0.73801,0.69968,0.61004,0.62495,0.53156,0.56615,0.9602,1,0.87277,0.89844,0.74643,0.84089,0.47766,0.52109,0.56237,0.58388,0.50215,0.56478,0.76895,0.6807,0.55224,0.55384,0.47053,0.53068,0.57211,0.52062,0.51824,0.44709,0.51785,0.43704,0.4911,0.3677,0.4495,0.43996,0.73483,0.61259,0.54983,0.48399,0.60835,0.4786,0.76956,0.75508,0.47673,0.46711,0.5623,0.55723,0.60049,0.54479,0.61058,0.6973,0.72319,0.71812,0.64154,0.63474,0.38848,0.37745,0.82447,0.84828,0.69696,0.74646,0.75869,0.87114,0.42932,0.47849,0.61576,0.71781,0.41736,0.46029,0.58306,0.48915,0.66341,0.64421,0.47399,0.2744,0.65847,0.46875,0.5826,0.5386,0.69231,0.70423,0.6414,0.63824,0.59254,0.59103,0.41717,0.37802,0.40965,0.50412,0.66205,0.58848,0.59706,0.58277,0.48977,0.066497
0.63434,0.69183,0.80436,0.74326,0.6213,0.45613,0.85371,0.82366,0.77557,0.68298,0.81773,0.79984,0.76535,0.83718,0.69015,0.74006,0.72977,0.77215,0.69786,0.69335,0.63905,0.60925,0.79319,0.74557,0.69475,0.69972,0.72914,0.67038,0.85187,0.87277,1,0.96896,0.68877,0.78919,0.56604,0.59955,0.61026,0.61542,0.46904,0.52114,0.69938,0.63813,0.57679,0.56082,0.46294,0.52634,0.60184,0.52893,0.53037,0.4587,0.57506,0.47139,0.54076,0.42067,0.50096,0.43378,0.62358,0.53984,0.48253,0.44737,0.53196,0.48824,0.67879,0.66102,0.58905,0.53892,0.53025,0.53252,0.54423,0.47215,0.73089,0.79839,0.76599,0.73704,0.72414,0.69116,0.41361,0.41034,0.69658,0.67081,0.62244,0.65591,0.66589,0.76465,0.50292,0.51653,0.52667,0.66659,0.49709,0.46896,0.66194,0.5075,0.7002,0.65859,0.40118,0.24397,0.64608,0.43948,0.60164,0.5213,0.71771,0.70317,0.70145,0.67123,0.59695,0.6955,0.50517,0.45368,0.29593,0.4618,0.64725,0.57341,0.61368,0.61346,0.60671,0.05653
0.68178,0.74127,0.80801,0.76597,0.67294,0.49797,0.85988,0.83941,0.79637,0.70051,0.81355,0.82137,0.76776,0.83353,0.7073,0.76985,0.78446,0.81118,0.73433,0.74093,0.62134,0.60754,0.79972,0.77033,0.66694,0.70307,0.68358,0.65685,0.87934,0.89844,0.96896,1,0.7465,0.85049,0.59876,0.64252,0.61852,0.60574,0.49889,0.54278,0.71606,0.63469,0.61273,0.58927,0.50702,0.57554,0.63778,0.56276,0.55582,0.48205,0.60197,0.50047,0.57027,0.45133,0.52764,0.467,0.68446,0.58739,0.52321,0.48896,0.56269,0.5151,0.75552,0.7302,0.58165,0.57114,0.5773,0.58509,0.58467,0.53601,0.68653,0.77649,0.7313,0.70913,0.67506,0.65019,0.39642,0.40233,0.74519,0.72446,0.6865,0.71335,0.699,0.80578,0.51823,0.55689,0.57006,0.69485,0.52099,0.50607,0.65987,0.50787,0.70156,0.64436,0.47336,0.2797,0.67449,0.47048,0.61158,0.53517,0.71247,0.6947,0.69071,0.66708,0.61266,0.68175,0.50912,0.45896,0.33166,0.50486,0.67031,0.58744,0.61174,0.58089,0.57711,0.035989
0.85978,0.94801,0.81866,0.79966,0.77522,0.67339,0.80957,0.82092,0.65318,0.65902,0.77046,0.78596,0.75832,0.72222,0.75084,0.7169,0.86345,0.87163,0.91899,0.9304,0.55109,0.54863,0.81007,0.82375,0.66991,0.69822,0.55251,0.62402,0.74127,0.74643,0.68877,0.7465,1,0.96775,0.79631,0.79655,0.72868,0.67943,0.70144,0.70597,0.74859,0.63151,0.81048,0.79538,0.77256,0.84417,0.81448,0.79102,0.79832,0.79246,0.77956,0.77594,0.72045,0.65157,0.70804,0.69825,0.93821,0.91249,0.83613,0.8313,0.81382,0.73105,0.8683,0.88388,0.61198,0.74886,0.91081,0.91006,0.90011,0.88181,0.40827,0.55264,0.59989,0.5356,0.52961,0.4797,0.3476,0.30754,0.85139,0.82921,0.85745,0.88928,0.77738,0.74531,0.6559,0.69708,0.76429,0.76882,0.62751,0.67415,0.69677,0.68532,0.69967,0.67314,0.52008,0.26638,0.8562,0.72464,0.7768,0.75523,0.62256,0.64511,0.64098,0.66707,0.72709,0.72764,0.43283,0.52774,0.44088,0.54086,0.84973,0.79146,0.66662,0.62613,0.59251,-0.085738
0.82317,0.93345,0.81553,0.78953,0.76284,0.62991,0.84222,0.845,0.6837,0.6682,0.82606,0.83371,0.75581,0.76286,0.73336,0.73649,0.9063,0.91771,0.8875,0.91095,0.52836,0.52527,0.81182,0.8133,0.6617,0.68667,0.57982,0.62271,0.82861,0.84089,0.78919,0.85049,0.96775,1,0.74535,0.76671,0.67872,0.63567,0.63138,0.64895,0.75224,0.62669,0.7699,0.75355,0.70978,0.79131,0.78195,0.73351,0.72884,0.70311,0.72909,0.70319,0.67148,0.57079,0.6457,0.62478,0.90435,0.85861,0.7767,0.75358,0.78355,0.70019,0.88256,0.9045,0.6274,0.72737,0.84286,0.85214,0.83192,0.80058,0.48482,0.62094,0.64664,0.60515,0.56562,0.52953,0.37154,0.35769,0.88035,0.87082,0.83688,0.88385,0.78027,0.79209,0.60147,0.65823,0.72834,0.75349,0.56052,0.61286,0.65976,0.61287,0.67802,0.6412,0.50854,0.2751,0.80463,0.64382,0.71478,0.67978,0.62635,0.64386,0.63508,0.6527,0.67721,0.69881,0.4283,0.4964,0.42219,0.5468,0.7988,0.73056,0.63072,0.59418,0.56107,-0.033231
0.85682,0.74445,0.74395,0.74583,0.67159,0.60067,0.64697,0.66934,0.64324,0.5792,0.5782,0.61715,0.76273,0.62342,0.75282,0.69452,0.63945,0.59137,0.72958,0.71195,0.57753,0.55385,0.77178,0.82235,0.65115,0.78671,0.54053,0.61964,0.4929,0.47766,0.56604,0.59876,0.79631,0.74535,1,0.92271,0.77907,0.66829,0.77369,0.7203,0.63249,0.5252,0.85972,0.85148,0.78762,0.82047,0.86452,0.85872,0.79088,0.73716,0.78936,0.76189,0.81217,0.76508,0.85121,0.80616,0.77306,0.6942,0.5964,0.71808,0.52822,0.53739,0.75356,0.58136,0.54386,0.68806,0.78388,0.79146,0.71436,0.76544,0.20984,0.35672,0.35515,0.25963,0.31454,0.24675,0.091705,-0.00034939,0.67943,0.58591,0.81811,0.80767,0.74978,0.65406,0.85419,0.84971,0.78494,0.77419,0.80423,0.7908,0.6407,0.62516,0.61484,0.55583,0.52055,0.30868,0.83848,0.74493,0.7194,0.69795,0.5136,0.49079,0.51545,0.52981,0.73011,0.73528,0.37041,0.45072,0.33437,0.44499,0.75402,0.69179,0.52404,0.51261,0.57278,-0.054863
0.82864,0.73105,0.73005,0.74992,0.68029,0.58701,0.66986,0.69312,0.70172,0.61005,0.5831,0.60963,0.71212,0.6145,0.69105,0.66414,0.66733,0.62601,0.72345,0.73263,0.58121,0.5692,0.7115,0.76712,0.61303,0.73584,0.59986,0.62914,0.5353,0.52109,0.59955,0.64252,0.79655,0.76671,0.92271,1,0.7772,0.67634,0.74346,0.6564,0.63228,0.55925,0.802,0.77397,0.69388,0.78344,0.8154,0.77943,0.73575,0.70437,0.78223,0.73848,0.76746,0.68775,0.78716,0.72708,0.76493,0.66219,0.58559,0.69297,0.55335,0.59524,0.75678,0.63265,0.56434,0.72342,0.77178,0.78431,0.70665,0.75324,0.29787,0.41702,0.41369,0.33656,0.3746,0.31589,0.26239,0.18927,0.68331,0.60415,0.80041,0.78136,0.70328,0.67899,0.76149,0.77065,0.67257,0.69081,0.77326,0.7481,0.70412,0.6561,0.66741,0.59778,0.50868,0.26163,0.81843,0.67365,0.74017,0.70236,0.57223,0.56588,0.56934,0.60753,0.7089,0.71536,0.45711,0.47,0.40336,0.46696,0.76039,0.72103,0.57818,0.51708,0.55318,0.01811
0.83069,0.69907,0.76938,0.79611,0.68724,0.71004,0.67493,0.71482,0.73398,0.75741,0.61148,0.61123,0.77009,0.67543,0.81074,0.71918,0.64977,0.57752,0.7998,0.7656,0.8154,0.76821,0.76221,0.76796,0.64683,0.75238,0.55858,0.65726,0.59193,0.56237,0.61026,0.61852,0.72868,0.67872,0.77907,0.7772,1,0.92823,0.89156,0.84987,0.78553,0.8055,0.72801,0.70422,0.63414,0.67542,0.74426,0.74111,0.74594,0.71308,0.7891,0.70015,0.78052,0.72908,0.80605,0.76031,0.73017,0.60752,0.58429,0.67849,0.52143,0.53476,0.72565,0.55513,0.45281,0.563,0.68171,0.6633,0.68467,0.71822,0.38146,0.46134,0.6078,0.48306,0.52597,0.43411,0.28683,0.17715,0.63507,0.52305,0.80628,0.73634,0.73757,0.70186,0.76061,0.7279,0.69205,0.71553,0.84189,0.79991,0.79488,0.75753,0.78946,0.73848,0.57063,0.39032,0.84097,0.78485,0.79865,0.76137,0.70531,0.68481,0.70028,0.71085,0.83141,0.77397,0.53747,0.55568,0.44326,0.53811,0.83306,0.77119,0.6984,0.67647,0.73778,0.065759
0.77303,0.66949,0.77738,0.77808,0.64632,0.66801,0.67149,0.69675,0.72169,0.75453,0.62071,0.60448,0.74046,0.69267,0.76895,0.70811,0.61621,0.56962,0.78598,0.75673,0.85506,0.81503,0.73828,0.72725,0.63883,0.70551,0.53315,0.63724,0.59658,0.58388,0.61542,0.60574,0.67943,0.63567,0.66829,0.67634,0.92823,1,0.85066,0.88254,0.79441,0.87484,0.63583,0.61846,0.56997,0.62123,0.65553,0.66131,0.7082,0.68249,0.74817,0.65389,0.71922,0.68428,0.74314,0.72304,0.68557,0.58351,0.59718,0.6514,0.53357,0.5021,0.65284,0.51507,0.41177,0.50308,0.64703,0.62725,0.67397,0.67631,0.44332,0.51503,0.67628,0.54045,0.60101,0.49437,0.32907,0.21449,0.59523,0.4921,0.73619,0.67823,0.66458,0.6814,0.66738,0.64489,0.61713,0.67605,0.78733,0.74771,0.80928,0.77885,0.82803,0.80657,0.53869,0.4123,0.80823,0.76828,0.79802,0.77099,0.75713,0.76184,0.74847,0.76246,0.81639,0.7686,0.57752,0.59974,0.40395,0.54464,0.8119,0.76053,0.74045,0.70898,0.7519,0.03314
0.83726,0.66338,0.69225,0.70582,0.62249,0.65116,0.56687,0.60174,0.65369,0.66403,0.55704,0.54149,0.72043,0.58761,0.77991,0.71888,0.65553,0.55031,0.74471,0.73675,0.77756,0.74654,0.68483,0.71612,0.5274,0.69281,0.3874,0.52701,0.54679,0.50215,0.46904,0.49889,0.70144,0.63138,0.77369,0.74346,0.89156,0.85066,1,0.91478,0.78225,0.74882,0.73823,0.73302,0.64986,0.69486,0.76485,0.78962,0.74739,0.69982,0.76147,0.71803,0.77964,0.72547,0.85936,0.82383,0.75842,0.62062,0.56278,0.67258,0.50029,0.49488,0.73382,0.51537,0.33431,0.51922,0.67725,0.66437,0.67872,0.7566,0.15251,0.26176,0.44961,0.31842,0.38637,0.27029,0.07707,-0.05716,0.66127,0.54079,0.83506,0.77523,0.7684,0.72351,0.7487,0.75413,0.75343,0.75346,0.82477,0.82769,0.66281,0.67089,0.67731,0.61624,0.64649,0.43505,0.85007,0.81583,0.74042,0.73576,0.57646,0.57327,0.54748,0.5763,0.80206,0.6771,0.43827,0.49729,0.47605,0.54032,0.76481,0.70871,0.56919,0.52157,0.60818,0.020515
0.82068,0.67512,0.70815,0.69395,0.59391,0.62157,0.58942,0.61486,0.61636,0.65775,0.60963,0.58601,0.75713,0.64223,0.81636,0.76572,0.66311,0.59119,0.7673,0.74409,0.79919,0.79488,0.73306,0.75867,0.5826,0.73127,0.43713,0.56567,0.59005,0.56478,0.52114,0.54278,0.70597,0.64895,0.7203,0.6564,0.84987,0.88254,0.91478,1,0.82709,0.81841,0.72292,0.73148,0.67343,0.68678,0.74371,0.78554,0.74632,0.69178,0.71429,0.68078,0.72055,0.69865,0.8053,0.82734,0.75474,0.62683,0.58248,0.66117,0.50833,0.45241,0.69788,0.5026,0.30816,0.47236,0.66467,0.65304,0.68513,0.73106,0.2366,0.34292,0.53213,0.39197,0.44759,0.34362,0.10547,-0.040742,0.66807,0.56946,0.78305,0.76915,0.76084,0.74811,0.73088,0.72794,0.76443,0.79951,0.76352,0.8035,0.6446,0.67366,0.69847,0.66805,0.66836,0.49759,0.84918,0.86279,0.73685,0.75936,0.61154,0.6208,0.5824,0.60163,0.79407,0.6932,0.38418,0.52096,0.49053,0.63686,0.78858,0.72619,0.60855,0.56787,0.61534,-0.059067
0.78499,0.69377,0.7261,0.71088,0.66842,0.65547,0.68529,0.7204,0.68307,0.74171,0.72124,0.66679,0.76916,0.72287,0.8409,0.8285,0.80323,0.73062,0.78074,0.78366,0.7551,0.74681,0.72554,0.74033,0.66975,0.73283,0.55011,0.6553,0.79129,0.76895,0.69938,0.71606,0.74859,0.75224,0.63249,0.63228,0.78553,0.79441,0.78225,0.82709,1,0.85349,0.67292,0.66361,0.55331,0.59667,0.6808,0.66034,0.63755,0.56764,0.65426,0.56742,0.65293,0.59541,0.65829,0.6831,0.79202,0.59824,0.53204,0.56777,0.54164,0.45605,0.77942,0.63492,0.33822,0.45947,0.60498,0.58939,0.64562,0.65288,0.40788,0.50658,0.7209,0.63374,0.61707,0.53436,0.29126,0.17167,0.77484,0.68948,0.81162,0.77808,0.82037,0.8246,0.64395,0.64131,0.7396,0.78797,0.66143,0.71337,0.65176,0.6474,0.72002,0.70718,0.59822,0.34992,0.77237,0.71608,0.71677,0.71821,0.71751,0.70879,0.68915,0.6845,0.74784,0.68939,0.40325,0.44984,0.47328,0.57986,0.77417,0.71201,0.65231,0.6869,0.63169,0.027775
0.66234,0.60692,0.69777,0.6813,0.62218,0.58195,0.64182,0.65147,0.68085,0.70512,0.61727,0.56053,0.66446,0.64566,0.73742,0.6966,0.65028,0.60284,0.73011,0.72381,0.83778,0.8224,0.65492,0.62919,0.59568,0.62073,0.48797,0.56814,0.68883,0.6807,0.63813,0.63469,0.63151,0.62669,0.5252,0.55925,0.8055,0.87484,0.74882,0.81841,0.85349,1,0.55625,0.54188,0.48942,0.53659,0.56035,0.55951,0.6207,0.58756,0.62462,0.53128,0.59977,0.54854,0.58476,0.58328,0.6432,0.50795,0.55051,0.56703,0.53966,0.45109,0.656,0.53896,0.36434,0.42005,0.56618,0.53594,0.58592,0.55804,0.49303,0.53872,0.77553,0.69605,0.67239,0.61292,0.40506,0.284,0.61031,0.53981,0.67021,0.61893,0.65979,0.73442,0.53096,0.5095,0.57293,0.65279,0.63224,0.6243,0.7122,0.69415,0.75376,0.76015,0.54989,0.38657,0.70682,0.66633,0.72157,0.70322,0.7567,0.7592,0.73107,0.74014,0.71919,0.67393,0.49753,0.53183,0.51473,0.58187,0.74746,0.718,0.70736,0.69562,0.66244,0.054019
0.84609,0.76198,0.74489,0.73667,0.70455,0.66388,0.67844,0.7052,0.65286,0.63472,0.65075,0.6667,0.7917,0.65019,0.79291,0.69436,0.69986,0.66476,0.77435,0.74075,0.55133,0.50941,0.81138,0.81533,0.62882,0.74408,0.55176,0.64234,0.56405,0.55224,0.57679,0.61273,0.81048,0.7699,0.85972,0.802,0.72801,0.63583,0.73823,0.72292,0.67292,0.55625,1,0.96254,0.91059,0.87282,0.97522,0.95811,0.88697,0.80344,0.80025,0.79728,0.80489,0.75749,0.86431,0.80683,0.78479,0.70427,0.6472,0.75535,0.55241,0.582,0.77836,0.61064,0.47525,0.62689,0.80041,0.78164,0.72979,0.78246,0.2415,0.38501,0.44441,0.32928,0.40947,0.2901,0.11405,-0.0034765,0.72234,0.63646,0.84109,0.82525,0.79776,0.68716,0.83476,0.79715,0.80499,0.81273,0.77798,0.75799,0.66006,0.66966,0.65584,0.58344,0.46013,0.21237,0.82656,0.75995,0.77826,0.77597,0.55311,0.55209,0.55172,0.56105,0.73453,0.75397,0.37686,0.4488,0.30557,0.37101,0.77389,0.77274,0.59065,0.57804,0.60226,-0.077144
