1,0.92487,0.80363,0.78722,0.71906,0.61857,0.75342,0.72439,0.70748,0.63489,0.75827,0.78405,0.7657,0.68477,0.70883,0.68891,0.81683,0.7632,0.89539,0.87623,0.60885,0.52632,0.68691,0.63566,0.63521,0.61055,0.72097,0.57089,0.68899,0.63421,0.59954,0.54947,0.82216,0.81626,0.69891,0.72048,0.56616,0.55063,0.723,0.69828,0.68209,0.47189,0.82361,0.8192,0.80136,0.79878,0.84527,0.82003,0.81044,0.77088,0.77483,0.74577,0.7208,0.67729,0.80389,0.78196,0.94587,0.90535,0.81917,0.81264,0.81096,0.68065,0.86288,0.79048,0.54089,0.70957,0.8081,0.77735,0.86575,0.84045,0.27182,0.37504,0.44562,0.3842,0.22781,0.3097,0.26962,0.28568,0.80911,0.82004,0.86892,0.88594,0.71661,0.75491,0.81448,0.84368,0.61305,0.64527,0.78034,0.83391,0.53221,0.56664,0.33923,0.46543,0.4431,0.39213,0.68197,0.58673,0.65281,0.62561,0.4464,0.46641,0.33003,0.29775,0.3371,0.43132,0.34343,0.25729,0.14201,0.52422,0.57445,0.58591,0.3763,0.42228,0.21317,-0.11215
0.92487,1,0.76921,0.8012,0.71087,0.59728,0.75298,0.75634,0.68302,0.65068,0.69487,0.79665,0.72877,0.69588,0.68932,0.6883,0.7887,0.76878,0.86778,0.91512,0.61469,0.57767,0.67157,0.64015,0.59922,0.60628,0.70438,0.57339,0.67669,0.65332,0.61627,0.57734,0.84377,0.85552,0.65586,0.71009,0.62319,0.59671,0.77289,0.75019,0.68729,0.49093,0.8333,0.8421,0.82639,0.82852,0.86122,0.83556,0.8245,0.78249,0.75556,0.73538,0.69476,0.65404,0.80708,0.77358,0.90853,0.95709,0.79553,0.83574,0.74763,0.67646,0.80574,0.81262,0.47188,0.67295,0.82224,0.80993,0.89031,0.88337,0.28713,0.38515,0.44231,0.43469,0.24173,0.35833,0.3079,0.32639,0.80908,0.82602,0.83565,0.86655,0.69668,0.75723,0.7345,0.78803,0.5724,0.60734,0.73225,0.80467,0.56493,0.5543,0.40146,0.47566,0.52296,0.47468,0.77089,0.64642,0.70392,0.62339,0.4816,0.48245,0.34562,0.32677,0.38367,0.43946,0.42217,0.30984,0.25252,0.56735,0.63312,0.65709,0.4395,0.4664,0.26528,-0.073602
0.80363,0.76921,1,0.91059,0.84282,0.75782,0.92807,0.829,0.88073,0.78428,0.76213,0.81421,0.89705,0.80936,0.87058,0.82474,0.78783,0.74975,0.78302,0.75394,0.79816,0.73266,0.93407,0.88548,0.79682,0.81129,0.83879,0.76859,0.75812,0.71202,0.83322,0.78678,0.81717,0.79467,0.7777,0.7554,0.65329,0.63212,0.70413,0.70313,0.69652,0.53812,0.79055,0.76066,0.767,0.74923,0.80412,0.7897,0.78087,0.74594,0.74898,0.72458,0.69292,0.6898,0.7397,0.73424,0.78306,0.76991,0.76127,0.72434,0.78537,0.60314,0.78339,0.69617,0.69886,0.74403,0.79536,0.75258,0.74335,0.71365,0.50698,0.55965,0.5901,0.54201,0.43218,0.44157,0.38274,0.3739,0.78136,0.75994,0.80234,0.82544,0.81404,0.80755,0.79431,0.79915,0.74116,0.75732,0.74704,0.78295,0.6532,0.72006,0.47919,0.68359,0.45582,0.45734,0.70192,0.6018,0.71186,0.69133,0.53334,0.59439,0.34352,0.42373,0.37977,0.50121,0.24198,0.22236,0.25673,0.52279,0.62053,0.6583,0.4969,0.49816,0.30752,-0.043843
0.78722,0.8012,0.91059,1,0.82196,0.80526,0.91433,0.92759,0.8705,0.84009,0.7215,0.85907,0.81398,0.84654,0.79888,0.84419,0.74792,0.71841,0.75914,0.79092,0.79565,0.77372,0.8804,0.91429,0.77742,0.82326,0.81141,0.76495,0.74276,0.73627,0.82499,0.81861,0.83386,0.83451,0.69423,0.74268,0.67312,0.67715,0.74064,0.73536,0.71934,0.59429,0.76605,0.76095,0.76296,0.76763,0.79102,0.77722,0.79505,0.75996,0.76882,0.72493,0.70789,0.68016,0.76113,0.73722,0.76072,0.76911,0.76295,0.76777,0.75395,0.68246,0.75055,0.7287,0.57027,0.76915,0.82031,0.82322,0.7601,0.74372,0.52677,0.58432,0.58853,0.57417,0.41573,0.46838,0.37752,0.4003,0.74228,0.73563,0.78693,0.80457,0.78312,0.84063,0.73826,0.81302,0.71254,0.75283,0.70799,0.77617,0.7192,0.67987,0.56711,0.63336,0.47257,0.48224,0.71103,0.60766,0.72933,0.66564,0.56766,0.56611,0.36404,0.41815,0.41897,0.4661,0.3116,0.24587,0.30449,0.52368,0.63006,0.66603,0.51843,0.51243,0.38014,-0.034678
0.71906,0.71087,0.84282,0.82196,1,0.79759,0.83354,0.7678,0.8967,0.76975,0.63491,0.66056,0.73969,0.66609,0.78089,0.72305,0.69479,0.65949,0.69956,0.7038,0.75013,0.67564,0.81442,0.78792,0.78129,0.69635,0.82077,0.69091,0.66244,0.63077,0.73994,0.69983,0.75696,0.73576,0.6966,0.73349,0.59631,0.60506,0.65558,0.60583,0.67305,0.54308,0.75359,0.7236,0.74332,0.734,0.75315,0.73485,0.76985,0.73628,0.74419,0.67463,0.64156,0.67477,0.65059,0.66364,0.74094,0.72446,0.73538,0.71206,0.74282,0.61472,0.69837,0.65298,0.60388,0.71533,0.74862,0.71314,0.74343,0.72723,0.48936,0.52126,0.57346,0.51739,0.43589,0.47731,0.47285,0.41833,0.67735,0.66566,0.68334,0.72004,0.67752,0.70381,0.67321,0.69042,0.6845,0.6593,0.67311,0.71143,0.68521,0.68829,0.52852,0.61102,0.45495,0.48582,0.68993,0.61474,0.7215,0.66973,0.49472,0.52101,0.3555,0.379,0.38921,0.40109,0.3015,0.21726,0.29917,0.49279,0.68432,0.68333,0.55241,0.53238,0.295,-0.029769
0.61857,0.59728,0.75782,0.80526,0.79759,1,0.7226,0.74222,0.82477,0.84052,0.59605,0.66491,0.69263,0.74338,0.6867,0.71468,0.61764,0.59061,0.54187,0.56721,0.77315,0.74056,0.73943,0.78292,0.71991,0.71847,0.76581,0.82881,0.59617,0.61702,0.6969,0.7219,0.63886,0.64459,0.59594,0.62274,0.58523,0.61198,0.54099,0.59762,0.59393,0.54921,0.68436,0.64397,0.65825,0.68321,0.67776,0.67577,0.73767,0.73269,0.72868,0.65998,0.69667,0.68245,0.62473,0.6477,0.62819,0.61569,0.69842,0.70585,0.62126,0.56519,0.54046,0.50176,0.4126,0.64036,0.67912,0.68297,0.62787,0.61681,0.50551,0.50918,0.53263,0.47246,0.46972,0.41183,0.3442,0.30659,0.56701,0.54899,0.6065,0.62818,0.61617,0.66292,0.58013,0.60764,0.71192,0.71052,0.57815,0.62498,0.65281,0.66111,0.43842,0.52647,0.23138,0.3092,0.53615,0.4741,0.62316,0.65472,0.5166,0.47458,0.22457,0.30769,0.2689,0.31168,0.1217,0.12453,0.20828,0.34049,0.55951,0.61181,0.45387,0.43194,0.2624,-0.11012
0.75342,0.75298,0.92807,0.91433,0.83354,0.7226,1,0.92263,0.90676,0.8216,0.79918,0.85267,0.86532,0.8602,0.83608,0.83884,0.75482,0.73204,0.77106,0.75619,0.72622,0.73136,0.85553,0.84224,0.67622,0.73153,0.70827,0.63852,0.77986,0.7532,0.82282,0.81293,0.8367,0.82449,0.63049,0.66997,0.65444,0.6347,0.6797,0.64764,0.71777,0.59207,0.72278,0.703,0.70735,0.68927,0.74683,0.7235,0.72945,0.67633,0.69751,0.65718,0.62844,0.61181,0.69258,0.66362,0.72336,0.72709,0.72372,0.68667,0.81655,0.67903,0.78026,0.77238,0.58433,0.69765,0.75876,0.72582,0.71214,0.6908,0.59137,0.6529,0.64499,0.62104,0.48264,0.52361,0.46348,0.48705,0.7463,0.73089,0.75088,0.77753,0.76139,0.81716,0.71971,0.74552,0.65432,0.68246,0.71086,0.72059,0.67523,0.67578,0.54553,0.66181,0.48587,0.47342,0.69582,0.60047,0.73383,0.65524,0.54812,0.59086,0.39402,0.46731,0.41327,0.44159,0.29704,0.24699,0.31618,0.52981,0.6095,0.66262,0.51188,0.5099,0.35979,-0.020262
0.72439,0.75634,0.829,0.92759,0.7678,0.74222,0.92263,1,0.82914,0.84673,0.74054,0.87936,0.78156,0.88687,0.73037,0.81257,0.69073,0.69586,0.72427,0.74096,0.67819,0.71354,0.7737,0.81567,0.60134,0.68622,0.65915,0.60813,0.71295,0.73688,0.77831,0.80544,0.79642,0.82115,0.54233,0.63142,0.63156,0.61402,0.68057,0.65533,0.67504,0.58345,0.6858,0.68694,0.67286,0.67406,0.72344,0.699,0.70821,0.67006,0.67984,0.64641,0.62764,0.593,0.68291,0.6544,0.67783,0.70375,0.68804,0.71286,0.74692,0.77318,0.71523,0.78129,0.45179,0.70451,0.72812,0.74791,0.6867,0.67816,0.54747,0.62736,0.5908,0.59449,0.4127,0.47767,0.36842,0.41495,0.67864,0.69498,0.72205,0.74312,0.68956,0.79113,0.64531,0.71773,0.58082,0.62149,0.64473,0.69054,0.66854,0.60627,0.55016,0.5552,0.43784,0.4218,0.64255,0.55206,0.68328,0.58418,0.5095,0.50275,0.33739,0.38017,0.35201,0.34679,0.28443,0.22868,0.26518,0.47246,0.55249,0.60573,0.47953,0.45128,0.35569,-0.05716
0.70748,0.68302,0.88073,0.8705,0.8967,0.82477,0.90676,0.82914,1,0.85957,0.71209,0.75064,0.8129,0.77312,0.82,0.80594,0.72578,0.68584,0.71696,0.70503,0.75097,0.73425,0.83282,0.8343,0.71192,0.74542,0.72496,0.71004,0.73001,0.69372,0.80087,0.79068,0.76638,0.75507,0.62648,0.65314,0.61394,0.58311,0.57885,0.5764,0.65228,0.52664,0.7158,0.6709,0.6977,0.68083,0.70694,0.69046,0.74106,0.66856,0.69939,0.61146,0.61956,0.60981,0.62437,0.60233,0.71238,0.68516,0.70059,0.65046,0.7437,0.58338,0.70548,0.68206,0.52752,0.64042,0.71814,0.67827,0.70997,0.67802,0.55841,0.60435,0.60173,0.54699,0.48696,0.49765,0.45293,0.44232,0.7102,0.68452,0.68265,0.73309,0.70145,0.76021,0.65524,0.69589,0.67103,0.69892,0.62694,0.65491,0.64962,0.65196,0.47194,0.60489,0.39809,0.40419,0.61482,0.5294,0.67093,0.62986,0.52531,0.54099,0.30007,0.40471,0.34214,0.37233,0.20509,0.20165,0.24702,0.44636,0.58083,0.64602,0.4508,0.45575,0.29808,-0.059595
0.63489,0.65068,0.78428,0.84009,0.76975,0.84052,0.8216,0.84673,0.85957,1,0.62844,0.74253,0.74598,0.80543,0.74301,0.77124,0.60708,0.59229,0.61138,0.61725,0.68773,0.702,0.77837,0.81444,0.64083,0.73052,0.66017,0.72531,0.64081,0.64132,0.76842,0.7888,0.67105,0.69403,0.54987,0.59166,0.6216,0.60917,0.54562,0.57338,0.60987,0.5502,0.64535,0.6057,0.61377,0.62434,0.63846,0.62018,0.68475,0.65149,0.65569,0.59182,0.63227,0.59318,0.58117,0.55983,0.60942,0.61712,0.64058,0.65782,0.65857,0.65439,0.57863,0.63562,0.45215,0.62006,0.63944,0.6309,0.62029,0.59662,0.54427,0.58683,0.56541,0.54352,0.47487,0.46488,0.36097,0.37932,0.6203,0.596,0.61869,0.65263,0.63701,0.70022,0.57572,0.61304,0.59155,0.62521,0.58549,0.64014,0.66432,0.63865,0.52485,0.56842,0.35106,0.33451,0.54418,0.46996,0.62089,0.58033,0.54756,0.47525,0.3014,0.37644,0.28238,0.31289,0.16674,0.16618,0.22535,0.35515,0.49271,0.58251,0.45013,0.40637,0.2994,-0.092823
0.75827,0.69487,0.76213,0.7215,0.63491,0.59605,0.79918,0.74054,0.71209,0.62844,1,0.84043,0.85826,0.81201,0.80938,0.83424,0.80669,0.79442,0.74795,0.72708,0.65163,0.60278,0.68575,0.64728,0.56448,0.57705,0.61663,0.53123,0.84821,0.82087,0.71964,0.72468,0.7242,0.77547,0.51418,0.52572,0.52483,0.53055,0.58153,0.57678,0.70397,0.58901,0.56973,0.56378,0.55587,0.54935,0.61803,0.5972,0.60214,0.53375,0.56412,0.54165,0.55255,0.48477,0.61524,0.59324,0.7071,0.6719,0.63084,0.5761,0.72418,0.52923,0.78835,0.75406,0.38038,0.51486,0.57956,0.57087,0.61109,0.57984,0.50349,0.57189,0.61573,0.57976,0.44071,0.46913,0.35518,0.43034,0.71143,0.75079,0.72135,0.76528,0.77842,0.82111,0.67129,0.6966,0.63016,0.65102,0.61496,0.61954,0.44,0.53535,0.26379,0.48353,0.45724,0.3972,0.60982,0.50078,0.58639,0.58283,0.33733,0.44697,0.22793,0.36484,0.29826,0.37315,0.18975,0.18485,0.19392,0.51576,0.46446,0.53163,0.36995,0.38602,0.25632,0.0011768
0.78405,0.79665,0.81421,0.85907,0.66056,0.66491,0.85267,0.87936,0.75064,0.74253,0.84043,1,0.84616,0.92789,0.76495,0.87576,0.78036,0.80309,0.75711,0.77501,0.68229,0.66646,0.74966,0.75239,0.58573,0.66456,0.65968,0.61106,0.80032,0.83007,0.76048,0.77627,0.75879,0.81253,0.53771,0.59958,0.64359,0.59387,0.67814,0.68702,0.70138,0.56852,0.68718,0.69307,0.6676,0.66808,0.72837,0.70244,0.70873,0.65446,0.66305,0.64628,0.65092,0.58313,0.71707,0.67538,0.72465,0.74173,0.68862,0.69882,0.73151,0.68438,0.75652,0.78742,0.42482,0.63387,0.6797,0.70346,0.66771,0.65371,0.4843,0.58191,0.57521,0.58734,0.39364,0.41434,0.27584,0.36548,0.74741,0.79724,0.78962,0.82998,0.7638,0.8567,0.69013,0.77002,0.60439,0.67379,0.63757,0.69124,0.52812,0.55149,0.32868,0.44741,0.44974,0.39628,0.63226,0.52559,0.62784,0.56433,0.3761,0.4077,0.18362,0.28975,0.26789,0.34439,0.18179,0.12526,0.20052,0.50328,0.4769,0.56016,0.36804,0.34309,0.26259,-0.040937
0.7657,0.72877,0.89705,0.81398,0.73969,0.69263,0.86532,0.78156,0.8129,0.74598,0.85826,0.84616,1,0.86358,0.89567,0.85178,0.77292,0.74834,0.7194,0.68797,0.72916,0.68148,0.83824,0.78939,0.71704,0.74068,0.7432,0.68727,0.78852,0.75046,0.76541,0.74817,0.70877,0.71995,0.63438,0.60283,0.59373,0.57009,0.62803,0.6466,0.68301,0.54557,0.68383,0.66849,0.67684,0.65118,0.72113,0.70017,0.68891,0.64888,0.64755,0.64445,0.64112,0.61295,0.68535,0.66311,0.73506,0.72466,0.66752,0.64826,0.76678,0.58651,0.80909,0.67358,0.61107,0.66391,0.65213,0.6346,0.6432,0.61819,0.50594,0.56492,0.58201,0.5492,0.43005,0.41704,0.362,0.38337,0.74835,0.75567,0.80127,0.80168,0.84109,0.81808,0.81618,0.77586,0.76253,0.76327,0.72186,0.71106,0.5751,0.66399,0.37469,0.61705,0.46572,0.40011,0.6544,0.53554,0.63984,0.62448,0.47167,0.55718,0.29848,0.42268,0.35035,0.43961,0.19071,0.1924,0.17777,0.53206,0.50837,0.57317,0.4283,0.41577,0.24854,-0.02993
0.68477,0.69588,0.80936,0.84654,0.66609,0.74338,0.8602,0.88687,0.77312,0.80543,0.81201,0.92789,0.86358,1,0.77251,0.87142,0.73005,0.7526,0.63759,0.66613,0.70751,0.72776,0.75998,0.79058,0.59946,0.68828,0.64111,0.6513,0.78287,0.819,0.78927,0.83334,0.69948,0.74625,0.495,0.54583,0.6563,0.61923,0.60992,0.63161,0.68215,0.60235,0.62868,0.62373,0.60859,0.61263,0.65506,0.64148,0.65079,0.61586,0.61316,0.59209,0.61692,0.55683,0.63503,0.6081,0.64741,0.66195,0.62857,0.64152,0.6935,0.65485,0.67951,0.68829,0.39363,0.61408,0.61818,0.64057,0.60109,0.59053,0.58105,0.63856,0.60727,0.6197,0.47727,0.44634,0.31721,0.38605,0.68882,0.72198,0.72445,0.74427,0.73561,0.82186,0.64445,0.69079,0.63473,0.68483,0.62431,0.63189,0.58001,0.59183,0.41523,0.50663,0.40012,0.38033,0.58326,0.48923,0.61327,0.57649,0.43791,0.46249,0.22206,0.3576,0.26561,0.31273,0.15922,0.115,0.2414,0.45466,0.46422,0.55411,0.41231,0.37767,0.26687,-0.015587
0.70883,0.68932,0.87058,0.79888,0.78089,0.6867,0.83608,0.73037,0.82,0.74301,0.80938,0.76495,0.89567,0.77251,1,0.90117,0.78404,0.74706,0.73148,0.71776,0.79931,0.69815,0.86994,0.81513,0.8147,0.80055,0.80405,0.7282,0.85179,0.79428,0.83317,0.77931,0.75443,0.76793,0.67554,0.59825,0.58699,0.60538,0.65758,0.66147,0.75875,0.64566,0.64997,0.62149,0.66332,0.62396,0.68891,0.65889,0.67449,0.60188,0.63357,0.59931,0.61313,0.59087,0.66856,0.6482,0.69642,0.68296,0.61619,0.58461,0.6957,0.50245,0.7622,0.68494,0.59911,0.60601,0.62197,0.58973,0.63352,0.60867,0.56503,0.58859,0.68673,0.63492,0.55109,0.55382,0.4506,0.49432,0.74568,0.76226,0.72958,0.7726,0.90631,0.86226,0.73625,0.72546,0.78458,0.79032,0.66129,0.69658,0.56873,0.64807,0.37836,0.63574,0.53598,0.51643,0.69557,0.60503,0.67304,0.65604,0.44585,0.53767,0.30382,0.43596,0.42387,0.53173,0.28673,0.24815,0.27817,0.59371,0.54812,0.59516,0.48539,0.50775,0.33348,0.043127
0.68891,0.6883,0.82474,0.84419,0.72305,0.71468,0.83884,0.81257,0.80594,0.77124,0.83424,0.87576,0.85178,0.87142,0.90117,1,0.81103,0.79696,0.73606,0.74239,0.81356,0.73879,0.83344,0.83699,0.73536,0.78103,0.73441,0.70232,0.89474,0.89021,0.88107,0.86653,0.76948,0.81565,0.57675,0.57409,0.60549,0.61673,0.66017,0.677,0.7556,0.67456,0.61675,0.60407,0.6376,0.6072,0.65251,0.63065,0.65322,0.56161,0.59355,0.54197,0.57339,0.52005,0.64456,0.61605,0.6707,0.65517,0.59237,0.57499,0.64885,0.53501,0.72075,0.71817,0.4296,0.56169,0.61682,0.62233,0.62171,0.59667,0.57749,0.62993,0.66809,0.65705,0.53107,0.54259,0.38197,0.47842,0.74769,0.78947,0.73553,0.7939,0.87707,0.93338,0.64259,0.72204,0.71965,0.78959,0.56428,0.62517,0.53005,0.55984,0.34245,0.50776,0.52393,0.4982,0.65256,0.55793,0.61699,0.5883,0.38519,0.42262,0.18045,0.34174,0.34908,0.4055,0.21561,0.1642,0.26772,0.58947,0.49872,0.56315,0.4284,0.42785,0.33486,0.084731
0.81683,0.7887,0.78783,0.74792,0.69479,0.61764,0.75482,0.69073,0.72578,0.60708,0.80669,0.78036,0.77292,0.73005,0.78404,0.81103,1,0.94809,0.83837,0.83534,0.75318,0.66242,0.7483,0.70575,0.65774,0.64927,0.71468,0.60649,0.90276,0.86648,0.79872,0.7579,0.85811,0.87844,0.67281,0.66222,0.59826,0.5964,0.68444,0.68164,0.73137,0.58071,0.71291,0.69996,0.71523,0.69189,0.71895,0.71647,0.69728,0.61063,0.60102,0.55082,0.55243,0.52876,0.64852,0.63657,0.86843,0.82134,0.67019,0.63669,0.65199,0.50117,0.78126,0.76044,0.44341,0.57575,0.72459,0.68059,0.79702,0.7589,0.42988,0.51218,0.59051,0.54871,0.42541,0.43456,0.37879,0.42699,0.94062,0.93749,0.8681,0.92797,0.81613,0.88807,0.67852,0.74643,0.62973,0.69386,0.5634,0.65579,0.43731,0.49427,0.2685,0.44605,0.53001,0.50684,0.70044,0.58426,0.60395,0.59044,0.38982,0.41086,0.21848,0.27217,0.34763,0.43266,0.25824,0.22383,0.25105,0.62524,0.58082,0.59704,0.37632,0.4478,0.26616,0.066381
0.7632,0.76878,0.74975,0.71841,0.65949,0.59061,0.73204,0.69586,0.68584,0.59229,0.79442,0.80309,0.74834,0.7526,0.74706,0.79696,0.94809,1,0.7824,0.8097,0.71178,0.65941,0.69912,0.65905,0.58523,0.59695,0.65886,0.56244,0.88716,0.90481,0.76773,0.75532,0.8126,0.85981,0.608,0.61174,0.59076,0.58123,0.65316,0.65541,0.70726,0.58366,0.68707,0.67688,0.68105,0.66381,0.70089,0.69529,0.67505,0.58363,0.56553,0.52034,0.52427,0.50761,0.61483,0.60855,0.81392,0.79876,0.63187,0.61372,0.60036,0.48024,0.71653,0.77331,0.38584,0.51507,0.66269,0.63777,0.74028,0.71077,0.41914,0.50378,0.58298,0.57889,0.44824,0.44834,0.34604,0.41215,0.87103,0.93186,0.79876,0.88738,0.77369,0.86405,0.61305,0.66784,0.59056,0.63511,0.51142,0.60159,0.42119,0.46761,0.25272,0.42932,0.49437,0.47945,0.68025,0.55654,0.60559,0.57362,0.3666,0.39973,0.20059,0.25343,0.33917,0.39793,0.25629,0.20512,0.24061,0.59566,0.55717,0.59921,0.37527,0.40615,0.24504,0.061357
0.89539,0.86778,0.78302,0.75914,0.69956,0.54187,0.77106,0.72427,0.71696,0.61138,0.74795,0.75711,0.7194,0.63759,0.73148,0.73606,0.83837,0.7824,1,0.9364,0.59877,0.53143,0.6883,0.62957,0.57329,0.5907,0.66651,0.5116,0.74347,0.68921,0.65821,0.59806,0.87167,0.87471,0.61244,0.6555,0.52389,0.5081,0.71294,0.64733,0.695,0.50262,0.73813,0.72819,0.7383,0.69237,0.76075,0.72596,0.69968,0.61161,0.61988,0.56859,0.55399,0.50642,0.70814,0.65634,0.84767,0.81377,0.67044,0.65861,0.70362,0.59544,0.84181,0.80142,0.47292,0.57562,0.74388,0.69672,0.85058,0.81257,0.31863,0.42531,0.52641,0.4868,0.30645,0.42226,0.34172,0.38745,0.83122,0.82219,0.81509,0.85936,0.72696,0.78848,0.70329,0.74253,0.55858,0.59649,0.64808,0.69467,0.4713,0.48277,0.31739,0.43309,0.48402,0.42896,0.68066,0.56283,0.61837,0.5416,0.38486,0.40987,0.29409,0.27006,0.3225,0.4084,0.32955,0.25097,0.15893,0.55729,0.55616,0.57608,0.37293,0.4268,0.28694,-0.071887
0.87623,0.91512,0.75394,0.79092,0.7038,0.56721,0.75619,0.74096,0.70503,0.61725,0.72708,0.77501,0.68797,0.66613,0.71776,0.74239,0.83534,0.8097,0.9364,1,0.64674,0.61122,0.6754,0.65056,0.5961,0.60787,0.68805,0.55131,0.75446,0.73957,0.67188,0.63285,0.89702,0.9148,0.61406,0.69608,0.59352,0.59026,0.75526,0.69792,0.72917,0.56402,0.76788,0.76841,0.77213,0.74883,0.78449,0.76005,0.74343,0.67033,0.66567,0.61662,0.5853,0.54421,0.72718,0.68931,0.86158,0.86376,0.71959,0.72301,0.70638,0.61101,0.80117,0.80412,0.41536,0.59343,0.78629,0.75929,0.90287,0.88546,0.33704,0.43204,0.52813,0.52276,0.33101,0.46969,0.36424,0.40791,0.81549,0.83723,0.7954,0.85872,0.73746,0.82063,0.66874,0.74994,0.58369,0.60786,0.65905,0.7146,0.54406,0.51828,0.39521,0.4656,0.54647,0.51365,0.75363,0.64084,0.68977,0.59783,0.43782,0.45537,0.32166,0.30788,0.35792,0.40748,0.40125,0.29563,0.28236,0.58923,0.63977,0.66224,0.4353,0.4737,0.31961,-0.032574
0.60885,0.61469,0.79816,0.79565,0.75013,0.77315,0.72622,0.67819,0.75097,0.68773,0.65163,0.68229,0.72916,0.70751,0.79931,0.81356,0.75318,0.71178,0.59877,0.64674,1,0.8675,0.86096,0.85757,0.85114,0.82478,0.86375,0.84875,0.79085,0.77049,0.87351,0.83949,0.75314,0.75207,0.73991,0.6998,0.72162,0.75582,0.72368,0.74087,0.78437,0.68735,0.66608,0.64194,0.66076,0.66705,0.66704,0.68197,0.6858,0.66147,0.66323,0.61915,0.61177,0.60776,0.66257,0.67593,0.6318,0.62595,0.6143,0.60929,0.56798,0.44126,0.59458,0.51407,0.53809,0.64498,0.70511,0.69849,0.65368,0.64581,0.63221,0.61359,0.67384,0.63159,0.5823,0.54441,0.45594,0.4589,0.71211,0.69462,0.70364,0.74645,0.83477,0.81084,0.63151,0.71673,0.77003,0.79206,0.58252,0.66248,0.62986,0.68703,0.4563,0.6227,0.53057,0.57868,0.70172,0.6495,0.65721,0.68824,0.49539,0.51897,0.25614,0.40421,0.46961,0.51388,0.20891,0.25434,0.37737,0.56111,0.68024,0.68094,0.5614,0.54107,0.43517,0.090168
0.52632,0.57767,0.73266,0.77372,0.67564,0.74056,0.73136,0.71354,0.73425,0.702,0.60278,0.66646,0.68148,0.72776,0.69815,0.73879,0.66242,0.65941,0.53143,0.61122,0.8675,1,0.75588,0.80812,0.70158,0.80777,0.68353,0.73458,0.72944,0.7434,0.82182,0.84481,0.69872,0.71313,0.544,0.58916,0.74305,0.75998,0.692,0.70557,0.74258,0.70028,0.62545,0.61473,0.62953,0.64599,0.63,0.64577,0.64851,0.61624,0.59153,0.5596,0.52695,0.54225,0.59451,0.59401,0.5663,0.58307,0.55029,0.55401,0.51748,0.41886,0.50098,0.48872,0.3673,0.52162,0.64667,0.65706,0.61728,0.61497,0.67755,0.66425,0.66904,0.64237,0.60511,0.56769,0.453,0.44671,0.64355,0.61828,0.60189,0.64221,0.74548,0.76524,0.50203,0.59183,0.69905,0.70572,0.5408,0.5474,0.65252,0.63944,0.55183,0.62246,0.46616,0.53286,0.68128,0.60222,0.66507,0.636,0.56572,0.60285,0.37224,0.49552,0.49661,0.44615,0.2672,0.28319,0.41517,0.5281,0.63696,0.6633,0.58244,0.52769,0.44072,0.102
0.68691,0.67157,0.93407,0.8804,0.81442,0.73943,0.85553,0.7737,0.83282,0.77837,0.68575,0.74966,0.83824,0.75998,0.86994,0.83344,0.7483,0.69912,0.6883,0.6754,0.86096,0.75588,1,0.95906,0.86149,0.84258,0.87148,0.82211,0.75571,0.70879,0.9018,0.84665,0.77044,0.75031,0.79057,0.73518,0.65668,0.6546,0.66862,0.67749,0.69973,0.5792,0.69133,0.66093,0.69191,0.67078,0.71041,0.69807,0.69569,0.6612,0.67097,0.6374,0.63026,0.63687,0.66416,0.6637,0.68958,0.67155,0.64484,0.61888,0.67761,0.53849,0.70085,0.60773,0.72038,0.72445,0.72641,0.6852,0.66682,0.6439,0.57391,0.59929,0.61305,0.57688,0.4624,0.4558,0.39762,0.39692,0.75023,0.71268,0.76096,0.78635,0.82804,0.80343,0.75665,0.78874,0.74119,0.77853,0.68258,0.7538,0.65547,0.71437,0.53252,0.70994,0.47917,0.48376,0.67245,0.58378,0.65934,0.64953,0.52126,0.56409,0.31489,0.43384,0.38858,0.51756,0.21696,0.18345,0.27392,0.51315,0.60431,0.642,0.52138,0.50512,0.3425,0.00068718
0.63566,0.64015,0.88548,0.91429,0.78792,0.78292,0.84224,0.81567,0.8343,0.81444,0.64728,0.75239,0.78939,0.79058,0.81513,0.83699,0.70575,0.65905,0.62957,0.65056,0.85757,0.80812,0.95906,1,0.84347,0.88076,0.82464,0.82049,0.72997,0.70462,0.89438,0.87065,0.74576,0.73617,0.71142,0.70334,0.6564,0.67392,0.65495,0.68592,0.68379,0.59729,0.65776,0.63953,0.6655,0.663,0.68013,0.67483,0.68191,0.65268,0.6516,0.62149,0.6191,0.62115,0.6452,0.64556,0.64549,0.63232,0.61808,0.60586,0.6308,0.54508,0.63849,0.57982,0.60587,0.71665,0.70904,0.69522,0.63829,0.62391,0.59456,0.6087,0.60942,0.58635,0.46865,0.46835,0.36731,0.37369,0.69965,0.66953,0.71695,0.74034,0.79477,0.80586,0.67902,0.76307,0.7276,0.78991,0.63492,0.72064,0.68748,0.69163,0.58323,0.68141,0.45581,0.47618,0.64946,0.57208,0.65467,0.62908,0.55604,0.56698,0.32593,0.43617,0.40019,0.48007,0.22989,0.1987,0.27922,0.49576,0.58663,0.6242,0.53894,0.51124,0.38393,0.0066577
0.63521,0.59922,0.79682,0.77742,0.78129,0.71991,0.67622,0.60134,0.71192,0.64083,0.56448,0.58573,0.71704,0.59946,0.8147,0.73536,0.65774,0.58523,0.57329,0.5961,0.85114,0.70158,0.86149,0.84347,1,0.88752,0.90292,0.83578,0.67253,0.61018,0.76407,0.69501,0.65635,0.63841,0.782,0.70425,0.59029,0.64115,0.66524,0.6857,0.70008,0.59531,0.6502,0.63101,0.67157,0.66563,0.68246,0.67047,0.67566,0.66301,0.67912,0.64835,0.65501,0.66136,0.67577,0.68399,0.64031,0.61824,0.60775,0.5923,0.58734,0.41173,0.62309,0.4647,0.66367,0.68779,0.67626,0.66096,0.60713,0.60797,0.48589,0.47258,0.57545,0.52082,0.45412,0.45672,0.36385,0.35243,0.63528,0.63236,0.69522,0.69835,0.81818,0.74143,0.72744,0.74618,0.83531,0.83694,0.66795,0.7238,0.62921,0.6778,0.45837,0.63297,0.49319,0.5217,0.66628,0.60345,0.64205,0.65234,0.49495,0.54235,0.36559,0.41116,0.4541,0.56182,0.34242,0.22368,0.29165,0.53943,0.61943,0.59359,0.52095,0.55541,0.39418,0.038966
0.61055,0.60628,0.81129,0.82326,0.69635,0.71847,0.73153,0.68622,0.74542,0.73052,0.57705,0.66456,0.74068,0.68828,0.80055,0.78103,0.64927,0.59695,0.5907,0.60787,0.82478,0.80777,0.84258,0.88076,0.88752,1,0.78731,0.80984,0.69795,0.64801,0.8041,0.77118,0.66518,0.6642,0.67552,0.64964,0.60232,0.6384,0.64647,0.68906,0.67232,0.57233,0.652,0.63009,0.67139,0.65895,0.66536,0.66132,0.67722,0.62663,0.62207,0.59889,0.59643,0.58537,0.63337,0.61303,0.60937,0.60761,0.57728,0.56363,0.56368,0.41834,0.59662,0.51771,0.54558,0.60227,0.65878,0.65061,0.58527,0.579,0.5254,0.53434,0.58181,0.53315,0.4499,0.44557,0.31322,0.33937,0.65864,0.63464,0.67985,0.67931,0.815,0.78184,0.64581,0.68654,0.76938,0.8174,0.6009,0.64419,0.61019,0.62111,0.4734,0.61182,0.43944,0.47049,0.62366,0.53173,0.61576,0.57615,0.52032,0.56008,0.36924,0.43149,0.42792,0.5016,0.30602,0.20379,0.26812,0.49838,0.52286,0.53829,0.48548,0.48412,0.38256,0.036082
0.72097,0.70438,0.83879,0.81141,0.82077,0.76581,0.70827,0.65915,0.72496,0.66017,0.61663,0.65968,0.7432,0.64111,0.80405,0.73441,0.71468,0.65886,0.66651,0.68805,0.86375,0.68353,0.87148,0.82464,0.90292,0.78731,1,0.87253,0.66207,0.63264,0.74366,0.68177,0.73367,0.71838,0.84761,0.78981,0.61609,0.65212,0.71354,0.71588,0.68349,0.57487,0.74215,0.71632,0.74433,0.73666,0.74888,0.74151,0.7509,0.74595,0.76494,0.72348,0.70586,0.70167,0.73339,0.74272,0.72623,0.71499,0.73013,0.72637,0.67138,0.54475,0.69232,0.55334,0.70599,0.78135,0.77004,0.7493,0.7128,0.70808,0.44332,0.46087,0.55102,0.50925,0.40236,0.42281,0.40354,0.38103,0.69249,0.67856,0.76121,0.76648,0.7974,0.74246,0.77421,0.78148,0.78914,0.78865,0.71564,0.79016,0.65406,0.72256,0.46229,0.63872,0.46512,0.49422,0.71009,0.63687,0.68412,0.70085,0.4621,0.51929,0.2909,0.36901,0.39929,0.52216,0.26094,0.21561,0.29929,0.51016,0.67744,0.66737,0.54236,0.5402,0.33198,-0.026869
0.57089,0.57339,0.76859,0.76495,0.69091,0.82881,0.63852,0.60813,0.71004,0.72531,0.53123,0.61106,0.68727,0.6513,0.7282,0.70232,0.60649,0.56244,0.5116,0.55131,0.84875,0.73458,0.82211,0.82049,0.83578,0.80984,0.87253,1,0.59971,0.58637,0.74825,0.71954,0.61997,0.62435,0.73871,0.69483,0.66144,0.67887,0.61327,0.68146,0.62309,0.55106,0.66425,0.61648,0.65194,0.66492,0.65573,0.66344,0.69444,0.68708,0.7035,0.65272,0.67657,0.65417,0.66064,0.6742,0.56588,0.57488,0.63751,0.63967,0.53005,0.41152,0.50463,0.40588,0.55736,0.65754,0.67965,0.67664,0.59093,0.5955,0.50224,0.49367,0.54406,0.51307,0.49376,0.44772,0.3696,0.34548,0.58073,0.55465,0.62483,0.63898,0.71433,0.67661,0.62195,0.64683,0.75873,0.78004,0.59117,0.66987,0.64721,0.70176,0.42965,0.61561,0.34543,0.39769,0.6164,0.55277,0.62356,0.68448,0.49455,0.5096,0.20619,0.36358,0.3155,0.47085,0.11199,0.15862,0.28245,0.38239,0.61514,0.64916,0.49695,0.47956,0.33528,-0.02732
0.68899,0.67669,0.75812,0.74276,0.66244,0.59617,0.77986,0.71295,0.73001,0.64081,0.84821,0.80032,0.78852,0.78287,0.85179,0.89474,0.90276,0.88716,0.74347,0.75446,0.79085,0.72944,0.75571,0.72997,0.67253,0.69795,0.66207,0.59971,1,0.95158,0.87506,0.85314,0.78777,0.83184,0.55975,0.54657,0.62932,0.63922,0.6763,0.64986,0.81382,0.70193,0.57737,0.56112,0.59098,0.56372,0.60701,0.59522,0.6076,0.51014,0.52915,0.48489,0.5033,0.45591,0.59457,0.56232,0.70472,0.67157,0.55644,0.52356,0.60469,0.43556,0.687,0.71474,0.36487,0.48479,0.58535,0.5666,0.63295,0.60403,0.61762,0.66728,0.7404,0.69584,0.59664,0.59191,0.44199,0.54472,0.83286,0.87077,0.75166,0.82678,0.88052,0.93664,0.59473,0.67331,0.65311,0.71205,0.52108,0.57629,0.44865,0.4913,0.29563,0.48687,0.61121,0.59778,0.68688,0.58722,0.60449,0.57603,0.38001,0.43102,0.23403,0.36662,0.41522,0.48197,0.28518,0.21565,0.35439,0.69235,0.52588,0.55198,0.42774,0.46882,0.37467,0.2103
0.63421,0.65332,0.71202,0.73627,0.63077,0.61702,0.7532,0.73688,0.69372,0.64132,0.82087,0.83007,0.75046,0.819,0.79428,0.89021,0.86648,0.90481,0.68921,0.73957,0.77049,0.7434,0.70879,0.70462,0.61018,0.64801,0.63264,0.58637,0.95158,1,0.83945,0.85739,0.76815,0.83172,0.51425,0.53832,0.63871,0.64996,0.65876,0.6524,0.77506,0.70686,0.57836,0.56937,0.58205,0.56753,0.60604,0.59645,0.59834,0.50657,0.5234,0.47351,0.49381,0.45691,0.58353,0.56264,0.66054,0.64482,0.54248,0.52562,0.57455,0.46233,0.6461,0.71471,0.31203,0.4709,0.57055,0.57729,0.61483,0.59467,0.59816,0.65778,0.71361,0.71443,0.60758,0.597,0.43333,0.54471,0.77234,0.84133,0.70956,0.7943,0.83246,0.92436,0.55201,0.62811,0.6368,0.68833,0.4872,0.53403,0.47724,0.50203,0.30804,0.47469,0.57276,0.57539,0.67982,0.58284,0.62532,0.58835,0.3773,0.42305,0.2082,0.34328,0.3838,0.42584,0.25892,0.17459,0.36304,0.65245,0.52854,0.59358,0.44639,0.453,0.37202,0.19052
0.59954,0.61627,0.83322,0.82499,0.73994,0.6969,0.82282,0.77831,0.80087,0.76842,0.71964,0.76048,0.76541,0.78927,0.83317,0.88107,0.79872,0.76773,0.65821,0.67188,0.87351,0.82182,0.9018,0.89438,0.76407,0.8041,0.74366,0.74825,0.87506,0.83945,1,0.96762,0.78313,0.80774,0.64752,0.63208,0.71193,0.69678,0.66748,0.66441,0.76464,0.66811,0.5935,0.56697,0.60333,0.58696,0.60088,0.60364,0.6237,0.55133,0.56056,0.50457,0.51775,0.49471,0.56456,0.54726,0.62647,0.61512,0.54572,0.52844,0.57062,0.46375,0.60227,0.62556,0.46937,0.55437,0.63878,0.61995,0.62366,0.601,0.66961,0.69029,0.70498,0.6811,0.58762,0.57567,0.42329,0.48009,0.77257,0.75292,0.70459,0.77443,0.82266,0.86946,0.57237,0.68657,0.64044,0.71503,0.52217,0.60422,0.55973,0.58909,0.4554,0.57918,0.55568,0.55147,0.65153,0.57071,0.60197,0.58207,0.44923,0.45756,0.23441,0.39274,0.36406,0.44448,0.20726,0.20011,0.3584,0.56109,0.56856,0.60357,0.48429,0.47949,0.39271,0.10875
0.54947,0.57734,0.78678,0.81861,0.69983,0.7219,0.81293,0.80544,0.79068,0.7888,0.72468,0.77627,0.74817,0.83334,0.77931,0.86653,0.7579,0.75532,0.59806,0.63285,0.83949,0.84481,0.84665,0.87065,0.69501,0.77118,0.68177,0.71954,0.85314,0.85739,0.96762,1,0.74013,0.78521,0.56916,0.58962,0.70511,0.69704,0.61324,0.62507,0.72461,0.67579,0.55293,0.52593,0.55831,0.55701,0.55864,0.56562,0.59216,0.52547,0.53273,0.47364,0.50253,0.4671,0.52698,0.5052,0.57869,0.57205,0.51508,0.50541,0.53926,0.45983,0.55534,0.60084,0.37751,0.51599,0.59892,0.60319,0.58561,0.56412,0.70206,0.72687,0.70797,0.70092,0.60851,0.5871,0.42689,0.49711,0.71356,0.70653,0.66268,0.72538,0.77273,0.8476,0.52092,0.63936,0.61155,0.6906,0.48589,0.54253,0.57702,0.57539,0.47813,0.55509,0.50759,0.51994,0.61062,0.53656,0.6007,0.56923,0.46522,0.44876,0.22999,0.38516,0.3524,0.38092,0.18442,0.18426,0.36741,0.52379,0.54483,0.61423,0.47987,0.46133,0.39463,0.11772
0.82216,0.84377,0.81717,0.83386,0.75696,0.63886,0.8367,0.79642,0.76638,0.67105,0.7242,0.75879,0.70877,0.69948,0.75443,0.76948,0.85811,0.8126,0.87167,0.89702,0.75314,0.69872,0.77044,0.74576,0.65635,0.66518,0.73367,0.61997,0.78777,0.76815,0.78313,0.74013,1,0.96715,0.73322,0.79188,0.70578,0.7129,0.80062,0.78088,0.78459,0.62102,0.81239,0.81267,0.8233,0.80119,0.82486,0.82038,0.79012,0.71846,0.73272,0.67127,0.61012,0.58996,0.78057,0.75433,0.82809,0.82496,0.7487,0.72532,0.72041,0.62209,0.79693,0.80709,0.52483,0.67087,0.88993,0.85627,0.89647,0.88114,0.46978,0.54429,0.6098,0.57088,0.42877,0.52769,0.48155,0.49262,0.84699,0.83245,0.81714,0.87867,0.75839,0.82968,0.69861,0.78269,0.59385,0.65296,0.6713,0.74556,0.60748,0.59911,0.47168,0.56134,0.54757,0.5534,0.79943,0.71524,0.71982,0.67645,0.51159,0.51339,0.36914,0.38441,0.46553,0.50652,0.36458,0.3646,0.33126,0.60751,0.7346,0.72551,0.50327,0.55807,0.43434,0.00098991
0.81626,0.85552,0.79467,0.83451,0.73576,0.64459,0.82449,0.82115,0.75507,0.69403,0.77547,0.81253,0.71995,0.74625,0.76793,0.81565,0.87844,0.85981,0.87471,0.9148,0.75207,0.71313,0.75031,0.73617,0.63841,0.6642,0.71838,0.62435,0.83184,0.83172,0.80774,0.78521,0.96715,1,0.67721,0.74967,0.69389,0.69156,0.78558,0.76413,0.79696,0.64382,0.77743,0.77887,0.78501,0.77358,0.79599,0.78774,0.77195,0.69538,0.70146,0.64342,0.60646,0.56902,0.75335,0.72653,0.82603,0.82854,0.73265,0.72298,0.69855,0.61751,0.77883,0.83793,0.42591,0.61601,0.83079,0.82289,0.86802,0.85293,0.49311,0.56897,0.63608,0.61236,0.45781,0.55768,0.45381,0.4934,0.84861,0.8571,0.80185,0.87889,0.77511,0.86522,0.65227,0.74718,0.58365,0.63832,0.632,0.70691,0.57712,0.56328,0.42492,0.51566,0.55649,0.53741,0.78343,0.68363,0.70661,0.65547,0.45589,0.46796,0.31329,0.34433,0.41282,0.45619,0.35766,0.32021,0.30728,0.59339,0.68901,0.70874,0.47796,0.52418,0.41658,-0.01336
0.69891,0.65586,0.7777,0.69423,0.6966,0.59594,0.63049,0.54233,0.62648,0.54987,0.51418,0.53771,0.63438,0.495,0.67554,0.57675,0.67281,0.608,0.61244,0.61406,0.73991,0.544,0.79057,0.71142,0.782,0.67552,0.84761,0.73871,0.55975,0.51425,0.64752,0.56916,0.73322,0.67721,1,0.88198,0.58046,0.59307,0.64367,0.64081,0.58217,0.43386,0.75301,0.71503,0.73385,0.72622,0.73625,0.74571,0.71632,0.7225,0.73152,0.69834,0.66213,0.67804,0.69296,0.71221,0.71775,0.70031,0.73066,0.68428,0.65652,0.4799,0.6595,0.54167,0.77993,0.76597,0.81622,0.76551,0.70179,0.69345,0.30426,0.35843,0.41409,0.35635,0.26935,0.32835,0.35072,0.32354,0.69555,0.65422,0.73154,0.74407,0.68318,0.61886,0.76315,0.73651,0.60792,0.65205,0.68444,0.76593,0.57971,0.66303,0.4111,0.61111,0.39274,0.41072,0.64727,0.58476,0.61372,0.65061,0.45129,0.50949,0.31452,0.34591,0.39775,0.50828,0.2281,0.24404,0.2397,0.44109,0.64287,0.64023,0.46623,0.47855,0.26867,-0.020208
0.72048,0.71009,0.7554,0.74268,0.73349,0.62274,0.66997,0.63142,0.65314,0.59166,0.52572,0.59958,0.60283,0.54583,0.59825,0.57409,0.66222,0.61174,0.6555,0.69608,0.6998,0.58916,0.73518,0.70334,0.70425,0.64964,0.78981,0.69483,0.54657,0.53832,0.63208,0.58962,0.79188,0.74967,0.88198,1,0.6666,0.67381,0.71806,0.69662,0.6104,0.45057,0.81571,0.79983,0.79982,0.80348,0.79057,0.80189,0.76538,0.77317,0.76086,0.72917,0.65567,0.67218,0.72052,0.73516,0.73561,0.72629,0.78679,0.74681,0.66587,0.55381,0.64707,0.5932,0.63385,0.76252,0.88395,0.87086,0.79067,0.79438,0.32236,0.3852,0.41142,0.38176,0.25821,0.37154,0.38358,0.33697,0.68862,0.64516,0.7276,0.74196,0.60988,0.6192,0.70417,0.73503,0.56134,0.61234,0.67627,0.75607,0.63677,0.65657,0.48682,0.5749,0.37894,0.42531,0.69017,0.63279,0.65618,0.65266,0.46359,0.50092,0.32197,0.3308,0.3502,0.43656,0.26881,0.26497,0.28099,0.4069,0.72692,0.70698,0.50009,0.48745,0.30972,-0.070307
0.56616,0.62319,0.65329,0.67312,0.59631,0.58523,0.65444,0.63156,0.61394,0.6216,0.52483,0.64359,0.59373,0.6563,0.58699,0.60549,0.59826,0.59076,0.52389,0.59352,0.72162,0.74305,0.65668,0.6564,0.59029,0.60232,0.61609,0.66144,0.62932,0.63871,0.71193,0.70511,0.70578,0.69389,0.58046,0.6666,1,0.90846,0.80402,0.79305,0.8001,0.70029,0.64673,0.64968,0.61481,0.65917,0.65241,0.66895,0.63813,0.66063,0.65562,0.62223,0.57568,0.56314,0.6942,0.67239,0.54948,0.58295,0.59017,0.62604,0.53985,0.48592,0.49773,0.49096,0.41194,0.56489,0.68787,0.70908,0.65489,0.68232,0.61419,0.63569,0.61379,0.61037,0.57373,0.55669,0.49668,0.48665,0.63703,0.58268,0.64844,0.66755,0.62951,0.6613,0.55945,0.63405,0.56429,0.60215,0.63778,0.66078,0.67708,0.67752,0.54908,0.59877,0.58534,0.58985,0.74538,0.72236,0.68123,0.68597,0.55793,0.53465,0.36907,0.46822,0.46201,0.50003,0.26333,0.31801,0.5312,0.54573,0.75098,0.74125,0.59528,0.57596,0.51697,0.074053
0.55063,0.59671,0.63212,0.67715,0.60506,0.61198,0.6347,0.61402,0.58311,0.60917,0.53055,0.59387,0.57009,0.61923,0.60538,0.61673,0.5964,0.58123,0.5081,0.59026,0.75582,0.75998,0.6546,0.67392,0.64115,0.6384,0.65212,0.67887,0.63922,0.64996,0.69678,0.69704,0.7129,0.69156,0.59307,0.67381,0.90846,1,0.79873,0.83344,0.81907,0.79939,0.63708,0.63968,0.60581,0.6431,0.64991,0.67425,0.60975,0.64155,0.65305,0.61454,0.56642,0.57212,0.70102,0.7113,0.54049,0.56371,0.57936,0.604,0.5303,0.45839,0.48307,0.46801,0.42164,0.59949,0.68907,0.70748,0.64583,0.6653,0.66743,0.66992,0.67674,0.66029,0.64371,0.63727,0.58487,0.56182,0.59807,0.56939,0.61105,0.63478,0.65968,0.66599,0.54391,0.61986,0.60106,0.61702,0.62972,0.67286,0.73069,0.72071,0.60316,0.65877,0.5842,0.62539,0.78211,0.78625,0.73866,0.75771,0.60923,0.59152,0.44401,0.51482,0.55606,0.58269,0.31547,0.41345,0.51696,0.56789,0.82016,0.79857,0.70595,0.67402,0.58703,0.11193
0.723,0.77289,0.70413,0.74064,0.65558,0.54099,0.6797,0.68057,0.57885,0.54562,0.58153,0.67814,0.62803,0.60992,0.65758,0.66017,0.68444,0.65316,0.71294,0.75526,0.72368,0.692,0.66862,0.65495,0.66524,0.64647,0.71354,0.61327,0.6763,0.65876,0.66748,0.61324,0.80062,0.78558,0.64367,0.71806,0.80402,0.79873,1,0.89571,0.83472,0.66762,0.74215,0.76282,0.74285,0.75093,0.79704,0.77837,0.73637,0.73792,0.73969,0.73352,0.66328,0.64349,0.83818,0.8175,0.69146,0.71797,0.68528,0.71819,0.6168,0.55263,0.66795,0.60599,0.47856,0.64096,0.77533,0.78814,0.74429,0.75586,0.43439,0.486,0.56947,0.5587,0.42758,0.53175,0.40748,0.40266,0.69988,0.69204,0.76216,0.75554,0.75145,0.75152,0.67474,0.73335,0.64691,0.66649,0.71201,0.75542,0.655,0.6354,0.49737,0.56258,0.63742,0.65056,0.86175,0.80141,0.73958,0.68511,0.50602,0.55493,0.40333,0.4425,0.54774,0.58195,0.46682,0.3756,0.4336,0.68056,0.75377,0.69517,0.61606,0.62636,0.50888,0.091883
0.69828,0.75019,0.70313,0.73536,0.60583,0.59762,0.64764,0.65533,0.5764,0.57338,0.57678,0.68702,0.6466,0.63161,0.66147,0.677,0.68164,0.65541,0.64733,0.69792,0.74087,0.70557,0.67749,0.68592,0.6857,0.68906,0.71588,0.68146,0.64986,0.6524,0.66441,0.62507,0.78088,0.76413,0.64081,0.69662,0.79305,0.83344,0.89571,1,0.77286,0.64874,0.76637,0.80807,0.76668,0.79263,0.81833,0.82841,0.74486,0.7509,0.73844,0.74904,0.67546,0.66883,0.86569,0.87637,0.67945,0.718,0.66266,0.71601,0.56824,0.51112,0.62018,0.56048,0.45762,0.63048,0.78297,0.81559,0.72504,0.74683,0.40164,0.43289,0.52926,0.51436,0.42279,0.47333,0.37329,0.35603,0.68837,0.7043,0.74856,0.76013,0.73393,0.74316,0.65276,0.75293,0.66422,0.7312,0.66134,0.76113,0.6151,0.63461,0.41443,0.53503,0.5745,0.60641,0.83644,0.8034,0.70037,0.71632,0.50241,0.51817,0.33114,0.38823,0.51951,0.61263,0.38424,0.38545,0.36786,0.6262,0.74103,0.70103,0.57075,0.58333,0.50019,0.059151
0.68209,0.68729,0.69652,0.71934,0.67305,0.59393,0.71777,0.67504,0.65228,0.60987,0.70397,0.70138,0.68301,0.68215,0.75875,0.7556,0.73137,0.70726,0.695,0.72917,0.78437,0.74258,0.69973,0.68379,0.70008,0.67232,0.68349,0.62309,0.81382,0.77506,0.76464,0.72461,0.78459,0.79696,0.58217,0.6104,0.8001,0.81907,0.83472,0.77286,1,0.82184,0.61529,0.61419,0.60881,0.61503,0.6654,0.64397,0.63327,0.61142,0.64154,0.61916,0.60945,0.58761,0.73096,0.71443,0.65801,0.64746,0.59479,0.5995,0.6182,0.52066,0.6542,0.6294,0.41635,0.57849,0.65427,0.65721,0.67128,0.67703,0.63232,0.64103,0.76499,0.70712,0.65059,0.6505,0.48149,0.52282,0.70393,0.70197,0.71099,0.74844,0.81207,0.81575,0.62659,0.7,0.68156,0.69503,0.66513,0.70083,0.61972,0.63118,0.45497,0.58864,0.61662,0.61136,0.76776,0.71447,0.70699,0.68378,0.48797,0.53468,0.39997,0.48323,0.50968,0.53225,0.34622,0.30434,0.37485,0.62871,0.68499,0.66126,0.59543,0.59206,0.50674,0.062224
0.47189,0.49093,0.53812,0.59429,0.54308,0.54921,0.59207,0.58345,0.52664,0.5502,0.58901,0.56852,0.54557,0.60235,0.64566,0.67456,0.58071,0.58366,0.50262,0.56402,0.68735,0.70028,0.5792,0.59729,0.59531,0.57233,0.57487,0.55106,0.70193,0.70686,0.66811,0.67579,0.62102,0.64382,0.43386,0.45057,0.70029,0.79939,0.66762,0.64874,0.82184,1,0.39968,0.40551,0.40191,0.416,0.46017,0.45191,0.42007,0.42123,0.46286,0.42951,0.43424,0.43578,0.56199,0.55347,0.45058,0.45205,0.40734,0.43869,0.47481,0.44434,0.46762,0.48502,0.30969,0.48176,0.46519,0.4799,0.48794,0.49474,0.71762,0.70166,0.83556,0.82614,0.75533,0.7491,0.56441,0.63243,0.50367,0.52744,0.51507,0.54306,0.71029,0.70636,0.46052,0.49066,0.59318,0.57801,0.551,0.5326,0.61593,0.60064,0.507,0.58787,0.54794,0.56201,0.66678,0.65058,0.66957,0.6667,0.52065,0.54801,0.42702,0.51267,0.54976,0.50191,0.35309,0.33544,0.41792,0.58354,0.63639,0.64211,0.64231,0.59983,0.52731,0.15463
0.82361,0.8333,0.79055,0.76605,0.75359,0.68436,0.72278,0.6858,0.7158,0.64535,0.56973,0.68718,0.68383,0.62868,0.64997,0.61675,0.71291,0.68707,0.73813,0.76788,0.66608,0.62545,0.69133,0.65776,0.6502,0.652,0.74215,0.66425,0.57737,0.57836,0.5935,0.55293,0.81239,0.77743,0.75301,0.81571,0.64673,0.63708,0.74215,0.76637,0.61529,0.39968,1,0.97418,0.95751,0.94352,0.95961,0.96552,0.93027,0.88937,0.85597,0.82078,0.73284,0.73938,0.82069,0.83778,0.83846,0.85424,0.84419,0.83014,0.69641,0.57662,0.72405,0.65701,0.56518,0.69598,0.90384,0.88389,0.86529,0.85952,0.28394,0.36431,0.37765,0.3252,0.25768,0.32283,0.35447,0.29181,0.73642,0.74073,0.76731,0.79708,0.62155,0.65461,0.71665,0.74937,0.60352,0.61726,0.68741,0.75786,0.60371,0.62682,0.37872,0.49938,0.35303,0.39669,0.74038,0.66799,0.71295,0.6932,0.47222,0.48833,0.30258,0.28517,0.36163,0.46792,0.29358,0.25604,0.2419,0.4497,0.70635,0.70562,0.45443,0.44831,0.26231,-0.079129
