1,0.95106,0.82987,0.64842,0.36922,0.45546,0.64883,0.61892,0.59474,0.49189,0.86439,0.86693,0.81605,0.83571,0.74101,0.74461,0.9099,0.90409,0.89639,0.90857,0.28924,0.14739,0.64572,0.53798,0.74552,0.62166,0.72523,0.68126,0.78844,0.75694,0.28411,0.3479,0.66081,0.50804,0.42159,0.27752,0.53413,0.49473,0.37024,0.58013,0.16264,0.34943,0.86688,0.86118,0.80433,0.79663,0.85936,0.86495,0.87361,0.87011,0.85596,0.76291,0.76047,0.76096,0.81222,0.86019,0.9542,0.9163,0.87634,0.74361,0.74696,0.46341,0.87647,0.83718,0.6699,0.44833,0.73923,0.60512,0.81188,0.83477,0.46413,0.3618,0.32608,0.149,0.1009,0.24612,0.34578,0.33356,0.90802,0.87697,0.92007,0.91418,0.63903,0.63289,0.85904,0.8722,0.6933,0.76932,0.81631,0.84556,0.30577,0.25383,0.12316,0.42837,0.51492,0.48128,0.73346,0.72171,0.5596,0.66999,0.29825,0.46329,0.29587,0.53563,0.27918,0.42393,0.14545,0.098293,0.21056,0.5515,0.42769,0.51825,0.51073,0.68953,0.23916,0.27158
0.95106,1,0.74142,0.59891,0.2595,0.33701,0.53667,0.53126,0.5117,0.38799,0.82824,0.83426,0.76544,0.78602,0.67063,0.6985,0.87503,0.90034,0.83581,0.87263,0.19109,0.062296,0.55883,0.48596,0.68303,0.58082,0.66355,0.60762,0.70179,0.69111,0.18493,0.26561,0.54331,0.40212,0.35133,0.22356,0.4167,0.35833,0.29322,0.48901,0.078571,0.20055,0.87903,0.89285,0.83025,0.84797,0.85843,0.8663,0.87209,0.8534,0.83626,0.73819,0.72313,0.77399,0.7629,0.79737,0.95735,0.95219,0.84001,0.70461,0.67135,0.39803,0.84871,0.81465,0.59943,0.38089,0.66538,0.53781,0.75861,0.80531,0.40922,0.28196,0.18567,0.055874,-0.0013048,0.18999,0.28598,0.29529,0.85853,0.88103,0.90322,0.91966,0.57846,0.59593,0.8273,0.8451,0.63067,0.76591,0.73352,0.77772,0.22507,0.15737,0.052315,0.30791,0.50501,0.49184,0.69446,0.66984,0.55657,0.60302,0.23401,0.34687,0.25762,0.4277,0.20129,0.34955,0.066629,-0.030776,0.20388,0.49793,0.3426,0.43434,0.4658,0.64771,0.15329,0.346
0.82987,0.74142,1,0.78261,0.66771,0.66358,0.87937,0.79998,0.80833,0.6793,0.80628,0.82573,0.88243,0.84341,0.84082,0.8387,0.78026,0.76314,0.88114,0.8288,0.34418,0.18484,0.85702,0.69562,0.81042,0.65993,0.8138,0.75053,0.7685,0.72935,0.42366,0.44613,0.75206,0.63034,0.50585,0.3288,0.51179,0.5071,0.34401,0.56483,0.24941,0.52542,0.78093,0.72932,0.75973,0.71475,0.77053,0.7599,0.78346,0.77518,0.76196,0.69461,0.71091,0.68466,0.7252,0.78775,0.74432,0.72614,0.80347,0.7575,0.87444,0.69768,0.77211,0.78994,0.83102,0.61071,0.75509,0.63598,0.66083,0.69582,0.56444,0.51051,0.53125,0.39985,0.27426,0.36304,0.35661,0.3919,0.81905,0.73969,0.78094,0.77034,0.68481,0.6179,0.87874,0.86991,0.75531,0.70519,0.89768,0.89903,0.50601,0.49412,0.30119,0.65193,0.45763,0.38078,0.68564,0.66526,0.57042,0.66143,0.47539,0.61054,0.43569,0.59423,0.35704,0.5571,0.24366,0.11603,0.10177,0.45335,0.43892,0.51198,0.49207,0.6423,0.34741,0.14339
0.64842,0.59891,0.78261,1,0.68406,0.80461,0.69512,0.87197,0.65828,0.69904,0.56995,0.69826,0.65571,0.73974,0.67537,0.71048,0.6081,0.61091,0.70289,0.71569,0.51336,0.40571,0.88104,0.90161,0.77787,0.76527,0.80218,0.82522,0.62693,0.5789,0.63713,0.70993,0.75369,0.73048,0.66331,0.50779,0.51237,0.50532,0.25903,0.5359,0.17173,0.52292,0.58271,0.56238,0.60505,0.56064,0.62086,0.62751,0.6175,0.68668,0.62875,0.62545,0.52874,0.46967,0.6307,0.65882,0.58008,0.58169,0.64656,0.72075,0.71763,0.76206,0.61482,0.66583,0.79414,0.73243,0.73034,0.71337,0.54613,0.6211,0.56665,0.64257,0.50455,0.48473,0.43988,0.43979,0.3462,0.44604,0.64118,0.58558,0.59011,0.5863,0.46467,0.46248,0.72596,0.75006,0.56104,0.50863,0.71281,0.74208,0.67742,0.47789,0.62256,0.62138,0.32297,0.33578,0.53729,0.58157,0.54677,0.56351,0.6757,0.57182,0.61911,0.53301,0.47637,0.51945,0.41173,0.23768,0.029209,0.39465,0.48297,0.52397,0.49928,0.53013,0.39521,0.024704
0.36922,0.2595,0.66771,0.68406,1,0.79341,0.78316,0.67251,0.85527,0.67184,0.40544,0.37893,0.55758,0.43006,0.55885,0.57161,0.39676,0.38437,0.53764,0.49193,0.26054,0.14166,0.70704,0.58652,0.47522,0.30995,0.53994,0.49592,0.50118,0.4611,0.47087,0.47214,0.6616,0.66601,0.39244,0.25727,0.23416,0.28503,0.059346,0.20341,0.14782,0.45182,0.34787,0.30106,0.30047,0.26582,0.37563,0.38061,0.35951,0.39238,0.42047,0.41269,0.4745,0.38638,0.37194,0.44167,0.33157,0.32984,0.42514,0.40532,0.6405,0.64556,0.40941,0.46413,0.54835,0.42051,0.41341,0.35026,0.40382,0.45582,0.55318,0.59013,0.50702,0.49161,0.44593,0.44619,0.44104,0.4743,0.4863,0.4114,0.35875,0.31777,0.42552,0.39843,0.47021,0.4677,0.42792,0.28672,0.56493,0.53917,0.60731,0.63799,0.49354,0.71861,0.17927,0.13914,0.37466,0.35273,0.4377,0.45887,0.51052,0.61373,0.5005,0.5641,0.27066,0.47669,0.31306,0.18909,-0.020909,0.23062,0.41122,0.39196,0.38857,0.4103,0.33347,0.025123
0.45546,0.33701,0.66358,0.80461,0.79341,1,0.72437,0.81374,0.67268,0.79637,0.40173,0.4919,0.54184,0.57764,0.61509,0.67027,0.4681,0.42765,0.55348,0.5631,0.49082,0.42321,0.79638,0.76298,0.63448,0.61694,0.69525,0.73876,0.54964,0.50849,0.57394,0.65544,0.74534,0.7608,0.65024,0.55014,0.40383,0.50899,0.14834,0.40217,0.16936,0.57417,0.39005,0.3438,0.38336,0.31419,0.41193,0.42572,0.40595,0.46784,0.4934,0.46337,0.47494,0.44689,0.44717,0.50793,0.36945,0.36345,0.46074,0.53885,0.62979,0.74761,0.44795,0.51552,0.66087,0.61012,0.60467,0.62753,0.44847,0.45583,0.54681,0.64341,0.57242,0.59521,0.55057,0.48515,0.44672,0.48519,0.49653,0.40438,0.38577,0.35108,0.42564,0.43196,0.52897,0.53964,0.46051,0.35176,0.57395,0.59983,0.65719,0.5133,0.59564,0.67031,0.11614,0.18313,0.37524,0.38308,0.35603,0.45126,0.58992,0.59343,0.54833,0.5414,0.44035,0.5657,0.41384,0.30549,-0.019046,0.2604,0.47369,0.4755,0.37623,0.42324,0.44567,0.019468
0.64883,0.53667,0.87937,0.69512,0.78316,0.72437,1,0.82847,0.881,0.78361,0.68569,0.70007,0.82253,0.7503,0.68908,0.75225,0.61673,0.5676,0.73833,0.65713,0.24043,0.089793,0.70556,0.55075,0.5943,0.45487,0.60495,0.60627,0.68686,0.67505,0.35032,0.36565,0.70177,0.63606,0.44235,0.32651,0.37171,0.40268,0.22551,0.39927,0.15325,0.49582,0.59789,0.55631,0.5446,0.48147,0.58598,0.57302,0.59517,0.59183,0.62396,0.54731,0.61696,0.56357,0.54728,0.62616,0.55343,0.51642,0.71284,0.66048,0.88693,0.72824,0.56993,0.61721,0.69269,0.62559,0.60924,0.52442,0.47809,0.52482,0.62804,0.57346,0.54126,0.4528,0.37915,0.39704,0.47485,0.47401,0.66878,0.60262,0.60505,0.56581,0.58349,0.54902,0.69493,0.66467,0.61047,0.50409,0.77973,0.74688,0.49052,0.53943,0.32031,0.67859,0.3742,0.31811,0.59667,0.57257,0.43487,0.54828,0.49565,0.65561,0.45608,0.59783,0.39354,0.59969,0.23231,0.18697,0.061768,0.38854,0.38014,0.43359,0.46227,0.55117,0.42611,0.19335
0.61892,0.53126,0.79998,0.87197,0.67251,0.81374,0.82847,1,0.71404,0.8418,0.60467,0.75364,0.68967,0.78656,0.65874,0.72958,0.58838,0.54819,0.70083,0.6562,0.46404,0.343,0.78489,0.74526,0.66782,0.63337,0.667,0.73063,0.65126,0.64345,0.51745,0.57226,0.7596,0.73083,0.65327,0.55496,0.48022,0.52614,0.31345,0.54912,0.22124,0.60522,0.56362,0.54025,0.57287,0.50896,0.56915,0.59047,0.56355,0.61984,0.62128,0.5805,0.56351,0.48336,0.59945,0.64712,0.49019,0.46053,0.64364,0.73586,0.81325,0.85448,0.55869,0.64505,0.74283,0.81658,0.72161,0.74269,0.43898,0.514,0.65147,0.70546,0.62718,0.6039,0.53741,0.49932,0.39657,0.45516,0.61038,0.54258,0.56395,0.54113,0.48668,0.48768,0.67266,0.69976,0.56227,0.43956,0.76036,0.7627,0.66284,0.52289,0.55117,0.65253,0.26587,0.29158,0.52233,0.56358,0.46371,0.56193,0.66167,0.60868,0.62001,0.56014,0.54688,0.58405,0.41136,0.36491,0.067587,0.33826,0.41915,0.48833,0.49152,0.49106,0.47991,0.11491
0.59474,0.5117,0.80833,0.65828,0.85527,0.67268,0.881,0.71404,1,0.71417,0.67461,0.63525,0.79581,0.62381,0.74756,0.75965,0.61397,0.59226,0.70596,0.64214,0.12749,-0.040127,0.68118,0.50853,0.53159,0.34298,0.57912,0.54225,0.64196,0.64905,0.27225,0.30267,0.65222,0.58679,0.30153,0.18513,0.25038,0.29794,0.12148,0.2966,0.11928,0.42113,0.5484,0.50122,0.49509,0.47316,0.56571,0.55533,0.57732,0.54355,0.61261,0.51865,0.66085,0.61045,0.56569,0.62782,0.54201,0.5205,0.60696,0.51497,0.80767,0.67965,0.61159,0.64722,0.62458,0.44951,0.45057,0.34747,0.45354,0.52698,0.57686,0.47668,0.51978,0.39168,0.33175,0.37939,0.39191,0.39723,0.65419,0.63156,0.60764,0.57175,0.59247,0.58438,0.70061,0.64783,0.66389,0.54277,0.76893,0.71965,0.45489,0.56347,0.2685,0.64198,0.39737,0.29672,0.55391,0.5022,0.49995,0.53242,0.40389,0.56105,0.41819,0.56016,0.20656,0.49777,0.20169,0.092155,0.10068,0.39083,0.32233,0.38434,0.39578,0.51755,0.27546,0.24493
0.49189,0.38799,0.6793,0.69904,0.67184,0.79637,0.78361,0.8418,0.71417,1,0.44344,0.60965,0.62166,0.68174,0.54263,0.63986,0.40253,0.36444,0.56564,0.50433,0.41329,0.28081,0.61741,0.51186,0.54112,0.47641,0.52819,0.60391,0.52202,0.48471,0.34193,0.39026,0.63598,0.59508,0.52057,0.50128,0.37881,0.38979,0.26541,0.37563,0.15063,0.45719,0.43721,0.43025,0.4034,0.3616,0.39411,0.44833,0.47443,0.49697,0.51457,0.45499,0.47452,0.42372,0.37932,0.47085,0.36053,0.34552,0.58306,0.66326,0.77696,0.83357,0.38042,0.4551,0.61226,0.67055,0.55182,0.56064,0.29682,0.34925,0.62264,0.60934,0.4971,0.49712,0.48123,0.47482,0.42608,0.40484,0.4386,0.36899,0.35958,0.32116,0.3368,0.35515,0.49037,0.48611,0.39505,0.23714,0.63247,0.60574,0.61708,0.56179,0.54776,0.70093,0.17049,0.16135,0.34579,0.35988,0.26602,0.44243,0.60219,0.66065,0.56811,0.56602,0.46711,0.58185,0.42367,0.38605,-0.01431,0.23068,0.33498,0.40051,0.42521,0.47508,0.51708,0.072805
0.86439,0.82824,0.80628,0.56995,0.40544,0.40173,0.68569,0.60467,0.67461,0.44344,1,0.8935,0.90747,0.80773,0.77868,0.79129,0.87591,0.84036,0.8558,0.80604,0.12622,-0.0010406,0.60989,0.48598,0.64532,0.47682,0.64842,0.58576,0.78634,0.81494,0.17228,0.24595,0.55633,0.40852,0.31071,0.15695,0.38373,0.3807,0.25464,0.50379,0.191,0.40305,0.73717,0.71588,0.7147,0.69246,0.75656,0.70911,0.72565,0.70266,0.76282,0.64252,0.73309,0.71658,0.78403,0.77796,0.79978,0.75921,0.74522,0.60217,0.73148,0.4523,0.8029,0.77763,0.65035,0.42184,0.59137,0.4606,0.66575,0.68418,0.51155,0.34706,0.40249,0.23671,0.21284,0.21816,0.29479,0.30557,0.8222,0.83705,0.89984,0.89305,0.67896,0.69616,0.87522,0.8492,0.76892,0.81178,0.85882,0.84009,0.25105,0.2836,0.041359,0.39241,0.58119,0.52584,0.71884,0.74972,0.53618,0.56248,0.2724,0.40551,0.2754,0.46821,0.23578,0.44108,0.11801,0.070851,0.26881,0.50595,0.29493,0.37822,0.43685,0.61618,0.17552,0.362
0.86693,0.83426,0.82573,0.69826,0.37893,0.4919,0.70007,0.75364,0.63525,0.60965,0.8935,1,0.85405,0.88663,0.78889,0.8165,0.84386,0.82737,0.84733,0.7888,0.23737,0.12158,0.65551,0.55253,0.70742,0.58938,0.66584,0.66151,0.77272,0.79253,0.24738,0.32164,0.59314,0.46872,0.40254,0.28629,0.46965,0.44735,0.32295,0.55794,0.20277,0.44593,0.77143,0.75648,0.75331,0.73561,0.76555,0.74956,0.77956,0.76552,0.78951,0.67378,0.72878,0.68464,0.76282,0.77678,0.78134,0.74157,0.78396,0.7352,0.8209,0.61862,0.82048,0.82252,0.6941,0.57131,0.66047,0.58739,0.57898,0.63951,0.55877,0.43682,0.45095,0.31036,0.23665,0.26151,0.24227,0.2789,0.7851,0.78623,0.85503,0.85024,0.63233,0.65692,0.86637,0.87077,0.74904,0.76353,0.87186,0.87601,0.38577,0.33046,0.18213,0.44185,0.54654,0.50717,0.68752,0.71543,0.52097,0.60117,0.39174,0.48051,0.39067,0.50107,0.34033,0.44604,0.16501,0.15218,0.20743,0.49054,0.31111,0.43239,0.48475,0.61648,0.25616,0.32273
0.81605,0.76544,0.88243,0.65571,0.55758,0.54184,0.82253,0.68967,0.79581,0.62166,0.90747,0.85405,1,0.8644,0.85032,0.8709,0.77999,0.74431,0.83593,0.78279,0.22173,0.073534,0.70854,0.55429,0.7233,0.55514,0.72519,0.67483,0.78641,0.76982,0.22968,0.29589,0.59562,0.44569,0.35324,0.17525,0.37408,0.38186,0.32879,0.51984,0.27435,0.44447,0.7259,0.69226,0.71512,0.68949,0.71954,0.67275,0.74281,0.70271,0.75106,0.62035,0.7249,0.72721,0.7288,0.72885,0.74151,0.71455,0.7811,0.64563,0.84116,0.58823,0.73427,0.72663,0.73878,0.50459,0.59004,0.45792,0.58534,0.62871,0.5629,0.41869,0.46086,0.31551,0.2449,0.28453,0.33969,0.35665,0.75806,0.74386,0.80509,0.79509,0.6985,0.71167,0.88811,0.83274,0.75015,0.75794,0.89056,0.85627,0.31518,0.34948,0.12375,0.51416,0.55267,0.48287,0.65641,0.69217,0.48638,0.51587,0.34129,0.50317,0.31925,0.51168,0.25913,0.55028,0.17337,0.05922,0.17284,0.48506,0.2575,0.35791,0.42098,0.59553,0.25615,0.27833
0.83571,0.78602,0.84341,0.73974,0.43006,0.57764,0.7503,0.78656,0.62381,0.68174,0.80773,0.88663,0.8644,1,0.74357,0.83218,0.74684,0.69923,0.79927,0.77523,0.42367,0.26519,0.70144,0.65757,0.78498,0.73124,0.77805,0.79759,0.76018,0.74299,0.33079,0.4152,0.63326,0.50541,0.57511,0.45077,0.57375,0.55549,0.45584,0.66754,0.26746,0.49739,0.72568,0.70245,0.71998,0.66304,0.68981,0.6623,0.73136,0.72315,0.74014,0.60529,0.6042,0.5966,0.7186,0.71886,0.71763,0.68875,0.78565,0.77275,0.8128,0.68288,0.67115,0.68034,0.82187,0.71926,0.78183,0.70889,0.57008,0.60342,0.55861,0.48799,0.4099,0.3317,0.24616,0.27802,0.32954,0.37681,0.73637,0.69733,0.76013,0.75726,0.61087,0.57544,0.84669,0.83524,0.66776,0.66858,0.8238,0.83522,0.41468,0.30141,0.32745,0.48208,0.49516,0.48986,0.62893,0.6763,0.43765,0.50541,0.48131,0.53493,0.42859,0.51917,0.4175,0.59896,0.28081,0.20192,0.23728,0.51009,0.32604,0.39213,0.51788,0.61296,0.3838,0.24396
0.74101,0.67063,0.84082,0.67537,0.55885,0.61509,0.68908,0.65874,0.74756,0.54263,0.77868,0.78889,0.85032,0.74357,1,0.92035,0.77118,0.75268,0.80987,0.78283,0.33358,0.20898,0.81932,0.68173,0.77587,0.6158,0.77428,0.69825,0.76947,0.71789,0.35551,0.4451,0.65268,0.54706,0.38315,0.20465,0.42303,0.47328,0.39628,0.57132,0.40138,0.55353,0.70785,0.63509,0.70044,0.66538,0.71713,0.67809,0.71386,0.66777,0.72398,0.60804,0.73116,0.70546,0.76108,0.75765,0.6843,0.67421,0.65119,0.5607,0.74389,0.61352,0.80278,0.80365,0.73013,0.47144,0.60073,0.49726,0.59355,0.63686,0.46994,0.36778,0.54391,0.36936,0.24071,0.26186,0.19105,0.27388,0.74414,0.69564,0.76545,0.74882,0.82951,0.76018,0.87777,0.84412,0.84576,0.80428,0.84798,0.86707,0.38048,0.33202,0.1862,0.48286,0.53328,0.48954,0.65595,0.65317,0.53225,0.55896,0.33302,0.45841,0.31293,0.47173,0.2325,0.49385,0.23533,0.093789,0.24038,0.52652,0.35889,0.45292,0.35975,0.57443,0.2452,0.23186
0.74461,0.6985,0.8387,0.71048,0.57161,0.67027,0.75225,0.72958,0.75965,0.63986,0.79129,0.8165,0.8709,0.83218,0.92035,1,0.76219,0.72385,0.78347,0.77741,0.26174,0.1532,0.77865,0.67997,0.72256,0.60654,0.74935,0.72207,0.78278,0.76735,0.27216,0.40988,0.63175,0.52433,0.39637,0.26323,0.37004,0.42481,0.32185,0.53188,0.28183,0.52842,0.6738,0.62607,0.66268,0.6206,0.64391,0.62116,0.6669,0.61723,0.68001,0.53348,0.65689,0.6825,0.69118,0.69335,0.67276,0.64355,0.63054,0.565,0.81136,0.67847,0.74731,0.7561,0.79867,0.5425,0.59631,0.50601,0.54546,0.58756,0.56426,0.43581,0.47621,0.37865,0.27848,0.32004,0.22893,0.29321,0.71687,0.70216,0.76339,0.7447,0.80942,0.76978,0.88677,0.84908,0.82833,0.7983,0.84256,0.85006,0.34848,0.27345,0.19584,0.45208,0.49913,0.51009,0.61018,0.61719,0.41322,0.47732,0.34313,0.45752,0.30167,0.42776,0.24745,0.51381,0.16052,0.052438,0.19793,0.52143,0.2577,0.33703,0.31924,0.52301,0.23417,0.35578
0.9099,0.87503,0.78026,0.6081,0.39676,0.4681,0.61673,0.58838,0.61397,0.40253,0.87591,0.84386,0.77999,0.74684,0.77118,0.76219,1,0.963,0.8889,0.91403,0.21818,0.1427,0.6361,0.54526,0.64864,0.53067,0.67436,0.64396,0.87384,0.854,0.31689,0.40347,0.69619,0.57311,0.37697,0.2397,0.49114,0.5297,0.24693,0.55349,0.1624,0.40949,0.78932,0.76429,0.72654,0.72259,0.81649,0.79656,0.77476,0.7682,0.81182,0.72274,0.78816,0.78194,0.83113,0.85592,0.90676,0.86613,0.75989,0.60411,0.70353,0.40832,0.93783,0.89324,0.58871,0.35152,0.66522,0.5374,0.82596,0.86669,0.48836,0.36738,0.41561,0.24459,0.19038,0.28278,0.36032,0.36631,0.94994,0.94131,0.97256,0.95043,0.7306,0.77916,0.86875,0.87295,0.78368,0.87138,0.79459,0.84683,0.29577,0.26839,0.075707,0.40649,0.58092,0.56533,0.7597,0.74304,0.61041,0.68473,0.27086,0.4497,0.28009,0.5221,0.23792,0.35675,0.099901,0.0723,0.28753,0.55516,0.43498,0.53098,0.48482,0.64137,0.14294,0.32285
0.90409,0.90034,0.76314,0.61091,0.38437,0.42765,0.5676,0.54819,0.59226,0.36444,0.84036,0.82737,0.74431,0.69923,0.75268,0.72385,0.963,1,0.89554,0.91737,0.20784,0.14705,0.63507,0.53217,0.66813,0.53213,0.652,0.60505,0.82246,0.81268,0.33726,0.40427,0.69131,0.57137,0.35355,0.22839,0.47791,0.4955,0.26355,0.52035,0.1607,0.37866,0.80673,0.79296,0.74712,0.75938,0.85064,0.84136,0.81338,0.82307,0.8414,0.77628,0.80721,0.80776,0.82631,0.8567,0.93075,0.91585,0.77285,0.61985,0.69289,0.39396,0.96258,0.93932,0.56553,0.29163,0.65008,0.51623,0.82637,0.87948,0.50077,0.38055,0.39386,0.23194,0.17738,0.33525,0.37353,0.38179,0.9295,0.93902,0.95613,0.95384,0.71694,0.76711,0.84424,0.86791,0.74052,0.84568,0.77448,0.83085,0.3368,0.31505,0.096192,0.43562,0.57101,0.55279,0.7469,0.72353,0.6721,0.72276,0.2867,0.45197,0.32744,0.55011,0.24788,0.32552,0.13253,0.023607,0.2601,0.54088,0.45734,0.56698,0.50573,0.66501,0.11704,0.28906
0.89639,0.83581,0.88114,0.70289,0.53764,0.55348,0.73833,0.70083,0.70596,0.56564,0.8558,0.84733,0.83593,0.79927,0.80987,0.78347,0.8889,0.89554,1,0.94697,0.36653,0.24806,0.73939,0.59847,0.75584,0.58668,0.72617,0.6615,0.84611,0.78865,0.41233,0.44515,0.79474,0.66618,0.46709,0.33072,0.54709,0.53468,0.3597,0.59548,0.22291,0.49629,0.7942,0.78999,0.76164,0.74594,0.83357,0.83471,0.80041,0.83274,0.8527,0.81009,0.79657,0.75415,0.84056,0.89114,0.86143,0.84129,0.82596,0.74756,0.80627,0.57925,0.89459,0.89635,0.69389,0.50506,0.76199,0.63266,0.81539,0.84404,0.57436,0.45369,0.50626,0.33837,0.28863,0.3866,0.42273,0.4261,0.90379,0.85089,0.88795,0.87874,0.71753,0.72571,0.86184,0.88346,0.70278,0.75118,0.8624,0.90539,0.45395,0.45585,0.22905,0.59353,0.54796,0.48285,0.7724,0.77677,0.6706,0.73965,0.45244,0.58668,0.41315,0.63388,0.34111,0.4681,0.28711,0.18942,0.21667,0.54457,0.51155,0.54444,0.53478,0.6861,0.24879,0.15864
0.90857,0.87263,0.8288,0.71569,0.49193,0.5631,0.65713,0.6562,0.64214,0.50433,0.80604,0.7888,0.78279,0.77523,0.78283,0.77741,0.91403,0.91737,0.94697,1,0.4146,0.30055,0.74724,0.6564,0.73944,0.61574,0.74998,0.68928,0.8621,0.80369,0.46144,0.52632,0.80821,0.69236,0.50619,0.35672,0.56921,0.59192,0.36084,0.62926,0.21906,0.49538,0.7771,0.77801,0.74187,0.74063,0.81404,0.82687,0.77873,0.82274,0.8165,0.78247,0.76107,0.75509,0.84619,0.87559,0.89697,0.88197,0.7946,0.68345,0.72332,0.50095,0.89504,0.88662,0.6652,0.43442,0.77024,0.63922,0.90359,0.91687,0.56492,0.47282,0.47213,0.33403,0.26155,0.42918,0.43195,0.44902,0.91864,0.86415,0.9,0.89831,0.71634,0.7379,0.85053,0.87946,0.6848,0.7639,0.79329,0.86177,0.42766,0.35943,0.23679,0.55376,0.55166,0.5408,0.75976,0.77087,0.64425,0.69823,0.41797,0.55861,0.39655,0.60508,0.32653,0.4413,0.27075,0.13676,0.24957,0.59087,0.53434,0.56444,0.52738,0.68534,0.22901,0.19541
0.28924,0.19109,0.34418,0.51336,0.26054,0.49082,0.24043,0.46404,0.12749,0.41329,0.12622,0.23737,0.22173,0.42367,0.33358,0.26174,0.21818,0.20784,0.36653,0.4146,1,0.8899,0.55533,0.60871,0.57981,0.65852,0.53357,0.57668,0.42252,0.25768,0.7557,0.73587,0.55187,0.55298,0.65163,0.56984,0.70559,0.69674,0.58111,0.72104,0.44838,0.59144,0.24006,0.23034,0.2742,0.23738,0.29754,0.32148,0.29267,0.4084,0.31111,0.40101,0.18553,0.1101,0.40219,0.40428,0.1981,0.23333,0.36726,0.50199,0.21062,0.39689,0.21296,0.26742,0.36611,0.47063,0.63199,0.63107,0.40799,0.38235,0.39072,0.57455,0.46863,0.46331,0.41788,0.51181,0.39296,0.46768,0.28278,0.1266,0.18642,0.16225,0.2015,0.17768,0.23346,0.28669,0.15154,0.04864,0.2879,0.37366,0.59055,0.33328,0.6716,0.51378,0.18982,0.26052,0.30494,0.41609,0.38041,0.36756,0.61982,0.5053,0.54717,0.50326,0.59598,0.48545,0.73277,0.63056,0.186,0.29411,0.58998,0.5606,0.46602,0.41531,0.51678,-0.37272
0.14739,0.062296,0.18484,0.40571,0.14166,0.42321,0.089793,0.343,-0.040127,0.28081,-0.0010406,0.12158,0.073534,0.26519,0.20898,0.1532,0.1427,0.14705,0.24806,0.30055,0.8899,1,0.43033,0.53062,0.46027,0.58571,0.42253,0.50392,0.3625,0.2233,0.77577,0.76774,0.51389,0.55059,0.62264,0.58106,0.67467,0.69105,0.49378,0.63258,0.44411,0.61282,0.09387,0.063067,0.16745,0.11839,0.1666,0.1805,0.1426,0.2722,0.17475,0.28878,0.084125,-0.014582,0.30955,0.26756,0.099557,0.1307,0.23777,0.37752,0.085108,0.26685,0.14874,0.20758,0.23926,0.35853,0.54103,0.55897,0.3603,0.32656,0.35787,0.55098,0.49196,0.52991,0.51011,0.54488,0.4423,0.51895,0.18749,0.041458,0.10228,0.072191,0.17315,0.16683,0.13288,0.18893,0.1111,0.023053,0.19943,0.26755,0.59516,0.31647,0.6736,0.46627,0.10595,0.22692,0.18566,0.30699,0.33346,0.32713,0.60949,0.46402,0.53756,0.4394,0.6277,0.4059,0.70528,0.62897,0.13901,0.18041,0.58208,0.54812,0.44968,0.32812,0.509,-0.43268
0.64572,0.55883,0.85702,0.88104,0.70704,0.79638,0.70556,0.78489,0.68118,0.61741,0.60989,0.65551,0.70854,0.70144,0.81932,0.77865,0.6361,0.63507,0.73939,0.74724,0.55533,0.43033,1,0.92095,0.86355,0.77767,0.88325,0.82473,0.66626,0.59248,0.67386,0.71548,0.78399,0.733,0.6556,0.4372,0.52696,0.56328,0.34857,0.59388,0.33026,0.63208,0.61568,0.5502,0.64767,0.58985,0.64409,0.64247,0.62522,0.66087,0.61883,0.62105,0.58319,0.55598,0.67327,0.69788,0.57112,0.58423,0.59854,0.63016,0.68778,0.70169,0.65849,0.70605,0.81282,0.60778,0.74441,0.68616,0.61346,0.64115,0.50633,0.60683,0.59403,0.54867,0.39333,0.42987,0.2995,0.41284,0.67532,0.56909,0.60981,0.61892,0.60834,0.52402,0.76561,0.79343,0.65334,0.58444,0.7637,0.80085,0.64266,0.50514,0.52595,0.66641,0.36724,0.33343,0.56983,0.6076,0.57006,0.58471,0.5837,0.58808,0.5185,0.54333,0.42749,0.5462,0.39512,0.17677,0.030517,0.38103,0.53773,0.54936,0.44349,0.5829,0.37757,-0.03514
0.53798,0.48596,0.69562,0.90161,0.58652,0.76298,0.55075,0.74526,0.50853,0.51186,0.48598,0.55253,0.55429,0.65757,0.68173,0.67997,0.54526,0.53217,0.59847,0.6564,0.60871,0.53062,0.92095,1,0.79714,0.84069,0.85005,0.84643,0.58792,0.52143,0.72272,0.81754,0.72528,0.72423,0.74297,0.57095,0.55061,0.58897,0.32459,0.62048,0.27337,0.59509,0.48267,0.4292,0.54013,0.46434,0.52747,0.51027,0.49306,0.55547,0.50167,0.51167,0.39632,0.38235,0.61077,0.59087,0.47327,0.49333,0.48483,0.58056,0.53874,0.65992,0.53335,0.57475,0.7738,0.68173,0.74574,0.74578,0.5458,0.57297,0.43378,0.57119,0.49855,0.50625,0.4062,0.37952,0.26777,0.41413,0.57946,0.49584,0.51852,0.52285,0.51457,0.44182,0.67106,0.69842,0.55731,0.51149,0.60351,0.66483,0.62265,0.35882,0.62425,0.52564,0.31138,0.37251,0.48257,0.55314,0.48981,0.45721,0.63683,0.49152,0.54157,0.43964,0.48974,0.54377,0.42882,0.20874,0.12204,0.37339,0.50168,0.4873,0.43119,0.50114,0.40022,-0.0013461
0.74552,0.68303,0.81042,0.77787,0.47522,0.63448,0.5943,0.66782,0.53159,0.54112,0.64532,0.70742,0.7233,0.78498,0.77587,0.72256,0.64864,0.66813,0.75584,0.73944,0.57981,0.46027,0.86355,0.79714,1,0.89775,0.88715,0.83974,0.62259,0.52308,0.54801,0.58908,0.67323,0.56386,0.67614,0.48029,0.56888,0.54973,0.48641,0.65253,0.33592,0.51307,0.75579,0.68978,0.80943,0.7412,0.76289,0.73804,0.77223,0.79518,0.72635,0.68083,0.59212,0.57384,0.70942,0.73314,0.66575,0.6931,0.72534,0.7654,0.62981,0.56986,0.67129,0.68324,0.77953,0.62149,0.82878,0.75665,0.60803,0.61998,0.40859,0.44355,0.44876,0.38494,0.2206,0.27348,0.2862,0.386,0.6748,0.59529,0.64028,0.65846,0.55868,0.45992,0.75484,0.77925,0.60995,0.58912,0.76088,0.7743,0.53806,0.39897,0.44488,0.56474,0.36433,0.28394,0.56693,0.59506,0.56668,0.59307,0.51095,0.50885,0.4248,0.49215,0.35456,0.55397,0.41907,0.1914,0.04418,0.38384,0.5223,0.53025,0.51409,0.60263,0.33227,-0.065243
0.62166,0.58082,0.65993,0.76527,0.30995,0.61694,0.45487,0.63337,0.34298,0.47641,0.47682,0.58938,0.55514,0.73124,0.6158,0.60654,0.53067,0.53213,0.58668,0.61574,0.65852,0.58571,0.77767,0.84069,0.89775,1,0.85826,0.90367,0.52392,0.44781,0.61591,0.6953,0.60705,0.55374,0.7862,0.64023,0.62896,0.6195,0.42616,0.68788,0.23645,0.4755,0.58601,0.53562,0.66551,0.58366,0.60462,0.58499,0.62242,0.65773,0.58709,0.54906,0.38915,0.4156,0.60959,0.61318,0.54498,0.5693,0.59569,0.70705,0.49184,0.55149,0.51929,0.53632,0.75927,0.68251,0.82014,0.81477,0.50583,0.50264,0.3406,0.41925,0.37908,0.36307,0.24341,0.28264,0.28977,0.40808,0.54771,0.48542,0.52091,0.53312,0.41466,0.36102,0.64707,0.66401,0.49062,0.48102,0.58693,0.64314,0.51085,0.25221,0.51657,0.42219,0.29856,0.31373,0.46527,0.51135,0.43613,0.45432,0.53716,0.4075,0.44429,0.39238,0.45929,0.55836,0.41706,0.21843,0.13967,0.34775,0.46528,0.47811,0.45843,0.51266,0.40157,-0.055027
0.72523,0.66355,0.8138,0.80218,0.53994,0.69525,0.60495,0.667,0.57912,0.52819,0.64842,0.66584,0.72519,0.77805,0.77428,0.74935,0.67436,0.652,0.72617,0.74998,0.53357,0.42253,0.88325,0.85005,0.88715,0.85826,1,0.9198,0.62724,0.58007,0.51254,0.59479,0.67244,0.57947,0.66606,0.45621,0.53341,0.57454,0.3033,0.63323,0.22776,0.51157,0.66788,0.60027,0.70627,0.65207,0.67298,0.64256,0.67889,0.68552,0.64809,0.60709,0.53522,0.53626,0.6738,0.68737,0.66109,0.66519,0.64652,0.67728,0.60676,0.60952,0.65753,0.64962,0.86376,0.62217,0.77808,0.70134,0.63928,0.63529,0.38755,0.45372,0.43752,0.40646,0.25072,0.32092,0.28248,0.38247,0.69583,0.62231,0.65182,0.65812,0.54099,0.47091,0.79998,0.80081,0.64797,0.63955,0.74315,0.77987,0.4969,0.35158,0.43513,0.52638,0.33801,0.30541,0.55207,0.57357,0.52787,0.51938,0.46861,0.43067,0.39086,0.44951,0.32491,0.54289,0.31859,0.15999,0.068471,0.35721,0.46672,0.48664,0.46703,0.58541,0.36538,0.00017153
0.68126,0.60762,0.75053,0.82522,0.49592,0.73876,0.60627,0.73063,0.54225,0.60391,0.58576,0.66151,0.67483,0.79759,0.69825,0.72207,0.64396,0.60505,0.6615,0.68928,0.57668,0.50392,0.82473,0.84643,0.83974,0.90367,0.9198,1,0.63882,0.61675,0.58891,0.68425,0.70161,0.64367,0.7494,0.57628,0.60736,0.63987,0.28341,0.64483,0.18757,0.53721,0.60347,0.54357,0.63203,0.56548,0.62709,0.59164,0.63696,0.64863,0.63094,0.56913,0.48934,0.4726,0.65391,0.6689,0.59741,0.58441,0.62743,0.67685,0.60793,0.62447,0.59148,0.60555,0.83799,0.68568,0.79162,0.75578,0.54882,0.57034,0.46995,0.53683,0.47241,0.46147,0.34148,0.37066,0.37937,0.47623,0.64107,0.58785,0.61286,0.6074,0.47248,0.45312,0.74795,0.73755,0.61924,0.56028,0.7115,0.73259,0.54962,0.36286,0.51939,0.52846,0.36945,0.34792,0.55427,0.57464,0.49677,0.5137,0.54005,0.4753,0.47352,0.49153,0.42601,0.56132,0.37642,0.21164,0.14468,0.41133,0.5068,0.5519,0.51507,0.56986,0.4342,0.004057
0.78844,0.70179,0.7685,0.62693,0.50118,0.54964,0.68686,0.65126,0.64196,0.52202,0.78634,0.77272,0.78641,0.76018,0.76947,0.78278,0.87384,0.82246,0.84611,0.8621,0.42252,0.3625,0.66626,0.58792,0.62259,0.52392,0.62724,0.63882,1,0.91125,0.48453,0.56042,0.77412,0.67205,0.43271,0.31815,0.63243,0.67226,0.45655,0.68984,0.39514,0.64057,0.62696,0.60519,0.57735,0.54906,0.6442,0.64271,0.64726,0.67315,0.69623,0.63177,0.6835,0.66432,0.78203,0.76898,0.73622,0.69413,0.69129,0.58956,0.73068,0.50308,0.8174,0.80984,0.57485,0.41933,0.66613,0.55441,0.75832,0.79236,0.65941,0.53125,0.61946,0.45769,0.4379,0.48002,0.51402,0.50046,0.8437,0.77605,0.85746,0.80458,0.82083,0.84946,0.79562,0.78168,0.74391,0.76983,0.76747,0.81182,0.40817,0.32704,0.22358,0.53258,0.64011,0.68903,0.72854,0.77555,0.53108,0.62087,0.45333,0.61649,0.41845,0.64274,0.44567,0.50777,0.31164,0.2857,0.4016,0.63554,0.44133,0.52112,0.51157,0.62591,0.27278,0.25006
0.75694,0.69111,0.72935,0.5789,0.4611,0.50849,0.67505,0.64345,0.64905,0.48471,0.81494,0.79253,0.76982,0.74299,0.71789,0.76735,0.854,0.81268,0.78865,0.80369,0.25768,0.2233,0.59248,0.52143,0.52308,0.44781,0.58007,0.61675,0.91125,1,0.36329,0.43856,0.70973,0.63111,0.39256,0.28832,0.53165,0.61167,0.31837,0.59236,0.29569,0.62903,0.54108,0.51994,0.48576,0.46818,0.57507,0.54756,0.5873,0.59766,0.65639,0.56623,0.65916,0.64228,0.73925,0.70421,0.69575,0.64147,0.62383,0.50319,0.71987,0.4741,0.78277,0.78191,0.55481,0.36908,0.5817,0.47883,0.66247,0.69038,0.63718,0.53869,0.63829,0.50424,0.47009,0.49732,0.45891,0.44429,0.79419,0.76715,0.8373,0.80883,0.7332,0.79386,0.77457,0.75426,0.76853,0.75762,0.7576,0.76715,0.34162,0.29999,0.13065,0.44891,0.5934,0.61413,0.66194,0.71758,0.4766,0.52674,0.35352,0.49964,0.38647,0.57729,0.38983,0.41678,0.18234,0.17458,0.38641,0.5712,0.3601,0.46354,0.48409,0.58553,0.22976,0.34984
0.28411,0.18493,0.42366,0.63713,0.47087,0.57394,0.35032,0.51745,0.27225,0.34193,0.17228,0.24738,0.22968,0.33079,0.35551,0.27216,0.31689,0.33726,0.41233,0.46144,0.7557,0.77577,0.67386,0.72272,0.54801,0.61591,0.51254,0.58891,0.48453,0.36329,1,0.94568,0.71614,0.78867,0.66725,0.53881,0.67001,0.66968,0.34879,0.5365,0.32246,0.60703,0.22064,0.18928,0.26608,0.2191,0.32546,0.35601,0.24352,0.37664,0.28548,0.40131,0.25253,0.14139,0.45738,0.4344,0.25105,0.27586,0.34188,0.39599,0.27806,0.36431,0.32493,0.39561,0.38152,0.39877,0.62154,0.60546,0.49987,0.50343,0.52337,0.66956,0.61006,0.57991,0.52224,0.57378,0.50223,0.6344,0.4032,0.26084,0.28418,0.27742,0.28454,0.26835,0.30316,0.37346,0.24695,0.14329,0.37186,0.41967,0.74246,0.50716,0.73822,0.62427,0.29438,0.3485,0.41381,0.4767,0.52584,0.50133,0.69892,0.62767,0.67689,0.57526,0.64118,0.45633,0.63823,0.45401,0.19858,0.32996,0.72128,0.66881,0.5305,0.43536,0.4725,-0.27894
0.3479,0.26561,0.44613,0.70993,0.47214,0.65544,0.36565,0.57226,0.30267,0.39026,0.24595,0.32164,0.29589,0.4152,0.4451,0.40988,0.40347,0.40427,0.44515,0.52632,0.73587,0.76774,0.71548,0.81754,0.58908,0.6953,0.59479,0.68425,0.56042,0.43856,0.94568,1,0.74006,0.79904,0.72341,0.60441,0.63929,0.70046,0.33136,0.58382,0.31364,0.61351,0.25023,0.21837,0.30326,0.24241,0.34721,0.3704,0.27207,0.40037,0.32889,0.414,0.27444,0.20327,0.49902,0.46766,0.31962,0.33735,0.36128,0.41286,0.33401,0.44209,0.3902,0.44934,0.48548,0.47516,0.65408,0.65622,0.53971,0.54056,0.53592,0.653,0.56569,0.56473,0.50983,0.54802,0.46433,0.60796,0.44759,0.33345,0.36751,0.34413,0.39893,0.40245,0.39687,0.44627,0.32867,0.26586,0.41075,0.47442,0.70015,0.40485,0.72216,0.5628,0.2896,0.40952,0.4168,0.47979,0.46857,0.46631,0.66945,0.56827,0.60982,0.50965,0.60616,0.46487,0.5799,0.42068,0.23803,0.35612,0.65083,0.61856,0.49552,0.42711,0.43872,-0.15707
0.66081,0.54331,0.75206,0.75369,0.6616,0.74534,0.70177,0.7596,0.65222,0.63598,0.55633,0.59314,0.59562,0.63326,0.65268,0.63175,0.69619,0.69131,0.79474,0.80821,0.55187,0.51389,0.78399,0.72528,0.67323,0.60705,0.67244,0.70161,0.77412,0.70973,0.71614,0.74006,1,0.95413,0.6936,0.60462,0.63723,0.70527,0.33425,0.57171,0.25797,0.69311,0.52383,0.49251,0.50513,0.45182,0.58627,0.62504,0.54978,0.65255,0.64274,0.66422,0.61234,0.54241,0.67266,0.73104,0.61003,0.60116,0.64728,0.64877,0.70768,0.63927,0.70813,0.76555,0.60062,0.53381,0.80262,0.74429,0.75356,0.76824,0.60263,0.63409,0.68172,0.59548,0.52307,0.58044,0.57012,0.58675,0.77243,0.63174,0.65308,0.62344,0.62136,0.59618,0.63957,0.6875,0.55636,0.49869,0.68144,0.73724,0.65771,0.54206,0.51924,0.71539,0.36181,0.3357,0.59551,0.60751,0.55468,0.6725,0.63423,0.70555,0.56258,0.66315,0.49371,0.48939,0.46977,0.31081,0.19306,0.48265,0.69671,0.65231,0.58684,0.60104,0.3583,-0.00078932
0.50804,0.40212,0.63034,0.73048,0.66601,0.7608,0.63606,0.73083,0.58679,0.59508,0.40852,0.46872,0.44569,0.50541,0.54706,0.52433,0.57311,0.57137,0.66618,0.69236,0.55298,0.55059,0.733,0.72423,0.56386,0.55374,0.57947,0.64367,0.67205,0.63111,0.78867,0.79904,0.95413,1,0.69966,0.62796,0.60458,0.67438,0.25266,0.48848,0.2004,0.67924,0.3932,0.36241,0.37811,0.3116,0.46242,0.50779,0.39954,0.5156,0.50541,0.5519,0.48923,0.40797,0.5741,0.61071,0.46189,0.46295,0.51028,0.54989,0.5886,0.61382,0.58437,0.654,0.49873,0.52182,0.72841,0.70678,0.65684,0.67051,0.5889,0.66061,0.68845,0.63318,0.57824,0.59315,0.56692,0.61168,0.66028,0.52385,0.51928,0.49288,0.51086,0.49453,0.51122,0.56519,0.46289,0.3677,0.5593,0.61186,0.70424,0.5418,0.60571,0.69231,0.31437,0.32448,0.53895,0.54083,0.51695,0.5934,0.6706,0.68668,0.62272,0.62093,0.55023,0.47327,0.47883,0.34265,0.21634,0.44606,0.72404,0.65148,0.57417,0.54049,0.41272,-0.0071947
0.42159,0.35133,0.50585,0.66331,0.39244,0.65024,0.44235,0.65327,0.30153,0.52057,0.31071,0.40254,0.35324,0.57511,0.38315,0.39637,0.37697,0.35355,0.46709,0.50619,0.65163,0.62264,0.6556,0.74297,0.67614,0.7862,0.66606,0.7494,0.43271,0.39256,0.66725,0.72341,0.6936,0.69966,1,0.89486,0.62889,0.70299,0.32038,0.60737,0.1857,0.57173,0.37135,0.32776,0.45305,0.3458,0.39906,0.42525,0.38381,0.48718,0.45705,0.47418,0.33679,0.28429,0.45426,0.49129,0.33875,0.35824,0.48152,0.62991,0.39697,0.5485,0.31461,0.38937,0.60536,0.68677,0.85089,0.9048,0.47619,0.44127,0.376,0.51884,0.45409,0.54628,0.44317,0.40788,0.48599,0.58283,0.44006,0.33492,0.33247,0.34731,0.27778,0.20701,0.41538,0.47728,0.25302,0.20871,0.44153,0.50078,0.66591,0.42443,0.64812,0.53867,0.11757,0.14185,0.32323,0.38485,0.36549,0.44778,0.65014,0.52109,0.54496,0.45813,0.54598,0.55434,0.50449,0.3766,0.17085,0.19413,0.56732,0.46139,0.56124,0.46521,0.45631,-0.092785
0.27752,0.22356,0.3288,0.50779,0.25727,0.55014,0.32651,0.55496,0.18513,0.50128,0.15695,0.28629,0.17525,0.45077,0.20465,0.26323,0.2397,0.22839,0.33072,0.35672,0.56984,0.58106,0.4372,0.57095,0.48029,0.64023,0.45621,0.57628,0.31815,0.28832,0.53881,0.60441,0.60462,0.62796,0.89486,1,0.59972,0.63393,0.29426,0.52473,0.11274,0.46357,0.2385,0.23073,0.30481,0.21079,0.26192,0.31103,0.26726,0.38363,0.36337,0.39501,0.20969,0.19112,0.32784,0.37718,0.20475,0.23331,0.36714,0.59413,0.29282,0.50041,0.18257,0.26385,0.42053,0.64682,0.75295,0.86473,0.31418,0.29189,0.34246,0.43459,0.355,0.46657,0.44083,0.39333,0.47428,0.51889,0.31667,0.22807,0.19489,0.18683,0.19625,0.13902,0.20553,0.2831,0.11362,0.069956,0.24287,0.33122,0.6161,0.39236,0.63883,0.44179,0.0070742,0.079511,0.19702,0.23307,0.25647,0.38194,0.64394,0.45673,0.53582,0.40202,0.55224,0.50055,0.51311,0.42077,0.23771,0.10282,0.48678,0.38273,0.48792,0.36044,0.42436,0.0070595
0.53413,0.4167,0.51179,0.51237,0.23416,0.40383,0.37171,0.48022,0.25038,0.37881,0.38373,0.46965,0.37408,0.57375,0.42303,0.37004,0.49114,0.47791,0.54709,0.56921,0.70559,0.67467,0.52696,0.55061,0.56888,0.62896,0.53341,0.60736,0.63243,0.53165,0.67001,0.63929,0.63723,0.60458,0.62889,0.59972,1,0.88156,0.57205,0.78959,0.41759,0.6646,0.41891,0.40466,0.39035,0.33813,0.47979,0.48562,0.49787,0.5763,0.54552,0.58469,0.41695,0.32353,0.64189,0.63369,0.43829,0.43821,0.55308,0.6042,0.36499,0.34965,0.43758,0.48476,0.46015,0.47843,0.75398,0.70319,0.56875,0.55737,0.47373,0.51299,0.51828,0.39984,0.399,0.43164,0.57268,0.59896,0.55379,0.41286,0.48724,0.4702,0.41251,0.34659,0.45801,0.51132,0.42765,0.36598,0.47065,0.57036,0.64017,0.4788,0.52672,0.53859,0.41467,0.44864,0.55631,0.61519,0.57023,0.63113,0.65417,0.67749,0.63768,0.70314,0.68446,0.52695,0.60046,0.45573,0.3531,0.5013,0.66885,0.68548,0.63192,0.63836,0.5242,-0.12522
0.49473,0.35833,0.5071,0.50532,0.28503,0.50899,0.40268,0.52614,0.29794,0.38979,0.3807,0.44735,0.38186,0.55549,0.47328,0.42481,0.5297,0.4955,0.53468,0.59192,0.69674,0.69105,0.56328,0.58897,0.54973,0.6195,0.57454,0.63987,0.67226,0.61167,0.66968,0.70046,0.70527,0.67438,0.70299,0.63393,0.88156,1,0.51487,0.83396,0.46315,0.78275,0.32821,0.28295,0.34386,0.27304,0.40823,0.40298,0.42269,0.51358,0.50298,0.53786,0.45092,0.36095,0.6226,0.60448,0.41115,0.39647,0.48371,0.50093,0.38234,0.38977,0.45908,0.52345,0.4911,0.43394,0.73638,0.69921,0.59905,0.56702,0.47575,0.55897,0.62598,0.54448,0.44527,0.50075,0.56327,0.59827,0.56599,0.39925,0.49594,0.47115,0.48638,0.46907,0.47729,0.51712,0.46507,0.41256,0.48499,0.57836,0.60092,0.43862,0.48135,0.55595,0.31908,0.40826,0.49066,0.53842,0.49944,0.56844,0.58148,0.60226,0.54642,0.65402,0.60219,0.48371,0.52861,0.44929,0.31309,0.41212,0.62065,0.64085,0.59538,0.5394,0.43943,-0.10363
0.37024,0.29322,0.34401,0.25903,0.059346,0.14834,0.22551,0.31345,0.12148,0.26541,0.25464,0.32295,0.32879,0.45584,0.39628,0.32185,0.24693,0.26355,0.3597,0.36084,0.58111,0.49378,0.34857,0.32459,0.48641,0.42616,0.3033,0.28341,0.45655,0.31837,0.34879,0.33136,0.33425,0.25266,0.32038,0.29426,0.57205,0.51487,1,0.70289,0.79224,0.54348,0.32295,0.29805,0.34378,0.29355,0.28736,0.30296,0.36463,0.41232,0.32918,0.30256,0.23239,0.18697,0.4474,0.3679,0.27126,0.28232,0.37673,0.42395,0.28494,0.25086,0.27458,0.28955,0.26581,0.33592,0.48666,0.44903,0.30575,0.33501,0.29247,0.36262,0.42115,0.32173,0.26788,0.2937,0.21134,0.2311,0.28809,0.15648,0.27467,0.26696,0.49399,0.29653,0.27898,0.31789,0.30803,0.22889,0.3262,0.3494,0.30133,0.15937,0.31088,0.32975,0.33672,0.38852,0.29878,0.39953,0.26723,0.30594,0.40218,0.38389,0.38252,0.42362,0.51885,0.4964,0.54666,0.4523,0.26049,0.32154,0.24899,0.31644,0.37479,0.41448,0.43472,-0.06218
0.58013,0.48901,0.56483,0.5359,0.20341,0.40217,0.39927,0.54912,0.2966,0.37563,0.50379,0.55794,0.51984,0.66754,0.57132,0.53188,0.55349,0.52035,0.59548,0.62926,0.72104,0.63258,0.59388,0.62048,0.65253,0.68788,0.63323,0.64483,0.68984,0.59236,0.5365,0.58382,0.57171,0.48848,0.60737,0.52473,0.78959,0.83396,0.70289,1,0.5894,0.71944,0.47177,0.44883,0.53451,0.47127,0.50861,0.50163,0.53869,0.59208,0.53097,0.52868,0.43068,0.39669,0.69046,0.65217,0.49634,0.47662,0.53582,0.56645,0.43396,0.41755,0.50094,0.53059,0.5626,0.5069,0.72517,0.67945,0.55726,0.55841,0.41057,0.47991,0.56006,0.46021,0.39334,0.43319,0.36479,0.4187,0.56128,0.44902,0.55617,0.53636,0.52487,0.50113,0.55731,0.59243,0.50831,0.48824,0.53632,0.62389,0.42694,0.25739,0.37284,0.43098,0.41793,0.52298,0.50816,0.62543,0.47853,0.49556,0.52256,0.44149,0.45274,0.52704,0.54474,0.5165,0.50128,0.4324,0.3174,0.41136,0.41179,0.4759,0.44857,0.50414,0.41094,-0.041207
0.16264,0.078571,0.24941,0.17173,0.14782,0.16936,0.15325,0.22124,0.11928,0.15063,0.191,0.20277,0.27435,0.26746,0.40138,0.28183,0.1624,0.1607,0.22291,0.21906,0.44838,0.44411,0.33026,0.27337,0.33592,0.23645,0.22776,0.18757,0.39514,0.29569,0.32246,0.31364,0.25797,0.2004,0.1857,0.11274,0.41759,0.46315,0.79224,0.5894,1,0.6219,0.12954,0.059782,0.20718,0.16003,0.12136,0.103,0.18082,0.20895,0.16377,0.15905,0.19531,0.14447,0.29724,0.19135,0.098054,0.11457,0.16362,0.1452,0.17075,0.16095,0.18162,0.23847,0.16545,0.10923,0.24969,0.2218,0.20427,0.23781,0.22814,0.35726,0.45954,0.40383,0.29921,0.24312,0.10317,0.16055,0.14948,0.0029819,0.16934,0.1466,0.50275,0.32869,0.19797,0.22827,0.27162,0.21338,0.24133,0.26786,0.27552,0.20986,0.2341,0.31522,0.12827,0.25053,0.092508,0.21119,0.21832,0.1834,0.24992,0.2751,0.29169,0.33669,0.30323,0.25541,0.43287,0.32923,0.17192,0.074387,0.15668,0.23456,0.19522,0.19774,0.24531,-0.18673
0.34943,0.20055,0.52542,0.52292,0.45182,0.57417,0.49582,0.60522,0.42113,0.45719,0.40305,0.44593,0.44447,0.49739,0.55353,0.52842,0.40949,0.37866,0.49629,0.49538,0.59144,0.61282,0.63208,0.59509,0.51307,0.4755,0.51157,0.53721,0.64057,0.62903,0.60703,0.61351,0.69311,0.67924,0.57173,0.46357,0.6646,0.78275,0.54348,0.71944,0.6219,1,0.19983,0.12437,0.25311,0.15584,0.25893,0.2488,0.26567,0.3488,0.34142,0.34999,0.35779,0.23489,0.522,0.46802,0.22603,0.19752,0.3226,0.37771,0.44036,0.4657,0.40869,0.49606,0.46442,0.41662,0.57684,0.54598,0.43647,0.4256,0.53405,0.65468,0.8566,0.7907,0.67608,0.60071,0.45569,0.50658,0.43112,0.26079,0.3821,0.36141,0.56562,0.45981,0.46356,0.488,0.55403,0.37037,0.54575,0.55321,0.59013,0.46796,0.46257,0.60161,0.32565,0.37082,0.41375,0.5306,0.40297,0.4327,0.58971,0.59365,0.54009,0.5751,0.58888,0.51554,0.53567,0.41034,0.18439,0.3939,0.51283,0.48521,0.47978,0.45303,0.43469,-0.069431
0.86688,0.87903,0.78093,0.58271,0.34787,0.39005,0.59789,0.56362,0.5484,0.43721,0.73717,0.77143,0.7259,0.72568,0.70785,0.6738,0.78932,0.80673,0.7942,0.7771,0.24006,0.09387,0.61568,0.48267,0.75579,0.58601,0.66788,0.60347,0.62696,0.54108,0.22064,0.25023,0.52383,0.3932,0.37135,0.2385,0.41891,0.32821,0.32295,0.47177,0.12954,0.19983,1,0.97037,0.93582,0.93026,0.94801,0.94936,0.94268,0.89046,0.85331,0.7782,0.77124,0.76408,0.73216,0.82211,0.86212,0.87427,0.86074,0.76287,0.66177,0.43094,0.78403,0.77601,0.59971,0.45956,0.69629,0.5783,0.64161,0.72468,0.37361,0.28431,0.21688,0.11308,-0.016201,0.14417,0.29337,0.32657,0.80662,0.80175,0.79603,0.80432,0.56288,0.48289,0.77143,0.79713,0.62364,0.66549,0.75662,0.77771,0.33859,0.31395,0.1372,0.41671,0.45097,0.35566,0.72629,0.63518,0.6491,0.73532,0.29866,0.41356,0.30092,0.47059,0.2091,0.40907,0.16663,0.058425,0.12923,0.4215,0.4537,0.54958,0.4877,0.64876,0.25341,0.19209
