1,0.92746,-0.30603,0.17586,-0.29907,-0.47513,0.27645,0.71565,-0.32719,-0.24486,0.9117,0.78218,0.8575,0.79455,0.67978,0.60553,0.87164,0.74655,0.89321,0.85511,0.40369,0.24348,-0.25408,-0.43578,-0.40062,-0.4122,0.24491,0.49202,0.87791,0.76931,0.62721,0.12123,0.87635,0.83705,0.82828,0.69124,0.82965,0.78797,0.55402,0.58275,0.71772,0.63451,0.42187,-0.055125,0.78097,0.63807,-0.29826,0.39554,0.57956,-0.091211,0.75901,-0.019371,-0.1535,-0.21666,0.80787,0.72908,0.9577,0.91025,0.71228,0.52096,0.89669,0.80775,0.88052,0.87294,0.81723,0.49766,0.81563,0.82854,0.90445,0.882,0.73371,0.21367,0.79072,0.7115,0.7141,0.58928,0.58648,0.60311,0.79937,0.72875,0.84668,0.84604,0.72391,0.6226,0.8099,0.79552,0.63659,0.51963,0.87733,0.65272,0.30102,0.6161,-0.30298,0.14941,0.707,0.73193,0.80201,0.73069,0.8107,0.79384,0.76617,0.63731,0.81666,0.76655,0.61155,0.77445,0.70187,0.7173,0.67538,0.75332,0.74636,0.70079,0.28149,0.57785,0.67421,0.70909
0.92746,1,-0.22368,0.31589,-0.2382,-0.3658,0.31835,0.82399,-0.25822,-0.1398,0.91171,0.89257,0.85226,0.88462,0.66777,0.69694,0.88701,0.87182,0.86237,0.83276,0.45114,0.29986,-0.15705,-0.33451,-0.31529,-0.30803,0.32139,0.59771,0.89266,0.86807,0.71557,0.2649,0.90676,0.86916,0.79664,0.65639,0.82363,0.82392,0.57142,0.59458,0.71599,0.64794,0.38522,-0.055281,0.68037,0.53488,-0.2481,0.34384,0.52244,-0.094337,0.69392,-0.01053,-0.064807,-0.17394,0.75772,0.66194,0.91465,0.92918,0.62876,0.46721,0.83241,0.75086,0.92454,0.94147,0.79381,0.50814,0.71855,0.72614,0.86953,0.84092,0.81156,0.36474,0.82086,0.81214,0.7394,0.67171,0.64724,0.6705,0.80787,0.78668,0.84138,0.89893,0.71921,0.6884,0.8126,0.82131,0.63441,0.63424,0.8589,0.67521,0.30633,0.52026,-0.22916,0.10588,0.68226,0.66052,0.71491,0.63122,0.71648,0.6772,0.73285,0.55595,0.79612,0.69256,0.61135,0.72979,0.68724,0.66308,0.60803,0.65773,0.64507,0.59893,0.25739,0.49005,0.58445,0.63307
-0.30603,-0.22368,1,0.71688,0.94022,0.93316,0.79413,0.19197,0.94443,0.93662,-0.14368,-0.053256,-0.019004,-0.11233,0.26775,0.30779,-0.15756,0.0061812,-0.21643,-0.20132,0.23866,0.1755,0.9806,0.95007,0.94139,0.92066,0.71461,0.37294,-0.27277,-0.17584,-0.011289,0.45869,-0.11449,-0.19383,-0.0071137,0.16664,-0.24995,-0.14342,0.30741,0.24375,-0.12727,-0.21915,0.42491,0.84305,-0.68229,-0.12376,0.72766,0.094884,-0.049557,0.81095,-0.63651,0.84498,0.90738,0.88586,-0.14028,0.069038,-0.31571,-0.23687,0.0089387,0.34706,-0.24684,-0.093947,-0.15013,-0.21652,0.015929,0.45608,-0.13745,-0.15296,-0.41537,-0.32826,0.013214,0.30831,-0.30342,-0.1888,-0.24889,-0.13671,0.0086591,-0.019313,-0.1161,-0.057035,-0.095605,-0.074149,0.026801,0.22456,0.045214,0.10991,-0.0025045,0.3411,-0.14231,0.34031,0.5072,-0.078134,0.85885,0.46759,-0.54735,-0.70001,-0.73435,-0.63608,-0.71685,-0.5545,-0.19388,-0.12355,-0.32144,-0.53738,-0.30199,-0.34284,-0.53339,-0.63912,-0.4796,-0.73194,-0.76908,-0.70797,0.12917,-0.41331,-0.81366,-0.65828
0.17586,0.31589,0.71688,1,0.73243,0.68453,0.75997,0.71021,0.69903,0.78404,0.33758,0.45718,0.39813,0.44218,0.57246,0.6689,0.31787,0.52621,0.16701,0.24334,0.54094,0.55196,0.76735,0.70032,0.67218,0.7225,0.78962,0.70982,0.22807,0.36465,0.51251,0.74841,0.34506,0.3392,0.34901,0.48512,0.14802,0.31642,0.58742,0.51427,0.25141,0.15291,0.32563,0.52956,-0.21026,-0.1036,0.61804,0.40405,0.40269,0.42504,-0.035482,0.60098,0.76115,0.59324,0.14789,0.2785,0.13869,0.1972,0.19566,0.40855,0.1305,0.20972,0.36364,0.33152,0.37729,0.61166,0.16581,0.16735,0.028058,0.076008,0.43875,0.6613,0.19093,0.34628,0.19583,0.34239,0.34464,0.36766,0.31115,0.39759,0.3327,0.42032,0.36201,0.57086,0.47364,0.50366,0.26497,0.65692,0.28819,0.5024,0.42396,-0.038717,0.58452,0.28317,-0.014489,-0.26996,-0.26914,-0.32128,-0.31313,-0.27511,0.21403,0.055178,0.082729,-0.20539,0.14249,-0.049578,-0.12014,-0.27602,-0.11714,-0.29511,-0.27539,-0.37317,-0.043434,-0.24572,-0.35572,-0.14792
-0.29907,-0.2382,0.94022,0.73243,1,0.93397,0.73273,0.18866,0.94453,0.92299,-0.12803,-0.073071,-0.028996,-0.1285,0.31878,0.3214,-0.14353,-0.0076424,-0.23182,-0.17282,0.30341,0.26487,0.92812,0.9287,0.92415,0.91411,0.73336,0.38721,-0.24663,-0.16026,-0.0053922,0.46555,-0.11756,-0.16778,-0.021345,0.1882,-0.24832,-0.13555,0.33244,0.25558,-0.10341,-0.19973,0.31769,0.77411,-0.63179,-0.2253,0.79955,0.22177,0.07196,0.70716,-0.54088,0.79463,0.875,0.84073,-0.18983,0.035368,-0.31926,-0.26836,-0.0011366,0.32555,-0.25291,-0.11191,-0.15454,-0.22417,0.013323,0.44056,-0.11036,-0.13015,-0.41445,-0.335,-0.015801,0.35365,-0.29837,-0.19958,-0.23005,-0.11096,-0.0060957,-0.019335,-0.10798,-0.051231,-0.092537,-0.082132,0.052028,0.26721,0.047818,0.094787,-0.023423,0.33374,-0.16866,0.26338,0.41779,-0.1388,0.8045,0.38851,-0.4582,-0.65358,-0.70641,-0.64006,-0.70969,-0.56956,-0.17646,-0.16034,-0.32147,-0.56863,-0.23994,-0.38119,-0.53566,-0.65495,-0.42697,-0.69258,-0.69497,-0.69222,0.032507,-0.46015,-0.76116,-0.55719
-0.47513,-0.3658,0.93316,0.68453,0.93397,1,0.60542,0.081234,0.94556,0.94032,-0.30117,-0.1776,-0.19538,-0.22804,0.13446,0.22477,-0.3091,-0.10728,-0.41186,-0.34869,0.15639,0.1967,0.92105,0.9546,0.9621,0.9723,0.60469,0.31128,-0.40428,-0.26206,-0.10488,0.44808,-0.26845,-0.30887,-0.1958,0.030381,-0.4217,-0.25822,0.19849,0.13832,-0.24479,-0.29646,0.21789,0.71264,-0.73447,-0.34551,0.78236,0.11679,-0.041312,0.65415,-0.63597,0.72946,0.86124,0.82938,-0.3066,-0.094945,-0.47693,-0.38778,-0.15202,0.1946,-0.42092,-0.25766,-0.30401,-0.33849,-0.17334,0.31533,-0.28691,-0.30782,-0.55471,-0.4681,-0.12742,0.32365,-0.45292,-0.27848,-0.3801,-0.20039,-0.12499,-0.12247,-0.25432,-0.15827,-0.2489,-0.20705,-0.077661,0.14755,-0.11128,-0.044981,-0.12511,0.23671,-0.31687,0.12936,0.34258,-0.27202,0.81909,0.32201,-0.53424,-0.7693,-0.80422,-0.76182,-0.8187,-0.707,-0.35781,-0.302,-0.4991,-0.69899,-0.38071,-0.52398,-0.64797,-0.75467,-0.54007,-0.80626,-0.80907,-0.80946,-0.048222,-0.52656,-0.85051,-0.66844
0.27645,0.31835,0.79413,0.75997,0.73273,0.60542,1,0.61571,0.7175,0.75195,0.4164,0.43557,0.49833,0.36928,0.66098,0.66198,0.35054,0.43283,0.35145,0.34357,0.46581,0.27524,0.80951,0.64533,0.66064,0.62278,0.84349,0.65778,0.25495,0.27614,0.38234,0.45988,0.41714,0.32192,0.49763,0.55809,0.29422,0.33755,0.613,0.57195,0.33141,0.18824,0.69071,0.79568,-0.2236,0.29193,0.47117,0.24344,0.21901,0.75381,-0.2163,0.79816,0.75036,0.72017,0.31344,0.46854,0.22425,0.28715,0.43794,0.62974,0.29609,0.35918,0.39058,0.31706,0.49448,0.71435,0.35581,0.34154,0.11173,0.19025,0.48526,0.41251,0.21607,0.257,0.22347,0.25097,0.42489,0.39255,0.35068,0.3528,0.38293,0.41185,0.43145,0.57212,0.47635,0.55266,0.38523,0.63683,0.37774,0.72513,0.73116,0.36687,0.6925,0.61225,-0.18894,-0.2342,-0.26064,-0.15377,-0.20534,-0.038134,0.30605,0.32382,0.21812,-0.014214,0.06887,0.18706,-0.081504,-0.17753,-0.061113,-0.24906,-0.3055,-0.22765,0.39483,-0.019603,-0.37911,-0.22942
0.71565,0.82399,0.19197,0.71021,0.18866,0.081234,0.61571,1,0.15076,0.29599,0.81152,0.8754,0.79721,0.8742,0.72015,0.84076,0.75772,0.87065,0.67829,0.71922,0.58014,0.49145,0.27816,0.093944,0.10098,0.13465,0.61077,0.78892,0.73047,0.80556,0.80561,0.51167,0.81426,0.80414,0.75381,0.73548,0.66513,0.79137,0.66397,0.67375,0.60857,0.55744,0.41531,0.20401,0.38787,0.31567,0.13057,0.4563,0.57987,0.12201,0.47752,0.27896,0.29108,0.15122,0.58104,0.5905,0.67371,0.73205,0.55936,0.53314,0.67147,0.65435,0.82801,0.85389,0.75799,0.67678,0.60961,0.61285,0.58805,0.60852,0.82502,0.59431,0.69394,0.79166,0.66214,0.69393,0.69001,0.72752,0.71745,0.75388,0.72976,0.84161,0.63926,0.74507,0.79124,0.82117,0.57119,0.75065,0.73406,0.73032,0.4592,0.41161,0.15719,0.25912,0.44772,0.35247,0.36388,0.33898,0.36096,0.39054,0.65657,0.46116,0.6139,0.42344,0.50545,0.51147,0.40941,0.35454,0.39465,0.33906,0.35686,0.29176,0.21031,0.26234,0.27174,0.40908
-0.32719,-0.25822,0.94443,0.69903,0.94453,0.94556,0.7175,0.15076,1,0.93925,-0.16391,-0.092151,-0.041764,-0.14455,0.2899,0.3083,-0.15554,-0.035021,-0.25952,-0.20112,0.24962,0.22634,0.93392,0.92684,0.95054,0.93794,0.66718,0.3609,-0.2762,-0.1922,-0.049188,0.45188,-0.14195,-0.21183,-0.047685,0.14689,-0.30263,-0.17069,0.31209,0.24852,-0.1065,-0.21198,0.37768,0.80354,-0.61938,-0.16995,0.75559,0.18931,0.071874,0.74821,-0.55324,0.81634,0.88459,0.88323,-0.14412,0.062823,-0.33066,-0.2636,0.014729,0.32786,-0.25969,-0.12687,-0.19171,-0.26471,-0.015501,0.43938,-0.11966,-0.14482,-0.40596,-0.32465,0.00080114,0.33818,-0.3354,-0.20887,-0.29006,-0.11999,-0.030181,-0.038328,-0.10523,-0.043547,-0.095018,-0.093378,0.065894,0.25047,0.029714,0.089803,0.021392,0.31015,-0.16028,0.26257,0.47906,-0.095246,0.83549,0.46939,-0.50494,-0.67426,-0.69915,-0.64442,-0.69802,-0.55774,-0.21517,-0.11344,-0.35515,-0.5471,-0.27616,-0.37988,-0.52974,-0.64792,-0.47776,-0.70806,-0.72484,-0.73174,0.018774,-0.39046,-0.77068,-0.58838
-0.24486,-0.1398,0.93662,0.78404,0.92299,0.94032,0.75195,0.29599,0.93925,1,-0.09566,0.023533,0.02419,-0.021704,0.3281,0.42854,-0.08964,0.090397,-0.2037,-0.1459,0.28138,0.28603,0.94161,0.92012,0.93312,0.92912,0.74909,0.49294,-0.2049,-0.07511,0.04349,0.51335,-0.058706,-0.12165,0.022464,0.22442,-0.22765,-0.067935,0.36992,0.32705,-0.038612,-0.12794,0.39769,0.77916,-0.58464,-0.14092,0.72785,0.19086,0.09113,0.73571,-0.49803,0.82347,0.892,0.85218,-0.066263,0.13191,-0.24531,-0.1535,0.054919,0.37414,-0.18276,-0.015507,-0.077793,-0.12327,0.071577,0.51231,-0.083461,-0.096009,-0.35851,-0.26996,0.068173,0.37533,-0.26611,-0.10663,-0.22509,-0.069521,0.0024991,0.0078171,-0.054175,0.018112,-0.025645,0.008401,0.10915,0.33935,0.11077,0.18639,0.06508,0.43489,-0.067434,0.36881,0.50527,-0.082452,0.82136,0.42873,-0.42647,-0.6383,-0.64866,-0.61321,-0.64779,-0.52562,-0.16903,-0.12792,-0.30241,-0.51117,-0.24362,-0.31385,-0.48884,-0.60185,-0.40355,-0.6645,-0.67861,-0.6697,0.068898,-0.35262,-0.74055,-0.54548
0.9117,0.91171,-0.14368,0.33758,-0.12803,-0.30117,0.4164,0.81152,-0.16391,-0.09566,1,0.87689,0.93436,0.87863,0.74959,0.69805,0.92798,0.87003,0.84719,0.82772,0.44761,0.28307,-0.074591,-0.27749,-0.22858,-0.24899,0.39188,0.57946,0.93019,0.87719,0.69985,0.23375,0.84546,0.80595,0.79087,0.67765,0.8086,0.82898,0.58173,0.60811,0.72901,0.618,0.47163,0.059827,0.64745,0.56428,-0.15441,0.42868,0.53973,-0.0037957,0.65237,0.068213,0.017475,-0.079253,0.7676,0.7083,0.87483,0.86011,0.66318,0.51644,0.81139,0.71377,0.87486,0.86596,0.7957,0.50935,0.75133,0.75863,0.82056,0.8052,0.82353,0.34375,0.84551,0.83303,0.77659,0.68923,0.68166,0.69496,0.87996,0.82941,0.89187,0.91991,0.74708,0.72083,0.8415,0.85002,0.63133,0.6292,0.84419,0.69443,0.3211,0.53427,-0.19703,0.14898,0.62873,0.65226,0.67369,0.62262,0.67186,0.67962,0.75295,0.58464,0.79221,0.66801,0.62796,0.73955,0.67579,0.65516,0.625,0.6352,0.62219,0.56985,0.28598,0.45331,0.52436,0.61623
0.78218,0.89257,-0.053256,0.45718,-0.073071,-0.1776,0.43557,0.8754,-0.092151,0.023533,0.87689,1,0.84983,0.95451,0.69495,0.78031,0.84518,0.91949,0.72937,0.76059,0.511,0.41036,0.038632,-0.14098,-0.13989,-0.10984,0.40825,0.65385,0.85533,0.91224,0.78411,0.39272,0.82483,0.81969,0.71383,0.62959,0.7392,0.79246,0.59583,0.60249,0.68744,0.64228,0.3654,0.033531,0.49284,0.38711,-0.10023,0.32407,0.43724,-0.037459,0.54543,0.051278,0.07768,-0.057121,0.65344,0.56843,0.75224,0.78962,0.49467,0.37757,0.67593,0.60116,0.88077,0.89598,0.68517,0.46933,0.57765,0.58476,0.68052,0.67385,0.8429,0.495,0.79756,0.85588,0.71505,0.73261,0.68416,0.72395,0.8103,0.81555,0.80481,0.89618,0.69559,0.75505,0.77052,0.8035,0.6148,0.68549,0.76221,0.63149,0.2981,0.41755,-0.086617,0.13273,0.51232,0.50753,0.51885,0.48887,0.51898,0.52111,0.66986,0.51396,0.71494,0.57852,0.63274,0.6378,0.59573,0.56761,0.45795,0.49664,0.47949,0.42345,0.19236,0.36575,0.44312,0.54424
0.8575,0.85226,-0.019004,0.39813,-0.028996,-0.19538,0.49833,0.79721,-0.041764,0.02419,0.93436,0.84983,1,0.86431,0.82225,0.7131,0.89203,0.83286,0.77396,0.73037,0.45991,0.3061,0.056301,-0.15557,-0.10516,-0.1392,0.49062,0.6408,0.88945,0.83205,0.66024,0.26638,0.76499,0.70623,0.7675,0.66839,0.73973,0.76619,0.62564,0.62082,0.67059,0.5664,0.53628,0.17233,0.55906,0.57818,-0.080153,0.43008,0.51625,0.11397,0.57417,0.17727,0.13868,0.043631,0.79942,0.7441,0.82559,0.81645,0.65705,0.56,0.77305,0.72452,0.81234,0.79203,0.81441,0.57397,0.71365,0.73053,0.75073,0.74726,0.78827,0.31361,0.78248,0.76241,0.69898,0.61583,0.57734,0.60602,0.86267,0.80199,0.8884,0.89894,0.78117,0.74314,0.89182,0.87731,0.63683,0.6798,0.83842,0.73165,0.35434,0.51731,-0.11423,0.21344,0.56412,0.56528,0.59093,0.56151,0.58186,0.62003,0.6708,0.57124,0.71288,0.59895,0.5952,0.70547,0.58957,0.57574,0.53848,0.53565,0.51111,0.46837,0.28291,0.43305,0.41314,0.52727
0.79455,0.88462,-0.11233,0.44218,-0.1285,-0.22804,0.36928,0.8742,-0.14455,-0.021704,0.87863,0.95451,0.86431,1,0.66398,0.74958,0.85083,0.92163,0.71449,0.7326,0.49853,0.40865,-0.008923,-0.20843,-0.17779,-0.15611,0.38578,0.65996,0.87531,0.92951,0.80681,0.33488,0.79337,0.78968,0.70935,0.62093,0.73489,0.82674,0.59911,0.60797,0.65747,0.65066,0.34617,-0.015603,0.56673,0.41566,-0.12632,0.38008,0.50391,-0.077134,0.62274,0.0073684,0.047427,-0.093377,0.70529,0.5973,0.77931,0.81353,0.53807,0.39942,0.7107,0.64176,0.85824,0.88559,0.72771,0.47241,0.60649,0.62307,0.70005,0.70833,0.82074,0.43589,0.82759,0.89775,0.74385,0.73356,0.65183,0.70691,0.8283,0.82346,0.80752,0.91353,0.66304,0.7158,0.81252,0.82255,0.56875,0.6624,0.80878,0.63259,0.25631,0.42614,-0.14189,0.11716,0.56372,0.59435,0.58556,0.58323,0.57322,0.58974,0.66019,0.52731,0.72009,0.62986,0.64479,0.65632,0.63189,0.6261,0.48329,0.57039,0.55845,0.49241,0.17561,0.42017,0.50125,0.5658
0.67978,0.66777,0.26775,0.57246,0.31878,0.13446,0.66098,0.72015,0.2899,0.3281,0.74959,0.69495,0.82225,0.66398,1,0.85343,0.73691,0.69738,0.6252,0.64168,0.63228,0.48475,0.33725,0.17132,0.21682,0.20675,0.69016,0.71301,0.70739,0.67773,0.58657,0.38975,0.68033,0.62544,0.67525,0.66087,0.56649,0.63114,0.81736,0.77456,0.66954,0.57491,0.51041,0.39028,0.29871,0.38577,0.25026,0.52396,0.51448,0.3012,0.34755,0.41451,0.36439,0.2893,0.65815,0.68427,0.63415,0.62309,0.56253,0.58605,0.5945,0.60388,0.67444,0.6208,0.70773,0.6449,0.62273,0.62715,0.52773,0.55593,0.65024,0.39883,0.5458,0.54463,0.50063,0.47968,0.45363,0.49661,0.71289,0.70064,0.74958,0.73851,0.877,0.87121,0.79883,0.78719,0.67287,0.75287,0.68955,0.71506,0.44625,0.43796,0.171,0.37706,0.35144,0.32748,0.28889,0.29638,0.27402,0.37175,0.56786,0.52363,0.53166,0.33984,0.56698,0.5158,0.3668,0.27424,0.37926,0.27936,0.25445,0.17459,0.19992,0.32556,0.18248,0.38001
0.60553,0.69694,0.30779,0.6689,0.3214,0.22477,0.66198,0.84076,0.3083,0.42854,0.69805,0.78031,0.7131,0.74958,0.85343,1,0.67518,0.76303,0.60574,0.6567,0.64981,0.54353,0.39336,0.23186,0.26163,0.28649,0.70351,0.82299,0.66554,0.74376,0.69387,0.49404,0.72993,0.70051,0.65447,0.65615,0.58942,0.73615,0.83218,0.83157,0.67543,0.66204,0.45803,0.34478,0.23176,0.30747,0.23038,0.42919,0.46339,0.27937,0.28541,0.40442,0.37016,0.27242,0.57249,0.59367,0.56908,0.62614,0.50725,0.53704,0.55901,0.57926,0.70922,0.70915,0.6614,0.65547,0.54566,0.54882,0.481,0.50441,0.73138,0.53314,0.55688,0.64828,0.53766,0.59203,0.56467,0.62488,0.66151,0.71205,0.67103,0.75927,0.77858,0.89019,0.70949,0.7782,0.66396,0.79755,0.64279,0.72862,0.54363,0.43501,0.29084,0.38271,0.31044,0.25366,0.22502,0.24359,0.23047,0.30787,0.56616,0.47925,0.52465,0.31882,0.49653,0.47546,0.32325,0.23951,0.36054,0.23756,0.20679,0.14637,0.25835,0.30046,0.14292,0.32693
0.87164,0.88701,-0.15756,0.31787,-0.14353,-0.3091,0.35054,0.75772,-0.15554,-0.08964,0.92798,0.84518,0.89203,0.85083,0.73691,0.67518,1,0.88253,0.76747,0.7971,0.40396,0.33101,-0.091943,-0.2622,-0.21744,-0.23737,0.35434,0.53451,0.92165,0.87716,0.62729,0.27441,0.78894,0.74596,0.73372,0.63514,0.73018,0.76675,0.60068,0.61739,0.71697,0.59365,0.48868,0.081999,0.65891,0.57118,-0.13055,0.4675,0.56064,0.0058871,0.65977,0.07771,0.043997,-0.054105,0.8168,0.74385,0.87844,0.85029,0.64172,0.4962,0.7658,0.70221,0.82329,0.80164,0.73421,0.48646,0.72242,0.74298,0.8221,0.81278,0.76492,0.32672,0.79356,0.77818,0.69221,0.61854,0.58297,0.62442,0.9488,0.9,0.95225,0.93547,0.80267,0.76023,0.85186,0.85849,0.70402,0.64977,0.84578,0.6716,0.27572,0.46223,-0.23279,0.092818,0.6168,0.63607,0.69028,0.60283,0.6561,0.65867,0.69875,0.54064,0.75037,0.63732,0.65484,0.70021,0.66779,0.6324,0.57642,0.62125,0.60236,0.49531,0.15564,0.46388,0.52005,0.63479
0.74655,0.87182,0.0061812,0.52621,-0.0076424,-0.10728,0.43283,0.87065,-0.035021,0.090397,0.87003,0.91949,0.83286,0.92163,0.69738,0.76303,0.88253,1,0.6691,0.70082,0.49687,0.42528,0.093591,-0.076283,-0.058252,-0.037784,0.46469,0.65565,0.84056,0.92771,0.743,0.43013,0.77332,0.74869,0.67246,0.6034,0.66735,0.77888,0.62824,0.62483,0.64729,0.58998,0.38168,0.097533,0.46058,0.35625,0.013616,0.41656,0.47853,0.011571,0.52659,0.11447,0.18191,0.014976,0.66703,0.60832,0.74166,0.78945,0.48386,0.40622,0.63132,0.59098,0.82596,0.8518,0.6767,0.48761,0.55283,0.56377,0.66088,0.65106,0.79813,0.50282,0.75828,0.8539,0.68062,0.68175,0.63178,0.67003,0.84794,0.8923,0.84233,0.92444,0.70715,0.77707,0.81175,0.82949,0.59669,0.73695,0.75705,0.66864,0.25191,0.30495,-0.084236,0.058124,0.52051,0.48218,0.48694,0.43843,0.44907,0.4626,0.62028,0.41007,0.65458,0.4782,0.6123,0.56361,0.56397,0.50528,0.42695,0.4184,0.42626,0.33328,0.10746,0.28191,0.3512,0.47063
0.89321,0.86237,-0.21643,0.16701,-0.23182,-0.41186,0.35145,0.67829,-0.25952,-0.2037,0.84719,0.72937,0.77396,0.71449,0.6252,0.60574,0.76747,0.6691,1,0.90674,0.42763,0.17683,-0.17594,-0.37534,-0.36785,-0.37297,0.2575,0.49807,0.80121,0.6811,0.66888,0.11366,0.88723,0.84755,0.80707,0.63434,0.90372,0.80449,0.5535,0.5593,0.747,0.67007,0.42216,-0.035578,0.65252,0.63305,-0.36533,0.16874,0.41559,-0.022874,0.58348,-0.012208,-0.17476,-0.22122,0.66376,0.5711,0.82744,0.79548,0.6344,0.45857,0.81276,0.67993,0.85662,0.81837,0.77329,0.44765,0.73356,0.73105,0.84003,0.78172,0.78066,0.25134,0.83201,0.71235,0.79452,0.64891,0.73376,0.70174,0.68469,0.60209,0.69811,0.73339,0.61001,0.54129,0.65825,0.67037,0.58163,0.46982,0.80805,0.62717,0.45568,0.66343,-0.14551,0.24567,0.53415,0.62349,0.68408,0.67365,0.74944,0.72617,0.81582,0.64379,0.84879,0.74799,0.52699,0.78093,0.65202,0.64958,0.60797,0.66858,0.63701,0.67604,0.45757,0.53445,0.60159,0.59383
0.85511,0.83276,-0.20132,0.24334,-0.17282,-0.34869,0.34357,0.71922,-0.20112,-0.1459,0.82772,0.76059,0.73037,0.7326,0.64168,0.6567,0.7971,0.70082,0.90674,1,0.41767,0.32447,-0.15086,-0.31578,-0.29486,-0.27013,0.23035,0.49115,0.77341,0.69729,0.6802,0.19949,0.88748,0.9077,0.80692,0.69732,0.81552,0.78327,0.59659,0.59879,0.76535,0.6796,0.37587,-0.016904,0.67563,0.51906,-0.22523,0.33279,0.55492,-0.071919,0.63268,-0.00034031,-0.14442,-0.18469,0.61866,0.55723,0.79968,0.76283,0.62157,0.43334,0.77141,0.64065,0.82676,0.80089,0.71927,0.45991,0.75348,0.74517,0.8135,0.79307,0.76009,0.37486,0.78999,0.71057,0.74475,0.67751,0.72974,0.73141,0.74051,0.69236,0.73569,0.75554,0.64283,0.62498,0.6531,0.6791,0.62772,0.46541,0.75511,0.55494,0.42301,0.60786,-0.11234,0.23213,0.5093,0.60178,0.65966,0.63676,0.69424,0.68647,0.79375,0.63258,0.79166,0.69131,0.56995,0.66932,0.57456,0.56348,0.53745,0.65016,0.65715,0.59229,0.27397,0.50689,0.62293,0.65126
0.40369,0.45114,0.23866,0.54094,0.30341,0.15639,0.46581,0.58014,0.24962,0.28138,0.44761,0.511,0.45991,0.49853,0.63228,0.64981,0.40396,0.49687,0.42763,0.41767,1,0.52765,0.30663,0.175,0.13759,0.20903,0.58088,0.63916,0.44131,0.47236,0.63404,0.34443,0.55147,0.55139,0.4842,0.49891,0.50393,0.55581,0.69988,0.66808,0.5165,0.58862,0.099345,0.11156,0.10653,0.020908,0.19877,0.24271,0.31943,0.081604,0.21088,0.2111,0.22778,0.13067,0.252,0.27685,0.33756,0.33013,0.21781,0.25762,0.35547,0.30522,0.54722,0.50406,0.51535,0.40478,0.30801,0.30596,0.26106,0.22995,0.51973,0.38633,0.47727,0.47982,0.44894,0.4635,0.4137,0.43748,0.33382,0.39828,0.34006,0.42764,0.50332,0.57058,0.48326,0.46341,0.36536,0.54678,0.46456,0.467,0.29376,0.23882,0.19893,0.21985,0.17423,0.1828,0.080385,0.16989,0.10077,0.16169,0.45333,0.25617,0.38849,0.16428,0.40877,0.28336,0.23968,0.1028,0.26737,0.14777,0.15574,0.14141,0.15138,0.057951,0.10526,0.24724
0.24348,0.29986,0.1755,0.55196,0.26487,0.1967,0.27524,0.49145,0.22634,0.28603,0.28307,0.41036,0.3061,0.40865,0.48475,0.54353,0.33101,0.42528,0.17683,0.32447,0.52765,1,0.23883,0.23915,0.21024,0.30398,0.41243,0.55448,0.29149,0.3851,0.52706,0.63434,0.35015,0.42815,0.29874,0.37819,0.22965,0.36566,0.566,0.49807,0.38837,0.41773,-0.054239,0.03574,0.11661,-0.20693,0.35288,0.45514,0.45086,-0.10266,0.31687,0.14041,0.23022,0.10223,0.1672,0.16175,0.20615,0.18931,0.086092,0.10703,0.1786,0.15138,0.35811,0.3708,0.26984,0.2661,0.18474,0.19061,0.14399,0.1361,0.34423,0.62948,0.26442,0.35434,0.26095,0.42483,0.26642,0.32364,0.34425,0.40621,0.34005,0.36944,0.38937,0.49937,0.4138,0.36095,0.36836,0.52955,0.33802,0.21003,0.1102,-0.010434,0.15693,0.11506,0.16159,0.097084,0.063553,0.027913,-0.0077363,-0.010542,0.32141,0.19998,0.25609,0.088628,0.48214,0.12492,0.1874,0.038825,0.01069,0.045263,0.14923,-0.097198,-0.37366,0.097863,0.16787,0.30283
-0.25408,-0.15705,0.9806,0.76735,0.92812,0.92105,0.80951,0.27816,0.93392,0.94161,-0.074591,0.038632,0.056301,-0.008923,0.33725,0.39336,-0.091943,0.093591,-0.17594,-0.15086,0.30663,0.23883,1,0.93215,0.94106,0.92121,0.7674,0.47437,-0.20811,-0.08872,0.084621,0.48132,-0.049843,-0.11662,0.065452,0.23865,-0.19674,-0.05172,0.36622,0.31282,-0.062928,-0.14216,0.43841,0.81607,-0.62131,-0.097791,0.70635,0.12387,0.017369,0.78835,-0.55984,0.84383,0.90864,0.87333,-0.08845,0.10729,-0.26244,-0.17134,0.051319,0.38084,-0.19158,-0.038259,-0.08005,-0.13874,0.086271,0.5057,-0.081186,-0.092034,-0.37616,-0.28258,0.082178,0.33938,-0.23676,-0.095028,-0.18275,-0.061154,0.049145,0.02795,-0.053946,0.0084398,-0.02504,0.012143,0.092622,0.30064,0.13213,0.19637,0.063901,0.41812,-0.076124,0.3889,0.52205,-0.041615,0.84851,0.47579,-0.4909,-0.6236,-0.68236,-0.56568,-0.66544,-0.49732,-0.14502,-0.082725,-0.27124,-0.49328,-0.24007,-0.2825,-0.47519,-0.59131,-0.41907,-0.67366,-0.70528,-0.65243,0.15309,-0.3675,-0.76852,-0.6063
-0.43578,-0.33451,0.95007,0.70032,0.9287,0.9546,0.64533,0.093944,0.92684,0.92012,-0.27749,-0.14098,-0.15557,-0.20843,0.17132,0.23186,-0.2622,-0.076283,-0.37534,-0.31578,0.175,0.23915,0.93215,1,0.94058,0.95316,0.61838,0.27327,-0.37939,-0.2489,-0.083354,0.56856,-0.23754,-0.27596,-0.15445,0.060732,-0.37586,-0.26295,0.22703,0.14787,-0.21709,-0.28174,0.23985,0.74458,-0.75496,-0.32881,0.80015,0.11461,-0.080506,0.68066,-0.65889,0.74896,0.86881,0.82677,-0.28458,-0.078622,-0.43946,-0.36999,-0.15239,0.18721,-0.39916,-0.23116,-0.27665,-0.32288,-0.14609,0.3396,-0.28447,-0.29706,-0.52606,-0.4523,-0.10277,0.366,-0.41615,-0.28074,-0.3517,-0.17608,-0.093966,-0.093072,-0.22062,-0.13363,-0.20553,-0.18411,-0.062959,0.1551,-0.073135,-0.024958,-0.1112,0.25606,-0.29076,0.15589,0.36536,-0.25762,0.83646,0.34243,-0.56454,-0.79672,-0.80606,-0.77964,-0.8171,-0.70388,-0.28894,-0.24514,-0.43835,-0.65514,-0.30928,-0.49086,-0.59255,-0.72991,-0.58067,-0.82747,-0.83304,-0.84421,-0.070389,-0.50921,-0.84036,-0.66131
-0.40062,-0.31529,0.94139,0.67218,0.92415,0.9621,0.66064,0.10098,0.95054,0.93312,-0.22858,-0.13989,-0.10516,-0.17779,0.21682,0.26163,-0.21744,-0.058252,-0.36785,-0.29486,0.13759,0.21024,0.94106,0.94058,1,0.96608,0.66591,0.34448,-0.34401,-0.22046,-0.11032,0.43148,-0.22758,-0.28924,-0.10052,0.095842,-0.40002,-0.21542,0.2413,0.19827,-0.19881,-0.28651,0.35411,0.79179,-0.66049,-0.20181,0.7742,0.18416,0.023601,0.74356,-0.59032,0.81734,0.90062,0.89521,-0.17407,0.040703,-0.37962,-0.28734,-0.019511,0.31713,-0.32349,-0.1486,-0.27414,-0.3105,-0.077595,0.40799,-0.16445,-0.18498,-0.47839,-0.36294,-0.096396,0.28785,-0.43554,-0.25986,-0.38276,-0.21111,-0.13522,-0.13718,-0.15005,-0.068169,-0.12859,-0.1157,0.018999,0.22018,0.0027026,0.070576,-0.036341,0.29632,-0.22109,0.23626,0.40369,-0.16373,0.81413,0.40638,-0.50919,-0.69274,-0.73479,-0.66839,-0.75292,-0.5975,-0.31673,-0.18941,-0.45009,-0.61754,-0.32666,-0.44234,-0.58133,-0.68516,-0.51121,-0.75745,-0.76515,-0.77592,-0.021355,-0.41611,-0.81991,-0.64245
-0.4122,-0.30803,0.92066,0.7225,0.91411,0.9723,0.62278,0.13465,0.93794,0.92912,-0.24899,-0.10984,-0.1392,-0.15611,0.20675,0.28649,-0.23737,-0.037784,-0.37297,-0.27013,0.20903,0.30398,0.92121,0.95316,0.96608,1,0.62041,0.36423,-0.35375,-0.20491,-0.035645,0.50829,-0.204,-0.22735,-0.11686,0.10172,-0.38584,-0.20177,0.2804,0.21338,-0.17965,-0.22455,0.22725,0.71221,-0.67175,-0.33321,0.80251,0.19437,0.030783,0.63176,-0.56328,0.73754,0.86799,0.83433,-0.24606,-0.041412,-0.41831,-0.3317,-0.11968,0.21366,-0.37236,-0.20923,-0.24106,-0.27729,-0.12342,0.35694,-0.22835,-0.24466,-0.49634,-0.40559,-0.082753,0.38716,-0.41635,-0.22723,-0.35657,-0.14906,-0.10431,-0.087076,-0.17617,-0.066529,-0.17131,-0.13689,0.0074077,0.22642,-0.03482,0.027039,-0.046999,0.29657,-0.24708,0.16569,0.35014,-0.24513,0.81186,0.33518,-0.51733,-0.71787,-0.75961,-0.70038,-0.78454,-0.6493,-0.30119,-0.23406,-0.44837,-0.65037,-0.27962,-0.48903,-0.58963,-0.71814,-0.5754,-0.78096,-0.76135,-0.811,-0.13092,-0.48838,-0.78629,-0.59908
0.24491,0.32139,0.71461,0.78962,0.73336,0.60469,0.84349,0.61077,0.66718,0.74909,0.39188,0.40825,0.49062,0.38578,0.69016,0.70351,0.35434,0.46469,0.2575,0.23035,0.58088,0.41243,0.7674,0.61838,0.66591,0.62041,1,0.80697,0.27355,0.3425,0.39232,0.48599,0.356,0.27491,0.45681,0.52569,0.25769,0.38487,0.64677,0.62591,0.30534,0.22809,0.52345,0.65005,-0.19315,0.1763,0.50434,0.33129,0.28045,0.62593,-0.1093,0.73789,0.72802,0.65009,0.31053,0.45824,0.22145,0.2915,0.39367,0.61258,0.28143,0.39248,0.36811,0.31577,0.53541,0.71068,0.33265,0.32387,0.099478,0.15126,0.39613,0.39114,0.17202,0.26187,0.18796,0.20829,0.26392,0.25852,0.32846,0.3592,0.39145,0.43134,0.47779,0.64,0.56378,0.58523,0.37183,0.76181,0.41151,0.71938,0.55684,0.21948,0.56681,0.43127,-0.021348,-0.16794,-0.20833,-0.15404,-0.2015,-0.076464,0.25356,0.19098,0.16914,-0.092859,0.1002,0.14207,-0.056077,-0.18221,0.057581,-0.22015,-0.24899,-0.21473,0.28228,-0.071048,-0.36801,-0.17074
0.49202,0.59771,0.37294,0.70982,0.38721,0.31128,0.65778,0.78892,0.3609,0.49294,0.57946,0.65385,0.6408,0.65996,0.71301,0.82299,0.53451,0.65565,0.49807,0.49115,0.63916,0.55448,0.47437,0.27327,0.34448,0.36423,0.80697,1,0.50338,0.58376,0.67773,0.44043,0.61556,0.59044,0.62785,0.62854,0.51186,0.6621,0.70763,0.7079,0.52943,0.53159,0.39206,0.30205,0.15907,0.23914,0.18053,0.29766,0.4297,0.27338,0.26694,0.42022,0.41799,0.31086,0.44224,0.46739,0.4393,0.51382,0.442,0.52277,0.47161,0.50617,0.64277,0.63316,0.66074,0.65506,0.46278,0.46751,0.35848,0.37397,0.61696,0.4622,0.44757,0.56536,0.45552,0.47438,0.45025,0.46868,0.48916,0.51467,0.52915,0.62394,0.58363,0.72843,0.66268,0.69813,0.52175,0.82536,0.62224,0.69826,0.48861,0.34483,0.31782,0.33124,0.25786,0.18048,0.12886,0.18769,0.14276,0.20569,0.45265,0.32222,0.41986,0.19595,0.31488,0.37295,0.22123,0.11093,0.25386,0.11958,0.115,0.11151,0.26046,0.15376,0.026653,0.18293
0.87791,0.89266,-0.27277,0.22807,-0.24663,-0.40428,0.25495,0.73047,-0.2762,-0.2049,0.93019,0.85533,0.88945,0.87531,0.70739,0.66554,0.92165,0.84056,0.80121,0.77341,0.44131,0.29149,-0.20811,-0.37939,-0.34401,-0.35375,0.27355,0.50338,1,0.93157,0.6824,0.19703,0.78827,0.75293,0.66654,0.52505,0.79841,0.81146,0.55945,0.57122,0.73135,0.64263,0.34203,-0.083336,0.66713,0.51241,-0.22712,0.37955,0.47364,-0.13301,0.67477,-0.083187,-0.10165,-0.2114,0.76825,0.64354,0.85933,0.82987,0.56546,0.38656,0.75323,0.64982,0.83178,0.8363,0.70587,0.36904,0.66288,0.67586,0.81249,0.78073,0.80275,0.31761,0.87854,0.84619,0.78594,0.70109,0.61561,0.64962,0.88597,0.82238,0.86494,0.89126,0.76794,0.71403,0.78567,0.78006,0.59641,0.57251,0.80118,0.58628,0.19886,0.47115,-0.31712,0.070281,0.70463,0.73639,0.73052,0.66968,0.71694,0.69187,0.70381,0.5626,0.78985,0.71251,0.71287,0.7654,0.74829,0.73683,0.66746,0.71601,0.67384,0.6076,0.22046,0.51299,0.61171,0.70427
0.76931,0.86807,-0.17584,0.36465,-0.16026,-0.26206,0.27614,0.80556,-0.1922,-0.07511,0.87719,0.91224,0.83205,0.92951,0.67773,0.74376,0.87716,0.92771,0.6811,0.69729,0.47236,0.3851,-0.08872,-0.2489,-0.22046,-0.20491,0.3425,0.58376,0.93157,1,0.75261,0.32389,0.75902,0.74956,0.60875,0.49196,0.70314,0.79988,0.57661,0.5826,0.67242,0.65653,0.26102,-0.071135,0.53978,0.34465,-0.1068,0.38297,0.43442,-0.14477,0.59814,-0.065199,-0.0040932,-0.15236,0.67369,0.55511,0.76328,0.78931,0.44624,0.30581,0.64332,0.56865,0.81547,0.85649,0.63186,0.35935,0.53643,0.54883,0.69656,0.67263,0.80618,0.44214,0.8189,0.89176,0.73279,0.73263,0.61017,0.67228,0.86001,0.87715,0.82307,0.90542,0.72903,0.76495,0.76226,0.77161,0.57888,0.65641,0.7338,0.56662,0.15601,0.34833,-0.23166,0.041075,0.62685,0.61907,0.59611,0.54791,0.56282,0.5508,0.62951,0.48385,0.70118,0.59253,0.71799,0.66051,0.6736,0.6539,0.56382,0.57996,0.55973,0.46997,0.12606,0.41384,0.50793,0.63291
0.62721,0.71557,-0.011289,0.51251,-0.0053922,-0.10488,0.38234,0.80561,-0.049188,0.04349,0.69985,0.78411,0.66024,0.80681,0.58657,0.69387,0.62729,0.743,0.66888,0.6802,0.63404,0.52706,0.084621,-0.083354,-0.11032,-0.035645,0.39232,0.67773,0.6824,0.75261,1,0.47047,0.7738,0.81078,0.64675,0.56977,0.71859,0.7395,0.59256,0.50349,0.59908,0.66012,0.074377,-0.096753,0.36801,0.099306,-0.017713,0.2719,0.39145,-0.17611,0.47191,-0.061679,0.0029901,-0.15781,0.36323,0.27641,0.52888,0.54622,0.27722,0.18138,0.50853,0.39461,0.78478,0.7739,0.6111,0.3497,0.41834,0.41012,0.50935,0.47516,0.79474,0.59337,0.76003,0.80398,0.749,0.75473,0.76524,0.779,0.56938,0.60344,0.5223,0.6671,0.49256,0.56812,0.59719,0.57533,0.40074,0.5667,0.61593,0.4545,0.25756,0.32805,0.014233,0.18134,0.40809,0.42299,0.35545,0.41367,0.36984,0.38011,0.69756,0.47586,0.6778,0.48999,0.61977,0.51517,0.51214,0.44444,0.39083,0.42161,0.44132,0.40478,0.13976,0.25757,0.43935,0.4894
0.12123,0.2649,0.45869,0.74841,0.46555,0.44808,0.45988,0.51167,0.45188,0.51335,0.23375,0.39272,0.26638,0.33488,0.38975,0.49404,0.27441,0.43013,0.11366,0.19949,0.34443,0.63434,0.48132,0.56856,0.43148,0.50829,0.48599,0.44043,0.19703,0.32389,0.47047,1,0.29035,0.31587,0.21359,0.30387,0.143,0.1983,0.41417,0.30864,0.2452,0.14413,0.10287,0.27625,-0.16582,-0.24019,0.4853,0.31437,0.27329,0.13361,0.011743,0.30232,0.48085,0.32201,0.04155,0.080815,0.10203,0.10958,-0.0045463,0.10687,0.018371,0.024145,0.26465,0.24523,0.1503,0.32117,0.02337,0.017345,0.036184,0.041803,0.37987,0.76127,0.18011,0.27702,0.18835,0.37706,0.36104,0.38871,0.25536,0.34129,0.25033,0.30816,0.25566,0.42123,0.30167,0.29258,0.15435,0.45494,0.17153,0.21831,0.24124,-0.1506,0.38303,0.13877,0.029413,-0.29918,-0.17209,-0.39182,-0.235,-0.33182,0.19917,0.055932,0.087819,-0.14181,0.21822,-0.071726,-0.0082273,-0.14955,-0.16926,-0.26782,-0.22699,-0.42997,-0.3158,-0.20632,-0.17822,-0.0074613
0.87635,0.90676,-0.11449,0.34506,-0.11756,-0.26845,0.41714,0.81426,-0.14195,-0.058706,0.84546,0.82483,0.76499,0.79337,0.68033,0.72993,0.78894,0.77332,0.88723,0.88748,0.55147,0.35015,-0.049843,-0.23754,-0.22758,-0.204,0.356,0.61556,0.78827,0.75902,0.7738,0.29035,1,0.95641,0.89664,0.78718,0.84998,0.84174,0.62222,0.62803,0.70993,0.67759,0.39635,0.038611,0.61979,0.49256,-0.1496,0.35874,0.53988,-0.018773,0.60076,0.089206,-0.051729,-0.11087,0.64437,0.60207,0.84191,0.84939,0.64784,0.50291,0.83359,0.72648,0.91476,0.91054,0.80641,0.59378,0.7699,0.75698,0.80815,0.79128,0.83979,0.4551,0.77293,0.74778,0.75455,0.69668,0.76401,0.76957,0.71182,0.71547,0.73619,0.80508,0.68141,0.66597,0.73489,0.75522,0.64686,0.58118,0.78803,0.67747,0.47106,0.63577,-0.032341,0.28311,0.56436,0.56924,0.60482,0.59941,0.64591,0.66013,0.79624,0.6377,0.80271,0.67909,0.57778,0.70542,0.60744,0.56278,0.54671,0.58814,0.59871,0.57668,0.33472,0.50573,0.55415,0.61786
0.83705,0.86916,-0.19383,0.3392,-0.16778,-0.30887,0.32192,0.80414,-0.21183,-0.12165,0.80595,0.81969,0.70623,0.78968,0.62544,0.70051,0.74596,0.74869,0.84755,0.9077,0.55139,0.42815,-0.11662,-0.27596,-0.28924,-0.22735,0.27491,0.59044,0.75293,0.74956,0.81078,0.31587,0.95641,1,0.84618,0.74813,0.82218,0.82084,0.6001,0.59533,0.71269,0.72228,0.23134,-0.10179,0.63533,0.3539,-0.17691,0.3423,0.55359,-0.18357,0.66107,-0.049937,-0.15046,-0.22993,0.52987,0.46532,0.77525,0.77307,0.53154,0.36087,0.75113,0.62204,0.89474,0.90403,0.72366,0.48478,0.69707,0.69058,0.75608,0.73349,0.80666,0.50627,0.77797,0.76443,0.76162,0.74639,0.75765,0.77598,0.66871,0.68095,0.68024,0.75342,0.61828,0.62911,0.66554,0.67068,0.5942,0.52363,0.72807,0.5306,0.36032,0.54675,-0.092559,0.19717,0.56357,0.58146,0.60837,0.58693,0.6382,0.61607,0.79336,0.60307,0.7846,0.65936,0.61631,0.65081,0.60319,0.54603,0.52326,0.61224,0.64748,0.5752,0.20904,0.4574,0.6247,0.67999
0.82828,0.79664,-0.0071137,0.34901,-0.021345,-0.1958,0.49763,0.75381,-0.047685,0.022464,0.79087,0.71383,0.7675,0.70935,0.67525,0.65447,0.73372,0.67246,0.80707,0.80692,0.4842,0.29874,0.065452,-0.15445,-0.10052,-0.11686,0.45681,0.62785,0.66654,0.60875,0.64675,0.21359,0.89664,0.84618,1,0.90873,0.77687,0.79229,0.62533,0.63843,0.59983,0.57845,0.54759,0.18474,0.61777,0.61485,-0.11017,0.40098,0.61195,0.15881,0.57085,0.26598,0.055362,0.049693,0.68224,0.68862,0.80932,0.81808,0.78778,0.68826,0.87652,0.81164,0.81425,0.78335,0.89045,0.74034,0.88293,0.87258,0.74899,0.77665,0.73085,0.33422,0.63982,0.62086,0.64855,0.56283,0.66128,0.65809,0.67085,0.65424,0.73429,0.76394,0.63807,0.62072,0.78824,0.79796,0.65827,0.56197,0.80804,0.74398,0.56229,0.71367,0.063932,0.37679,0.4864,0.51397,0.56391,0.59322,0.60117,0.67976,0.75497,0.66172,0.73278,0.62708,0.44907,0.66499,0.47417,0.46372,0.45257,0.5158,0.53903,0.52709,0.37399,0.47885,0.44785,0.51718
0.69124,0.65639,0.16664,0.48512,0.1882,0.030381,0.55809,0.73548,0.14689,0.22442,0.67765,0.62959,0.66839,0.62093,0.66087,0.65615,0.63514,0.6034,0.63434,0.69732,0.49891,0.37819,0.23865,0.060732,0.095842,0.10172,0.52569,0.62854,0.52505,0.49196,0.56977,0.30387,0.78718,0.74813,0.90873,1,0.6199,0.69622,0.63586,0.64906,0.48995,0.45955,0.53821,0.33047,0.46924,0.46742,0.14435,0.54195,0.65591,0.25365,0.45327,0.41456,0.23051,0.21277,0.59508,0.66988,0.67844,0.68078,0.72784,0.70677,0.75904,0.75218,0.67643,0.65608,0.80904,0.80812,0.8074,0.80424,0.56767,0.63865,0.62046,0.39678,0.48121,0.50979,0.52536,0.50563,0.57553,0.59855,0.57913,0.57237,0.65511,0.67592,0.58303,0.61605,0.74144,0.75619,0.59011,0.53899,0.68354,0.71071,0.56367,0.59274,0.21997,0.36334,0.37049,0.33194,0.37705,0.40229,0.3946,0.50335,0.6185,0.51253,0.54675,0.41395,0.31698,0.45449,0.27169,0.24369,0.32029,0.3403,0.39266,0.34126,0.28829,0.33808,0.26317,0.3921
0.82965,0.82363,-0.24995,0.14802,-0.24832,-0.4217,0.29422,0.66513,-0.30263,-0.22765,0.8086,0.7392,0.73973,0.73489,0.56649,0.58942,0.73018,0.66735,0.90372,0.81552,0.50393,0.22965,-0.19674,-0.37586,-0.40002,-0.38584,0.25769,0.51186,0.79841,0.70314,0.71859,0.143,0.84998,0.82218,0.77687,0.6199,1,0.86762,0.59164,0.56548,0.74068,0.73847,0.28108,-0.14606,0.59548,0.51375,-0.38044,0.11162,0.33531,-0.11408,0.56917,-0.0799,-0.21406,-0.27483,0.58174,0.48857,0.76196,0.73894,0.55563,0.37441,0.76574,0.6225,0.83519,0.80842,0.74127,0.36941,0.66408,0.6545,0.76211,0.70135,0.80774,0.31501,0.87094,0.76056,0.87048,0.73449,0.78933,0.76744,0.63005,0.5662,0.63011,0.69694,0.55198,0.52804,0.62621,0.62332,0.53591,0.47634,0.77473,0.59115,0.4281,0.63156,-0.1322,0.22052,0.56895,0.64836,0.64538,0.65999,0.71943,0.68978,0.83056,0.61919,0.87022,0.76002,0.56521,0.81512,0.69023,0.67633,0.61673,0.65863,0.63008,0.68459,0.46795,0.50507,0.60827,0.62142
0.78797,0.82392,-0.14342,0.31642,-0.13555,-0.25822,0.33755,0.79137,-0.17069,-0.067935,0.82898,0.79246,0.76619,0.82674,0.63114,0.73615,0.76675,0.77888,0.80449,0.78327,0.55581,0.36566,-0.05172,-0.26295,-0.21542,-0.20177,0.38487,0.6621,0.81146,0.79988,0.7395,0.1983,0.84174,0.82084,0.79229,0.69622,0.86762,1,0.68177,0.75006,0.72,0.78399,0.33532,-0.060344,0.61938,0.49345,-0.2027,0.32565,0.52724,-0.04982,0.61845,0.055525,-0.045235,-0.11306,0.65904,0.60087,0.77113,0.79405,0.63712,0.51893,0.78179,0.69733,0.80218,0.83776,0.76679,0.51471,0.72858,0.72784,0.74334,0.7302,0.8091,0.3689,0.8154,0.84745,0.83673,0.76573,0.72383,0.73495,0.71929,0.70958,0.70796,0.81447,0.65653,0.68467,0.74215,0.76825,0.63792,0.61913,0.78882,0.68326,0.43754,0.62254,-0.057953,0.22638,0.61805,0.66134,0.6206,0.66804,0.6466,0.6948,0.74159,0.57229,0.75576,0.65575,0.54339,0.72265,0.5941,0.57856,0.61496,0.61488,0.6067,0.58587,0.38127,0.4937,0.5314,0.60461
0.55402,0.57142,0.30741,0.58742,0.33244,0.19849,0.613,0.66397,0.31209,0.36992,0.58173,0.59583,0.62564,0.59911,0.81736,0.83218,0.60068,0.62824,0.5535,0.59659,0.69988,0.566,0.36622,0.22703,0.2413,0.2804,0.64677,0.70763,0.55945,0.57661,0.59256,0.41417,0.62222,0.6001,0.62533,0.63586,0.59164,0.68177,1,0.90128,0.68754,0.69613,0.38985,0.32147,0.21515,0.28363,0.20798,0.38074,0.46059,0.27779,0.27673,0.39407,0.35132,0.27667,0.5276,0.55915,0.51095,0.51753,0.47257,0.52992,0.48747,0.48478,0.58702,0.55006,0.59986,0.55972,0.52447,0.53078,0.42685,0.44578,0.58253,0.42147,0.50772,0.51925,0.49473,0.49966,0.46626,0.50382,0.56291,0.58922,0.58262,0.61331,0.74083,0.7996,0.65957,0.6636,0.67005,0.74204,0.63606,0.66386,0.4874,0.38689,0.27402,0.35618,0.2519,0.24076,0.20012,0.2329,0.18447,0.27719,0.49015,0.41326,0.45704,0.25741,0.43616,0.4312,0.23709,0.15347,0.25973,0.19867,0.17598,0.10217,0.19912,0.24399,0.12385,0.28661
0.58275,0.59458,0.24375,0.51427,0.25558,0.13832,0.57195,0.67375,0.24852,0.32705,0.60811,0.60249,0.62082,0.60797,0.77456,0.83157,0.61739,0.62483,0.5593,0.59879,0.66808,0.49807,0.31282,0.14787,0.19827,0.21338,0.62591,0.7079,0.57122,0.5826,0.50349,0.30864,0.62803,0.59533,0.63843,0.64906,0.56548,0.75006,0.90128,1,0.68228,0.73335,0.48389,0.31356,0.31977,0.43257,0.12911,0.40069,0.50555,0.31222,0.33127,0.41936,0.32608,0.29501,0.62044,0.67123,0.57585,0.60216,0.57954,0.62955,0.56809,0.59691,0.58577,0.57929,0.60703,0.60882,0.60892,0.62761,0.4889,0.53327,0.56013,0.3044,0.48673,0.53679,0.46581,0.46109,0.41258,0.44089,0.58347,0.59683,0.61584,0.65035,0.75184,0.80014,0.68054,0.72303,0.70438,0.71841,0.68663,0.73735,0.51792,0.48083,0.22157,0.33763,0.28448,0.31622,0.28847,0.32775,0.28607,0.39221,0.48127,0.40738,0.44057,0.28745,0.35085,0.44717,0.24785,0.18748,0.35108,0.26565,0.23479,0.1724,0.26109,0.30467,0.15263,0.30444
0.71772,0.71599,-0.12727,0.25141,-0.10341,-0.24479,0.33141,0.60857,-0.1065,-0.038612,0.72901,0.68744,0.67059,0.65747,0.66954,0.67543,0.71697,0.64729,0.747,0.76535,0.5165,0.38837,-0.062928,-0.21709,-0.19881,-0.17965,0.30534,0.52943,0.73135,0.67242,0.59908,0.2452,0.70993,0.71269,0.59983,0.48995,0.74068,0.72,0.68754,0.68228,1,0.7717,0.31603,-0.029211,0.50245,0.45402,-0.25727,0.16588,0.37246,-0.022552,0.50797,0.013396,-0.081567,-0.14121,0.56681,0.50299,0.66169,0.61843,0.40871,0.30028,0.57204,0.45609,0.73003,0.69337,0.5544,0.30422,0.53951,0.56012,0.61282,0.58077,0.6783,0.28202,0.75536,0.67759,0.68964,0.62725,0.58241,0.57374,0.63227,0.58948,0.65445,0.66204,0.67063,0.64877,0.57099,0.60548,0.59777,0.55524,0.68237,0.50749,0.32143,0.43585,-0.14705,0.1477,0.42908,0.53822,0.53945,0.49107,0.5602,0.51976,0.65158,0.46345,0.67691,0.54887,0.57686,0.67532,0.58373,0.50695,0.52342,0.53343,0.49374,0.44414,0.26005,0.40022,0.47421,0.52191
0.63451,0.64794,-0.21915,0.15291,-0.19973,-0.29646,0.18824,0.55744,-0.21198,-0.12794,0.618,0.64228,0.5664,0.65066,0.57491,0.66204,0.59365,0.58998,0.67007,0.6796,0.58862,0.41773,-0.14216,-0.28174,-0.28651,-0.22455,0.22809,0.53159,0.64263,0.65653,0.66012,0.14413,0.67759,0.72228,0.57845,0.45955,0.73847,0.78399,0.69613,0.73335,0.7717,1,0.11171,-0.17175,0.47455,0.29544,-0.25932,0.14598,0.29123,-0.17978,0.4948,-0.13143,-0.21042,-0.25181,0.4675,0.36961,0.57237,0.5673,0.31439,0.18262,0.52322,0.42105,0.67796,0.68093,0.51277,0.22408,0.45762,0.4656,0.57734,0.52066,0.63725,0.29118,0.70845,0.70782,0.68503,0.66333,0.58998,0.60671,0.53286,0.53613,0.49785,0.5616,0.57764,0.60276,0.49015,0.49284,0.55878,0.49127,0.63436,0.42701,0.2658,0.49858,-0.1233,0.18552,0.38546,0.54278,0.48792,0.56975,0.52835,0.57131,0.63873,0.52172,0.66831,0.58019,0.59416,0.63652,0.55774,0.52011,0.46596,0.52782,0.51365,0.49111,0.23394,0.44644,0.54043,0.56791
