1,0.91261,0.86593,0.756,0.68812,0.64651,0.86687,0.7763,0.69208,0.65636,0.80844,0.82615,0.83055,0.84988,0.80783,0.77827,0.7949,0.79953,0.85908,0.8884,0.68176,0.55581,0.82826,0.73721,0.78889,0.66442,0.69634,0.62597,0.74644,0.76876,0.58635,0.6388,0.86121,0.81966,0.7197,0.58901,0.65013,0.49464,0.84476,0.79031,0.74391,0.70486,0.86942,0.87513,0.82524,0.80228,0.86525,0.87867,0.74921,0.71344,0.7581,0.7137,0.69082,0.77515,0.83306,0.86719,0.9182,0.87777,0.81689,0.72961,0.84,0.55848,0.84552,0.82138,0.68269,0.54559,0.82274,0.81267,0.87431,0.87577,0.38836,0.40325,0.56183,0.57262,0.47631,0.3829,0.2503,0.32295,0.75685,0.69864,0.87735,0.89705,0.81507,0.84622,0.85298,0.8571,0.76217,0.71061,0.82064,0.7975,0.17117,0.32162,0.22085,0.37802,0.67519,0.57964,0.6891,0.68291,0.3501,0.5533,0.43936,0.49324,0.38839,0.35438,0.30784,0.39762,0.27687,0.22899,0.62778,0.67803,0.57057,0.45824,0.24511,0.52916,0.25004,0.15166
0.91261,1,0.81618,0.79277,0.62675,0.58156,0.81387,0.76514,0.59787,0.60563,0.79898,0.86803,0.78027,0.84604,0.74541,0.73519,0.81433,0.80369,0.85475,0.8877,0.64607,0.49004,0.81816,0.75754,0.78407,0.69506,0.72271,0.66634,0.7564,0.75472,0.63867,0.70671,0.82496,0.78151,0.73323,0.56334,0.59701,0.47626,0.84149,0.75736,0.67896,0.63865,0.86276,0.87953,0.80032,0.78788,0.83291,0.85583,0.7122,0.66706,0.67793,0.61932,0.63188,0.74101,0.77412,0.82141,0.9073,0.87407,0.72666,0.65663,0.69891,0.44971,0.79814,0.77259,0.65184,0.45128,0.75057,0.7644,0.79103,0.81447,0.3554,0.39306,0.50566,0.50714,0.41094,0.3057,0.19919,0.28572,0.7907,0.69937,0.91084,0.89471,0.77256,0.80912,0.82604,0.83692,0.7344,0.71989,0.71002,0.71608,0.070488,0.22889,0.14342,0.28441,0.6008,0.59539,0.60045,0.643,0.27426,0.49677,0.35787,0.38677,0.33285,0.25079,0.2826,0.33835,0.17269,0.13197,0.57722,0.62653,0.50475,0.39416,0.17321,0.44562,0.1981,0.13184
0.86593,0.81618,1,0.84175,0.83573,0.72863,0.95138,0.81338,0.79355,0.70385,0.61917,0.67797,0.71496,0.71944,0.73898,0.71918,0.68072,0.6682,0.84598,0.81899,0.78159,0.72121,0.93087,0.86954,0.87203,0.76519,0.75933,0.74289,0.66003,0.68701,0.71941,0.72758,0.86763,0.84254,0.7932,0.71872,0.71307,0.58765,0.7739,0.80091,0.66127,0.73755,0.87567,0.83841,0.82578,0.81199,0.84124,0.84369,0.76414,0.73262,0.7624,0.72384,0.63268,0.74104,0.7297,0.81531,0.84482,0.81876,0.81695,0.75227,0.79515,0.60854,0.73962,0.69423,0.79061,0.67082,0.88108,0.86553,0.78398,0.83011,0.55083,0.55837,0.5558,0.55278,0.51174,0.45083,0.32913,0.41329,0.68209,0.61777,0.78039,0.80446,0.73292,0.77682,0.77642,0.8003,0.68987,0.59728,0.74941,0.80993,0.32936,0.49613,0.36996,0.52965,0.66098,0.42203,0.69766,0.53402,0.42791,0.57417,0.52181,0.57831,0.46637,0.45778,0.38553,0.45096,0.30355,0.38776,0.57059,0.59723,0.63075,0.5115,0.34468,0.5547,0.35482,0.13924
0.756,0.79277,0.84175,1,0.80488,0.78826,0.847,0.90907,0.68839,0.77739,0.54666,0.71719,0.62917,0.72758,0.63628,0.70876,0.66603,0.60433,0.81495,0.80744,0.64694,0.6552,0.80956,0.88893,0.74526,0.70619,0.63861,0.62862,0.64021,0.68858,0.70353,0.758,0.82238,0.83713,0.6914,0.67234,0.59494,0.48308,0.66846,0.67881,0.53784,0.69527,0.81264,0.77232,0.6941,0.71546,0.76778,0.75041,0.62103,0.57931,0.60708,0.57199,0.51391,0.61254,0.60625,0.67807,0.78679,0.69849,0.66122,0.65697,0.68265,0.71655,0.69003,0.69338,0.58632,0.66756,0.75859,0.7828,0.64944,0.71198,0.54897,0.58781,0.57865,0.5688,0.56267,0.4957,0.36602,0.47308,0.67567,0.59789,0.74879,0.70746,0.67993,0.7066,0.62046,0.66693,0.54157,0.44943,0.60797,0.66792,0.34092,0.44666,0.46556,0.48162,0.5761,0.39132,0.60082,0.44965,0.4648,0.5398,0.54241,0.52719,0.47366,0.4571,0.41422,0.44046,0.39532,0.41919,0.56084,0.54211,0.62906,0.51532,0.32479,0.57006,0.37089,0.21037
0.68812,0.62675,0.83573,0.80488,1,0.88684,0.848,0.82376,0.89808,0.84921,0.37447,0.52877,0.56765,0.5719,0.64601,0.68599,0.50827,0.50355,0.71774,0.67455,0.72078,0.75217,0.78884,0.80921,0.77117,0.65832,0.62427,0.65425,0.55513,0.60065,0.66135,0.66074,0.77447,0.77055,0.63979,0.64728,0.66656,0.61267,0.59528,0.69143,0.58941,0.69716,0.71823,0.66183,0.69167,0.73591,0.71267,0.7026,0.6796,0.69758,0.6608,0.6562,0.49939,0.60936,0.57632,0.67698,0.66948,0.66402,0.75865,0.7609,0.72412,0.73685,0.57376,0.61185,0.60668,0.66474,0.78921,0.78697,0.6994,0.73768,0.61131,0.61795,0.57799,0.58925,0.56105,0.547,0.388,0.49458,0.51052,0.49901,0.59699,0.6133,0.61367,0.64658,0.55452,0.61998,0.57486,0.3549,0.65501,0.71591,0.53854,0.61042,0.58156,0.65511,0.60485,0.23895,0.6694,0.37612,0.51509,0.56884,0.62195,0.64765,0.50714,0.53592,0.41016,0.50057,0.39229,0.54835,0.4908,0.48678,0.6839,0.57213,0.46703,0.59807,0.43377,0.19278
0.64651,0.58156,0.72863,0.78826,0.88684,1,0.76108,0.84386,0.79479,0.87285,0.36483,0.52661,0.55202,0.59232,0.6095,0.69213,0.54253,0.53307,0.63829,0.63698,0.69719,0.73332,0.71122,0.77752,0.6807,0.63139,0.53744,0.60362,0.57267,0.64627,0.60318,0.63429,0.7381,0.75488,0.60324,0.62822,0.64753,0.53554,0.54661,0.63576,0.59692,0.64862,0.66224,0.6043,0.63039,0.6768,0.66825,0.66335,0.64449,0.65212,0.63673,0.60595,0.50125,0.57664,0.55698,0.62731,0.64645,0.64928,0.72212,0.74168,0.64955,0.76097,0.5517,0.64659,0.49094,0.62014,0.74916,0.75144,0.6568,0.68321,0.56908,0.59408,0.59596,0.62252,0.5801,0.55588,0.36482,0.47066,0.53424,0.52748,0.60536,0.59763,0.62476,0.65418,0.49878,0.5495,0.53307,0.34532,0.61421,0.63207,0.47368,0.52613,0.54203,0.55204,0.57892,0.1979,0.63847,0.35477,0.47166,0.51352,0.58557,0.57938,0.49345,0.48972,0.40051,0.47167,0.38929,0.51944,0.47462,0.4603,0.63948,0.53272,0.41342,0.55937,0.4068,0.178
0.86687,0.81387,0.95138,0.847,0.848,0.76108,1,0.88377,0.85056,0.78856,0.66874,0.74132,0.79633,0.78975,0.75331,0.75811,0.71388,0.70821,0.85204,0.81903,0.72745,0.64634,0.87951,0.83709,0.81843,0.67138,0.70566,0.65827,0.73156,0.74982,0.72194,0.73555,0.85096,0.84005,0.71673,0.63954,0.69495,0.61757,0.73828,0.7444,0.68355,0.72085,0.82896,0.8,0.76715,0.78275,0.80864,0.80867,0.70892,0.69858,0.72414,0.68642,0.5881,0.71506,0.71526,0.78941,0.8325,0.78266,0.79752,0.72017,0.8463,0.66268,0.77034,0.74725,0.74391,0.64167,0.81077,0.7988,0.77976,0.80294,0.60209,0.60805,0.6388,0.63924,0.58283,0.51593,0.39644,0.48749,0.68417,0.65222,0.79072,0.79963,0.74701,0.78104,0.75297,0.77949,0.68284,0.56842,0.75858,0.80471,0.3542,0.5047,0.4137,0.55663,0.65216,0.44124,0.67125,0.55048,0.44919,0.59242,0.5644,0.5868,0.50709,0.46434,0.42065,0.48315,0.30966,0.36687,0.56363,0.58925,0.63071,0.51336,0.37725,0.57395,0.37672,0.2147
0.7763,0.76514,0.81338,0.90907,0.82376,0.84386,0.88377,1,0.75899,0.8629,0.60369,0.77686,0.7214,0.80845,0.66758,0.77463,0.72236,0.69842,0.8127,0.79557,0.67429,0.62084,0.75072,0.81303,0.67013,0.59064,0.5792,0.56679,0.75002,0.79102,0.71656,0.75412,0.82087,0.83598,0.59509,0.57952,0.60538,0.53129,0.64498,0.66381,0.59303,0.67508,0.75584,0.72622,0.63545,0.68243,0.73115,0.71892,0.57112,0.56045,0.59543,0.55089,0.48019,0.599,0.6159,0.67674,0.77316,0.67694,0.68859,0.64609,0.762,0.77933,0.72172,0.78624,0.52514,0.607,0.71172,0.72726,0.695,0.70526,0.61733,0.65708,0.69,0.69951,0.64496,0.57997,0.43201,0.55269,0.6847,0.65959,0.76289,0.70194,0.72285,0.7563,0.5822,0.63465,0.55243,0.42393,0.65709,0.68592,0.36309,0.45962,0.4859,0.51015,0.59779,0.39158,0.60026,0.4816,0.46505,0.56787,0.60405,0.54953,0.51581,0.46065,0.42711,0.46512,0.38908,0.40815,0.58162,0.55247,0.63643,0.52431,0.38297,0.59155,0.3913,0.2945
0.69208,0.59787,0.79355,0.68839,0.89808,0.79479,0.85056,0.75899,1,0.82923,0.46408,0.52629,0.67024,0.59527,0.70624,0.6922,0.4862,0.51377,0.67718,0.6249,0.66659,0.6149,0.74904,0.7002,0.73142,0.5649,0.61001,0.58961,0.57249,0.59344,0.61373,0.60314,0.70345,0.69073,0.57153,0.53951,0.64231,0.61926,0.57043,0.61889,0.62787,0.63281,0.64894,0.61234,0.63368,0.67435,0.66776,0.66492,0.62781,0.6615,0.65971,0.63837,0.50993,0.63893,0.60402,0.67064,0.63299,0.62982,0.72796,0.68789,0.76644,0.6521,0.59069,0.59186,0.60287,0.57069,0.69978,0.68755,0.68732,0.68555,0.57097,0.57064,0.54577,0.56906,0.50277,0.52205,0.38263,0.48227,0.45587,0.48926,0.56487,0.61105,0.61337,0.63303,0.60646,0.63379,0.60987,0.40581,0.71227,0.7354,0.4964,0.59095,0.50952,0.62897,0.5678,0.26832,0.62169,0.41092,0.48003,0.56487,0.59469,0.62933,0.4953,0.49565,0.41626,0.51545,0.35012,0.46143,0.44784,0.44702,0.59947,0.51095,0.44895,0.55101,0.41688,0.21205
0.65636,0.60563,0.70385,0.77739,0.84921,0.87285,0.78856,0.8629,0.82923,1,0.47639,0.62277,0.66756,0.67895,0.6717,0.76709,0.49766,0.50406,0.65327,0.61267,0.59695,0.5782,0.6648,0.73817,0.62424,0.56013,0.5769,0.562,0.57587,0.62909,0.6027,0.64294,0.66753,0.66584,0.49692,0.47853,0.54915,0.54545,0.53405,0.59017,0.55273,0.59024,0.59953,0.57243,0.57671,0.64186,0.60491,0.59719,0.56661,0.59348,0.59886,0.57842,0.49204,0.57783,0.53821,0.59292,0.58641,0.57815,0.66375,0.67274,0.66761,0.76794,0.53012,0.63117,0.50502,0.61469,0.62601,0.63607,0.63892,0.63589,0.5218,0.56271,0.52845,0.5669,0.48276,0.47852,0.28775,0.42573,0.457,0.48828,0.56979,0.57733,0.60883,0.63343,0.53411,0.59197,0.53274,0.3671,0.58594,0.65087,0.38022,0.44154,0.47499,0.48444,0.48483,0.21908,0.50421,0.31862,0.35161,0.41759,0.50073,0.46606,0.36493,0.3497,0.3344,0.36444,0.26975,0.35675,0.40129,0.38026,0.52073,0.41618,0.34401,0.47214,0.29245,0.23647
0.80844,0.79898,0.61917,0.54666,0.37447,0.36483,0.66874,0.60369,0.46408,0.47639,1,0.86872,0.89034,0.87395,0.78134,0.72104,0.72312,0.72527,0.63328,0.67653,0.40021,0.16644,0.62319,0.50456,0.5804,0.48573,0.59157,0.45917,0.70383,0.68495,0.43963,0.52318,0.56637,0.5191,0.47931,0.26191,0.38816,0.28849,0.71889,0.57538,0.60995,0.43179,0.60862,0.6532,0.5666,0.52881,0.6182,0.626,0.49678,0.45054,0.52091,0.45441,0.52887,0.58993,0.7048,0.66455,0.6758,0.62706,0.55042,0.44515,0.64669,0.30642,0.68581,0.65855,0.48513,0.25861,0.48218,0.48061,0.62987,0.57832,0.1227,0.17082,0.34348,0.34878,0.21712,0.093791,0.020044,0.085044,0.64902,0.60574,0.77307,0.77936,0.70842,0.74392,0.77882,0.7563,0.6833,0.71889,0.65458,0.59888,-0.17219,-0.0084803,-0.10975,0.039536,0.44921,0.54671,0.36666,0.54657,0.044708,0.27178,0.11498,0.13804,0.10317,0.00051241,0.16164,0.10375,-0.044002,-0.13324,0.41577,0.47355,0.20308,0.13132,-0.021533,0.22032,0.0013702,0.084877
0.82615,0.86803,0.67797,0.71719,0.52877,0.52661,0.74132,0.77686,0.52629,0.62277,0.86872,1,0.86776,0.94607,0.75223,0.79518,0.7807,0.771,0.71859,0.76481,0.47515,0.30098,0.65173,0.61758,0.59122,0.50243,0.55307,0.48645,0.77696,0.77397,0.52848,0.60569,0.65635,0.63239,0.48377,0.32745,0.42406,0.36565,0.71442,0.627,0.57569,0.5329,0.6712,0.68978,0.57682,0.57191,0.65102,0.65462,0.49499,0.46177,0.5068,0.45881,0.49027,0.56982,0.65297,0.66773,0.73165,0.64586,0.58035,0.51586,0.67578,0.47653,0.72884,0.75343,0.46615,0.36535,0.53662,0.55383,0.65341,0.6336,0.26702,0.33214,0.46193,0.46612,0.35352,0.2182,0.13547,0.23395,0.71421,0.6351,0.82429,0.76742,0.74212,0.76027,0.69671,0.72422,0.62487,0.59313,0.65547,0.60985,-0.024143,0.11741,0.085225,0.1867,0.48638,0.54233,0.39944,0.52949,0.16152,0.34916,0.25257,0.24837,0.18457,0.10591,0.20097,0.18087,0.066046,0.028345,0.48417,0.50856,0.35492,0.25679,0.10065,0.34538,0.096231,0.18383
0.83055,0.78027,0.71496,0.62917,0.56765,0.55202,0.79633,0.7214,0.67024,0.66756,0.89034,0.86776,1,0.9235,0.88015,0.84035,0.6767,0.69355,0.6667,0.67929,0.49628,0.31492,0.7014,0.5998,0.63192,0.52364,0.61075,0.51653,0.73421,0.73101,0.50917,0.55831,0.60719,0.57427,0.4787,0.31206,0.47399,0.39328,0.71795,0.61883,0.6694,0.53208,0.62641,0.6543,0.59375,0.57963,0.6281,0.64485,0.54216,0.528,0.5777,0.53733,0.51524,0.60949,0.65852,0.66715,0.67239,0.63813,0.64167,0.55962,0.75351,0.4617,0.68449,0.68947,0.56289,0.36755,0.54094,0.5346,0.65653,0.61869,0.2601,0.30631,0.42677,0.45759,0.32048,0.23317,0.10429,0.19012,0.60477,0.57382,0.74225,0.75653,0.75296,0.76399,0.76547,0.73883,0.67625,0.64705,0.70389,0.6525,-0.038939,0.11706,0.046341,0.19369,0.48178,0.50923,0.39781,0.49536,0.10087,0.28786,0.21907,0.26405,0.15242,0.082692,0.17971,0.16342,0.024572,-0.019151,0.41548,0.47409,0.28253,0.18542,0.066206,0.28266,0.066884,0.12465
0.84988,0.84604,0.71944,0.72758,0.5719,0.59232,0.78975,0.80845,0.59527,0.67895,0.87395,0.94607,0.9235,1,0.83318,0.87424,0.79234,0.78934,0.73301,0.76978,0.55555,0.38382,0.70614,0.6761,0.63361,0.56958,0.5894,0.50439,0.82522,0.83306,0.59321,0.65264,0.69332,0.67648,0.52545,0.37818,0.47813,0.39623,0.7456,0.6593,0.6552,0.576,0.68389,0.70565,0.59881,0.58679,0.66031,0.67268,0.51543,0.48332,0.54016,0.48924,0.49118,0.59082,0.66052,0.67885,0.74892,0.68129,0.62516,0.54549,0.71825,0.52242,0.76623,0.79839,0.51496,0.39825,0.57907,0.58487,0.6774,0.66341,0.30088,0.34838,0.49601,0.51148,0.39191,0.27572,0.14256,0.25064,0.73956,0.68246,0.84416,0.81478,0.80542,0.82057,0.7251,0.73511,0.64754,0.62612,0.69514,0.65659,-0.015234,0.12302,0.10574,0.19879,0.52622,0.55337,0.42607,0.53473,0.14966,0.33111,0.27364,0.28199,0.21057,0.12211,0.23312,0.21198,0.090753,0.037982,0.50582,0.54765,0.34907,0.23368,0.084828,0.34122,0.12001,0.19837
0.80783,0.74541,0.73898,0.63628,0.64601,0.6095,0.75331,0.66758,0.70624,0.6717,0.78134,0.75223,0.88015,0.83318,1,0.91922,0.61741,0.64514,0.67182,0.68476,0.61382,0.47595,0.75992,0.66499,0.71728,0.67827,0.6877,0.60365,0.70889,0.73048,0.56035,0.58841,0.65052,0.61733,0.57341,0.40277,0.51444,0.41356,0.76862,0.72214,0.70866,0.6321,0.63877,0.65882,0.666,0.6402,0.64888,0.67903,0.61802,0.59621,0.61525,0.58837,0.55705,0.6444,0.67674,0.71199,0.6648,0.69489,0.6864,0.64663,0.67538,0.47995,0.65375,0.67627,0.60404,0.3991,0.64191,0.62979,0.69416,0.69311,0.20416,0.23884,0.35216,0.41281,0.28138,0.25067,0.011524,0.11368,0.58991,0.5684,0.71639,0.7778,0.83878,0.826,0.77956,0.76811,0.70644,0.65696,0.68335,0.68204,0.0076315,0.14444,0.061468,0.21311,0.55441,0.48751,0.48159,0.49605,0.11963,0.27784,0.21312,0.28964,0.1389,0.10764,0.21757,0.17444,0.061709,0.072672,0.46198,0.52005,0.30712,0.20718,0.058981,0.28564,0.097241,0.072132
0.77827,0.73519,0.71918,0.70876,0.68599,0.69213,0.75811,0.77463,0.6922,0.76709,0.72104,0.79518,0.84035,0.87424,0.91922,1,0.63088,0.666,0.68647,0.71428,0.62877,0.54408,0.7091,0.70161,0.64916,0.64402,0.61983,0.5777,0.76044,0.80927,0.61666,0.64691,0.67693,0.66106,0.52759,0.42158,0.51684,0.44571,0.71768,0.71367,0.67974,0.67498,0.62472,0.62928,0.59916,0.59987,0.62009,0.63722,0.54072,0.51935,0.54188,0.51382,0.49917,0.5778,0.61493,0.65426,0.64775,0.64772,0.64551,0.61322,0.64662,0.57744,0.65914,0.741,0.51432,0.42271,0.61291,0.61343,0.68546,0.68098,0.27328,0.32423,0.44519,0.49707,0.37236,0.32737,0.1041,0.22359,0.61459,0.60969,0.73086,0.74755,0.85191,0.85686,0.67081,0.69839,0.65243,0.53865,0.64666,0.65183,0.08431,0.18389,0.18239,0.26162,0.55348,0.46425,0.48084,0.4661,0.17102,0.29736,0.28697,0.31674,0.19961,0.15728,0.2874,0.22397,0.12578,0.15452,0.51256,0.53284,0.37378,0.26404,0.15521,0.35904,0.16503,0.21874
0.7949,0.81433,0.68072,0.66603,0.50827,0.54253,0.71388,0.72236,0.4862,0.49766,0.72312,0.7807,0.6767,0.79234,0.61741,0.63088,1,0.94115,0.76111,0.80027,0.61961,0.45127,0.69126,0.65548,0.63125,0.57145,0.54771,0.49141,0.89294,0.87937,0.66723,0.7242,0.80183,0.80891,0.63698,0.55909,0.55033,0.3826,0.68169,0.57975,0.60602,0.5227,0.74056,0.7505,0.61681,0.63199,0.71427,0.72744,0.5354,0.47672,0.48014,0.4112,0.422,0.52239,0.63868,0.67888,0.8672,0.76212,0.59399,0.48683,0.64062,0.43662,0.84802,0.833,0.49636,0.37821,0.66999,0.6846,0.72056,0.71036,0.43401,0.44638,0.62257,0.58945,0.51754,0.38065,0.36721,0.42973,0.9248,0.86506,0.92576,0.84734,0.74552,0.77282,0.60486,0.63271,0.55307,0.53875,0.62251,0.56934,0.12695,0.239,0.21378,0.29414,0.60963,0.53219,0.58803,0.62133,0.33198,0.52235,0.43699,0.39952,0.42964,0.30815,0.35227,0.41891,0.26249,0.1783,0.63277,0.64912,0.52122,0.4315,0.22549,0.49447,0.29614,0.27144
0.79953,0.80369,0.6682,0.60433,0.50355,0.53307,0.70821,0.69842,0.51377,0.50406,0.72527,0.771,0.69355,0.78934,0.64514,0.666,0.94115,1,0.73789,0.77592,0.66399,0.466,0.67646,0.62368,0.6204,0.5553,0.55626,0.50559,0.89107,0.90073,0.6587,0.7031,0.77879,0.77859,0.61506,0.52354,0.56527,0.43698,0.69613,0.61304,0.65223,0.55358,0.71001,0.72935,0.61536,0.62853,0.70066,0.72164,0.54011,0.49022,0.49881,0.42441,0.44236,0.53996,0.67195,0.69765,0.85325,0.77889,0.60246,0.48592,0.62333,0.40204,0.83413,0.84475,0.48774,0.32427,0.65467,0.66353,0.74802,0.72497,0.40342,0.4264,0.61554,0.60146,0.49735,0.39127,0.32956,0.4072,0.88162,0.90114,0.90439,0.85926,0.7615,0.80143,0.61611,0.64618,0.58588,0.54684,0.65395,0.60149,0.12559,0.24113,0.19074,0.30295,0.61243,0.53121,0.59049,0.63202,0.30742,0.50998,0.42144,0.39683,0.41591,0.29734,0.36033,0.41848,0.21709,0.15329,0.62445,0.6525,0.51423,0.42018,0.23105,0.48186,0.28717,0.30375
0.85908,0.85475,0.84598,0.81495,0.71774,0.63829,0.85204,0.8127,0.67718,0.65327,0.63328,0.71859,0.6667,0.73301,0.67182,0.68647,0.76111,0.73789,1,0.94849,0.66252,0.61812,0.79632,0.76397,0.70246,0.60107,0.63141,0.57533,0.75626,0.74913,0.71036,0.74396,0.90241,0.89048,0.69689,0.64513,0.67099,0.55784,0.71035,0.69397,0.63807,0.71125,0.82232,0.8224,0.71084,0.73222,0.80698,0.80756,0.60828,0.57472,0.60672,0.55988,0.54642,0.65446,0.6886,0.75969,0.88433,0.79154,0.67555,0.60171,0.70584,0.56865,0.80372,0.77246,0.5927,0.52432,0.76689,0.76946,0.81798,0.83695,0.57167,0.59366,0.69402,0.66574,0.64264,0.54893,0.43589,0.51267,0.72244,0.70325,0.82536,0.79373,0.75071,0.76558,0.67722,0.70966,0.62561,0.53034,0.66352,0.71265,0.33317,0.46336,0.41595,0.51428,0.63721,0.49472,0.68932,0.61249,0.49201,0.65299,0.58287,0.5894,0.53219,0.48619,0.46948,0.54866,0.4061,0.3792,0.63099,0.64466,0.6885,0.57947,0.38652,0.6036,0.40529,0.27967
0.8884,0.8877,0.81899,0.80744,0.67455,0.63698,0.81903,0.79557,0.6249,0.61267,0.67653,0.76481,0.67929,0.76978,0.68476,0.71428,0.80027,0.77592,0.94849,1,0.65845,0.61219,0.78287,0.74824,0.70315,0.6071,0.60422,0.55789,0.77904,0.78629,0.65308,0.70698,0.9034,0.88847,0.707,0.64695,0.65117,0.50261,0.75173,0.71152,0.64466,0.71914,0.83648,0.83107,0.71162,0.71645,0.81701,0.81702,0.60434,0.56288,0.58898,0.54749,0.5541,0.64104,0.70888,0.76622,0.90004,0.81047,0.66182,0.59023,0.68925,0.53073,0.82253,0.7892,0.56028,0.48224,0.77383,0.77149,0.84021,0.86335,0.52218,0.53387,0.6792,0.66007,0.62484,0.50655,0.41304,0.47821,0.77113,0.71659,0.86695,0.83022,0.8026,0.81178,0.69781,0.73011,0.6553,0.56424,0.67226,0.68665,0.2811,0.40223,0.36397,0.45734,0.67049,0.55435,0.70683,0.66317,0.47869,0.63739,0.5412,0.54779,0.52276,0.46601,0.44134,0.52511,0.39665,0.3571,0.67312,0.69419,0.68031,0.57743,0.37612,0.60519,0.38145,0.24725
0.68176,0.64607,0.78159,0.64694,0.72078,0.69719,0.72745,0.67429,0.66659,0.59695,0.40021,0.47515,0.49628,0.55555,0.61382,0.62877,0.61961,0.66399,0.66252,0.65845,1,0.83259,0.79667,0.76093,0.77868,0.71804,0.72482,0.71258,0.61882,0.66614,0.71564,0.69886,0.77243,0.76593,0.73428,0.67907,0.72897,0.63591,0.70994,0.7796,0.69073,0.70813,0.72598,0.70977,0.71317,0.70876,0.71388,0.73621,0.65977,0.66102,0.63125,0.57058,0.50099,0.62261,0.63277,0.71864,0.71853,0.74949,0.69482,0.67079,0.58946,0.48631,0.59828,0.60962,0.64766,0.52355,0.7799,0.77929,0.69544,0.73815,0.56025,0.55348,0.55956,0.53312,0.50288,0.45984,0.34028,0.43206,0.64549,0.67141,0.6739,0.70609,0.65147,0.72073,0.60499,0.66091,0.59226,0.48041,0.64593,0.70529,0.35036,0.47903,0.37829,0.50044,0.65835,0.38561,0.70054,0.49964,0.41492,0.54127,0.53247,0.56158,0.48889,0.46599,0.42322,0.48007,0.35032,0.41663,0.59391,0.58392,0.61618,0.4948,0.36036,0.52914,0.41627,0.27429
0.55581,0.49004,0.72121,0.6552,0.75217,0.73332,0.64634,0.62084,0.6149,0.5782,0.16644,0.30098,0.31492,0.38382,0.47595,0.54408,0.45127,0.466,0.61812,0.61219,0.83259,1,0.70323,0.74043,0.6819,0.67413,0.54489,0.65,0.48495,0.55464,0.62791,0.59194,0.74369,0.75027,0.68922,0.73953,0.74088,0.62327,0.57935,0.73052,0.56658,0.76679,0.6451,0.59316,0.61366,0.63002,0.6158,0.62723,0.57805,0.58173,0.54844,0.5326,0.39792,0.47907,0.47332,0.58415,0.60795,0.61438,0.60033,0.60981,0.48178,0.52436,0.47598,0.48715,0.55175,0.5834,0.75343,0.76096,0.61009,0.6765,0.586,0.57859,0.53154,0.52422,0.52858,0.5123,0.38966,0.45989,0.50532,0.50232,0.5322,0.54917,0.59426,0.61814,0.42363,0.48762,0.49904,0.27726,0.52769,0.57406,0.49025,0.55543,0.53265,0.59109,0.63935,0.24,0.693,0.38081,0.47641,0.51406,0.5948,0.61197,0.52376,0.5739,0.49416,0.55388,0.43483,0.58785,0.5179,0.54277,0.66009,0.57952,0.46683,0.56475,0.4886,0.21663
0.82826,0.81816,0.93087,0.80956,0.78884,0.71122,0.87951,0.75072,0.74904,0.6648,0.62319,0.65173,0.7014,0.70614,0.75992,0.7091,0.69126,0.67646,0.79632,0.78287,0.79667,0.70323,1,0.929,0.92716,0.86273,0.82816,0.80776,0.64171,0.66388,0.75873,0.78588,0.83779,0.81551,0.85391,0.75078,0.72016,0.58162,0.78954,0.7985,0.69882,0.7215,0.86371,0.84504,0.82725,0.80406,0.81952,0.83544,0.76764,0.70991,0.72098,0.65541,0.60994,0.71403,0.69587,0.78114,0.8434,0.8263,0.76597,0.70919,0.71424,0.52284,0.68995,0.62632,0.81393,0.61624,0.8567,0.85292,0.74296,0.79566,0.48279,0.48628,0.49139,0.51336,0.46142,0.41094,0.26041,0.3445,0.70033,0.63448,0.78592,0.81674,0.725,0.76479,0.78872,0.79236,0.70597,0.63184,0.71118,0.76359,0.25844,0.42313,0.31981,0.44926,0.61307,0.41222,0.64875,0.4863,0.34344,0.50294,0.44535,0.50493,0.41155,0.37862,0.3929,0.43291,0.2264,0.31567,0.54167,0.55734,0.55937,0.43268,0.24247,0.45757,0.33949,0.1032
0.73721,0.75754,0.86954,0.88893,0.80921,0.77752,0.83709,0.81303,0.7002,0.73817,0.50456,0.61758,0.5998,0.6761,0.66499,0.70161,0.65548,0.62368,0.76397,0.74824,0.76093,0.74043,0.929,1,0.85959,0.8694,0.75082,0.76447,0.61493,0.66413,0.78176,0.82833,0.82542,0.83185,0.82549,0.77405,0.68019,0.55719,0.70833,0.73745,0.6059,0.7046,0.82435,0.794,0.74538,0.74672,0.76024,0.7677,0.68741,0.61802,0.64051,0.57241,0.53776,0.62171,0.60181,0.6826,0.79209,0.74963,0.6941,0.66594,0.64838,0.64236,0.63656,0.6206,0.73625,0.69259,0.81353,0.82757,0.66924,0.74302,0.52714,0.54033,0.51634,0.54052,0.51911,0.46707,0.30513,0.41385,0.6955,0.63187,0.74436,0.7427,0.67889,0.72289,0.65165,0.69246,0.5813,0.49388,0.60755,0.68585,0.30734,0.42611,0.41108,0.45465,0.58556,0.34987,0.60388,0.40778,0.36025,0.47102,0.47167,0.49063,0.40832,0.3917,0.40499,0.44065,0.26485,0.35451,0.54328,0.53581,0.5725,0.44233,0.263,0.46405,0.3626,0.16757
0.78889,0.78407,0.87203,0.74526,0.77117,0.6807,0.81843,0.67013,0.73142,0.62424,0.5804,0.59122,0.63192,0.63361,0.71728,0.64916,0.63125,0.6204,0.70246,0.70315,0.77868,0.6819,0.92716,0.85959,1,0.87205,0.85523,0.84515,0.57395,0.59715,0.69228,0.69999,0.80119,0.7569,0.86947,0.73575,0.74909,0.61168,0.79987,0.80562,0.70546,0.68505,0.85329,0.82756,0.85691,0.82572,0.82514,0.84206,0.83091,0.79046,0.79353,0.73251,0.66896,0.76338,0.74951,0.817,0.79599,0.83189,0.79215,0.75437,0.69751,0.47669,0.64099,0.57098,0.83092,0.62895,0.86534,0.86282,0.69842,0.76488,0.45546,0.43687,0.44195,0.44294,0.39937,0.34806,0.22299,0.30618,0.64988,0.58575,0.74024,0.81065,0.66476,0.72061,0.82351,0.83599,0.73297,0.67032,0.72964,0.78767,0.29705,0.44267,0.30438,0.46436,0.64789,0.40288,0.69597,0.52208,0.36606,0.5259,0.45566,0.52551,0.42229,0.39796,0.38392,0.44502,0.22351,0.33054,0.51657,0.57504,0.55953,0.44371,0.26429,0.45832,0.33341,0.049107
0.66442,0.69506,0.76519,0.70619,0.65832,0.63139,0.67138,0.59064,0.5649,0.56013,0.48573,0.50243,0.52364,0.56958,0.67827,0.64402,0.57145,0.5553,0.60107,0.6071,0.71804,0.67413,0.86273,0.8694,0.87205,1,0.81229,0.84859,0.519,0.56135,0.72225,0.74926,0.72332,0.69845,0.85178,0.72918,0.60001,0.44298,0.70337,0.71861,0.60462,0.61557,0.75457,0.73759,0.757,0.71569,0.68869,0.71261,0.71826,0.63028,0.6447,0.56274,0.5416,0.60203,0.56211,0.6229,0.69368,0.7484,0.66413,0.65117,0.49422,0.40624,0.52816,0.51106,0.74027,0.56069,0.7891,0.79117,0.59379,0.66676,0.2854,0.28076,0.28945,0.3372,0.27822,0.24808,0.079525,0.16041,0.6314,0.54903,0.68352,0.74462,0.63177,0.66206,0.67741,0.69088,0.57777,0.54559,0.50512,0.56952,0.11175,0.20855,0.15632,0.22862,0.48094,0.28168,0.50979,0.32159,0.14001,0.26836,0.24841,0.30465,0.2288,0.20296,0.29176,0.27837,0.098125,0.19713,0.40414,0.4457,0.36301,0.22902,0.043151,0.27732,0.18923,-0.012026
0.69634,0.72271,0.75933,0.63861,0.62427,0.53744,0.70566,0.5792,0.61001,0.5769,0.59157,0.55307,0.61075,0.5894,0.6877,0.61983,0.54771,0.55626,0.63141,0.60422,0.72482,0.54489,0.82816,0.75082,0.85523,0.81229,1,0.8915,0.51248,0.50425,0.65988,0.69005,0.65964,0.61174,0.78747,0.6336,0.62318,0.54981,0.69465,0.69877,0.62979,0.53776,0.69731,0.69262,0.72802,0.7013,0.67235,0.67839,0.67145,0.65081,0.64429,0.58187,0.5575,0.64994,0.63209,0.67897,0.66858,0.72782,0.67612,0.65183,0.57509,0.3555,0.54748,0.4817,0.75157,0.50968,0.71898,0.71547,0.60073,0.64123,0.33641,0.34715,0.33585,0.3656,0.26527,0.23679,0.16647,0.2318,0.5263,0.51448,0.63224,0.70271,0.54514,0.59216,0.7591,0.75934,0.63921,0.60966,0.60071,0.70412,0.13141,0.30106,0.15164,0.30584,0.492,0.32239,0.51275,0.3684,0.18269,0.3625,0.29827,0.34449,0.2652,0.23015,0.33174,0.30315,0.067973,0.17147,0.39807,0.41352,0.38957,0.24859,0.12284,0.30757,0.21851,0.12976
0.62597,0.66634,0.74289,0.62862,0.65425,0.60362,0.65827,0.56679,0.58961,0.562,0.45917,0.48645,0.51653,0.50439,0.60365,0.5777,0.49141,0.50559,0.57533,0.55789,0.71258,0.65,0.80776,0.76447,0.84515,0.84859,0.8915,1,0.47069,0.47271,0.67727,0.68634,0.65163,0.60542,0.79735,0.69112,0.68145,0.59339,0.64633,0.70289,0.5939,0.57055,0.67166,0.64984,0.69924,0.67929,0.6389,0.64769,0.66258,0.63957,0.62069,0.54377,0.49291,0.58223,0.55517,0.61737,0.6269,0.69744,0.65076,0.63883,0.51081,0.35155,0.46891,0.42728,0.72456,0.54484,0.72951,0.73217,0.56843,0.6105,0.37524,0.4013,0.33398,0.37808,0.27972,0.26088,0.19211,0.26983,0.47533,0.45727,0.58455,0.63774,0.53225,0.5546,0.65964,0.67769,0.62881,0.51558,0.55304,0.64309,0.22068,0.3524,0.23899,0.35753,0.48892,0.23824,0.52181,0.31598,0.21784,0.36607,0.34112,0.38107,0.30234,0.26394,0.38206,0.34915,0.076039,0.28441,0.38861,0.40047,0.4362,0.31781,0.19005,0.33751,0.27081,0.12397
0.74644,0.7564,0.66003,0.64021,0.55513,0.57267,0.73156,0.75002,0.57249,0.57587,0.70383,0.77696,0.73421,0.82522,0.70889,0.76044,0.89294,0.89107,0.75626,0.77904,0.61882,0.48495,0.64171,0.61493,0.57395,0.519,0.51248,0.47069,1,0.95969,0.72855,0.7331,0.75678,0.76482,0.54348,0.46924,0.57215,0.47056,0.68302,0.59474,0.65386,0.56749,0.63608,0.6428,0.52257,0.55523,0.62519,0.63514,0.4578,0.43521,0.42744,0.38215,0.37693,0.49697,0.6076,0.63123,0.76806,0.69439,0.56783,0.46842,0.59529,0.45135,0.79009,0.82677,0.42857,0.32714,0.59807,0.60492,0.70767,0.68183,0.4494,0.47669,0.67249,0.63235,0.53037,0.44095,0.35996,0.44862,0.82862,0.81925,0.86753,0.7867,0.84382,0.82741,0.54723,0.58721,0.55837,0.4702,0.59013,0.55369,0.14229,0.23343,0.22162,0.30035,0.63544,0.57072,0.55158,0.61087,0.30869,0.4863,0.43556,0.37879,0.40872,0.27909,0.41293,0.41299,0.22363,0.18818,0.63126,0.66018,0.47765,0.42067,0.26777,0.48365,0.33272,0.32244
0.76876,0.75472,0.68701,0.68858,0.60065,0.64627,0.74982,0.79102,0.59344,0.62909,0.68495,0.77397,0.73101,0.83306,0.73048,0.80927,0.87937,0.90073,0.74913,0.78629,0.66614,0.55464,0.66388,0.66413,0.59715,0.56135,0.50425,0.47271,0.95969,1,0.71594,0.73436,0.78726,0.80511,0.56494,0.50245,0.59128,0.46139,0.70493,0.63419,0.66653,0.61643,0.67023,0.67295,0.56165,0.59137,0.66096,0.67689,0.49845,0.46461,0.47716,0.43289,0.43024,0.53453,0.63278,0.66481,0.78406,0.7157,0.60016,0.518,0.62131,0.5319,0.79681,0.86019,0.44845,0.38043,0.63983,0.64695,0.72604,0.70389,0.45939,0.48866,0.66795,0.66003,0.55134,0.46724,0.3613,0.45827,0.84179,0.85904,0.87028,0.8134,0.87007,0.8766,0.56556,0.6112,0.57233,0.48525,0.61496,0.58591,0.16762,0.25629,0.26054,0.3289,0.67443,0.57358,0.59695,0.62948,0.34117,0.49452,0.45297,0.4241,0.421,0.32474,0.40868,0.42141,0.27032,0.2286,0.66957,0.6995,0.52039,0.43643,0.28292,0.51391,0.33422,0.34259
0.58635,0.63867,0.71941,0.70353,0.66135,0.60318,0.72194,0.71656,0.61373,0.6027,0.43963,0.52848,0.50917,0.59321,0.56035,0.61666,0.66723,0.6587,0.71036,0.65308,0.71564,0.62791,0.75873,0.78176,0.69228,0.72225,0.65988,0.67727,0.72855,0.71594,1,0.94495,0.7725,0.79516,0.70566,0.67208,0.62875,0.56514,0.55143,0.55351,0.5138,0.554,0.66301,0.64104,0.56091,0.58533,0.61106,0.60912,0.49925,0.4596,0.46888,0.38652,0.38269,0.49915,0.47977,0.52872,0.67567,0.63824,0.53498,0.47406,0.49549,0.43977,0.59758,0.6102,0.56489,0.43844,0.65086,0.65262,0.58111,0.60519,0.59205,0.60906,0.5913,0.59222,0.54794,0.52946,0.43306,0.5399,0.66643,0.67137,0.68052,0.62641,0.63539,0.63599,0.46639,0.49036,0.42068,0.29396,0.44556,0.525,0.26781,0.35402,0.3342,0.36641,0.49701,0.30452,0.505,0.32771,0.32413,0.43341,0.46869,0.41433,0.45602,0.35862,0.50412,0.47256,0.24916,0.32229,0.50061,0.45151,0.4836,0.36451,0.2201,0.4229,0.39466,0.318
0.6388,0.70671,0.72758,0.758,0.66074,0.63429,0.73555,0.75412,0.60314,0.64294,0.52318,0.60569,0.55831,0.65264,0.58841,0.64691,0.7242,0.7031,0.74396,0.70698,0.69886,0.59194,0.78588,0.82833,0.69999,0.74926,0.69005,0.68634,0.7331,0.73436,0.94495,1,0.78474,0.81656,0.72022,0.67375,0.60877,0.5386,0.59787,0.56345,0.52633,0.5406,0.69707,0.69052,0.59033,0.61411,0.64237,0.64635,0.50883,0.45466,0.47514,0.37036,0.41529,0.51452,0.50986,0.55438,0.72598,0.66557,0.54213,0.46851,0.50978,0.45061,0.64383,0.63901,0.56499,0.4516,0.66005,0.67008,0.62021,0.63968,0.55856,0.58874,0.57568,0.59486,0.5283,0.4841,0.4139,0.51652,0.724,0.72337,0.73503,0.67495,0.63889,0.64911,0.50976,0.53942,0.46104,0.36137,0.46151,0.5331,0.21711,0.3171,0.31958,0.34018,0.4928,0.3403,0.50032,0.36003,0.2972,0.433,0.43422,0.3855,0.41175,0.31634,0.46739,0.44961,0.21877,0.27493,0.52298,0.4705,0.47842,0.35548,0.19841,0.41869,0.3648,0.30406
0.86121,0.82496,0.86763,0.82238,0.77447,0.7381,0.85096,0.82087,0.70345,0.66753,0.56637,0.65635,0.60719,0.69332,0.65052,0.67693,0.80183,0.77879,0.90241,0.9034,0.77243,0.74369,0.83779,0.82542,0.80119,0.72332,0.65964,0.65163,0.75678,0.78726,0.7725,0.78474,1,0.97511,0.82448,0.80619,0.75616,0.59767,0.74358,0.7515,0.66931,0.74176,0.90112,0.87814,0.80535,0.82022,0.87915,0.87932,0.73316,0.69276,0.71754,0.66004,0.61016,0.70437,0.74017,0.80902,0.9211,0.86314,0.77246,0.69785,0.74755,0.62761,0.8222,0.80894,0.66857,0.62627,0.89685,0.90351,0.84586,0.8822,0.63,0.63097,0.71993,0.70306,0.67394,0.59599,0.48812,0.57467,0.80136,0.75985,0.85388,0.83828,0.7752,0.80756,0.69118,0.73175,0.62256,0.51287,0.70991,0.73614,0.40646,0.50316,0.46491,0.55187,0.73248,0.46633,0.80464,0.62914,0.54908,0.68424,0.64555,0.65954,0.61337,0.57821,0.50029,0.61175,0.47282,0.48048,0.67732,0.70891,0.75334,0.6241,0.4182,0.65062,0.44172,0.23107
0.81966,0.78151,0.84254,0.83713,0.77055,0.75488,0.84005,0.83598,0.69073,0.66584,0.5191,0.63239,0.57427,0.67648,0.61733,0.66106,0.80891,0.77859,0.89048,0.88847,0.76593,0.75027,0.81551,0.83185,0.7569,0.69845,0.61174,0.60542,0.76482,0.80511,0.79516,0.81656,0.97511,1,0.79699,0.80104,0.72916,0.56516,0.69479,0.69715,0.62018,0.70512,0.87216,0.84468,0.7576,0.78133,0.84253,0.8456,0.68269,0.63786,0.66048,0.59883,0.55883,0.65702,0.68377,0.75461,0.90275,0.82374,0.72686,0.6567,0.72034,0.63919,0.81565,0.80635,0.61653,0.60806,0.86695,0.87224,0.79979,0.84486,0.66481,0.66087,0.7409,0.72041,0.71233,0.63022,0.53453,0.61596,0.81379,0.78672,0.83674,0.80433,0.76238,0.78259,0.62068,0.66575,0.55959,0.44962,0.66551,0.69247,0.42931,0.51595,0.49881,0.56377,0.71443,0.44516,0.77861,0.59296,0.56377,0.67843,0.66238,0.66069,0.62874,0.59952,0.5175,0.62921,0.49607,0.50898,0.69247,0.69668,0.75336,0.62221,0.4211,0.65464,0.47464,0.28945
0.7197,0.73323,0.7932,0.6914,0.63979,0.60324,0.71673,0.59509,0.57153,0.49692,0.47931,0.48377,0.4787,0.52545,0.57341,0.52759,0.63698,0.61506,0.69689,0.707,0.73428,0.68922,0.85391,0.82549,0.86947,0.85178,0.78747,0.79735,0.54348,0.56494,0.70566,0.72022,0.82448,0.79699,1,0.8828,0.72105,0.56872,0.67726,0.68995,0.60256,0.59261,0.83522,0.81834,0.81225,0.79261,0.79075,0.80671,0.76196,0.69762,0.68367,0.62149,0.5844,0.68432,0.63367,0.71308,0.80326,0.83132,0.69866,0.66275,0.58619,0.41806,0.62773,0.56535,0.78332,0.62926,0.8784,0.87782,0.6856,0.75091,0.47742,0.4601,0.43975,0.43266,0.43531,0.34531,0.29621,0.36645,0.65395,0.62468,0.7211,0.77341,0.61558,0.64835,0.70787,0.74718,0.60887,0.53896,0.58252,0.6714,0.30299,0.42709,0.31862,0.43194,0.60429,0.33194,0.67975,0.46121,0.35303,0.51102,0.44598,0.50044,0.43358,0.41919,0.41059,0.49797,0.21115,0.34689,0.50493,0.5579,0.5739,0.45324,0.26482,0.42513,0.35044,0.075857
0.58901,0.56334,0.71872,0.67234,0.64728,0.62822,0.63954,0.57952,0.53951,0.47853,0.26191,0.32745,0.31206,0.37818,0.40277,0.42158,0.55909,0.52354,0.64513,0.64695,0.67907,0.73953,0.75078,0.77405,0.73575,0.72918,0.6336,0.69112,0.46924,0.50245,0.67208,0.67375,0.80619,0.80104,0.8828,1,0.70825,0.56536,0.50022,0.56878,0.48765,0.58563,0.73878,0.69609,0.66961,0.69391,0.706,0.68922,0.63222,0.59423,0.55802,0.52683,0.4251,0.50691,0.47487,0.56846,0.70567,0.69519,0.61244,0.57863,0.52965,0.50276,0.56163,0.49737,0.65911,0.69086,0.82179,0.84019,0.6055,0.68524,0.58807,0.56832,0.53459,0.50547,0.5616,0.49521,0.48617,0.53881,0.59413,0.57463,0.60431,0.61938,0.5098,0.52943,0.49173,0.54939,0.42234,0.31272,0.49372,0.57271,0.49291,0.55504,0.53468,0.57432,0.57784,0.21718,0.68129,0.36612,0.50469,0.563,0.58964,0.62108,0.55745,0.56795,0.5147,0.59391,0.3967,0.55109,0.51603,0.53886,0.6774,0.57383,0.40971,0.55235,0.44635,0.2077
0.65013,0.59701,0.71307,0.59494,0.66656,0.64753,0.69495,0.60538,0.64231,0.54915,0.38816,0.42406,0.47399,0.47813,0.51444,0.51684,0.55033,0.56527,0.67099,0.65117,0.72897,0.74088,0.72016,0.68019,0.74909,0.60001,0.62318,0.68145,0.57215,0.59128,0.62875,0.60877,0.75616,0.72916,0.72105,0.70825,1,0.85076,0.66182,0.71013,0.71274,0.67795,0.66364,0.62388,0.63788,0.63565,0.69372,0.69156,0.61466,0.6286,0.63835,0.59675,0.56834,0.62486,0.65726,0.72136,0.67973,0.70893,0.649,0.61469,0.60103,0.47229,0.57431,0.54124,0.60513,0.54939,0.70617,0.71508,0.65475,0.67838,0.67797,0.68313,0.64033,0.60416,0.5733,0.55757,0.53063,0.59686,0.54215,0.59255,0.61084,0.65864,0.59396,0.62564,0.62309,0.64937,0.63996,0.48239,0.68651,0.72992,0.52218,0.63218,0.5253,0.64424,0.74137,0.36073,0.78412,0.57013,0.5735,0.67357,0.65552,0.70574,0.6418,0.63352,0.61957,0.68189,0.38509,0.53117,0.56504,0.64297,0.71979,0.65903,0.55021,0.62368,0.58,0.27537
0.49464,0.47626,0.58765,0.48308,0.61267,0.53554,0.61757,0.53129,0.61926,0.54545,0.28849,0.36565,0.39328,0.39623,0.41356,0.44571,0.3826,0.43698,0.55784,0.50261,0.63591,0.62327,0.58162,0.55719,0.61168,0.44298,0.54981,0.59339,0.47056,0.46139,0.56514,0.5386,0.59767,0.56516,0.56872,0.56536,0.85076,1,0.52861,0.64735,0.61384,0.63419,0.49146,0.4713,0.49564,0.53619,0.53067,0.52268,0.46437,0.53198,0.511,0.47152,0.3941,0.49745,0.50211,0.59305,0.4931,0.55214,0.5378,0.51512,0.51023,0.41683,0.43136,0.4161,0.55105,0.50588,0.53765,0.55641,0.54786,0.5511,0.64932,0.66045,0.55511,0.51523,0.47913,0.47393,0.46035,0.55856,0.36638,0.48161,0.45796,0.50583,0.46118,0.46386,0.50094,0.57159,0.57342,0.36156,0.5642,0.67462,0.5562,0.6478,0.5456,0.66528,0.59896,0.25127,0.62853,0.42499,0.52517,0.60226,0.62743,0.63703,0.5641,0.53711,0.58824,0.61958,0.29125,0.46582,0.42303,0.4609,0.63517,0.58084,0.57399,0.54031,0.53406,0.36565
0.84476,0.84149,0.7739,0.66846,0.59528,0.54661,0.73828,0.64498,0.57043,0.53405,0.71889,0.71442,0.71795,0.7456,0.76862,0.71768,0.68169,0.69613,0.71035,0.75173,0.70994,0.57935,0.78954,0.70833,0.79987,0.70337,0.69465,0.64633,0.68302,0.70493,0.55143,0.59787,0.74358,0.69479,0.67726,0.50022,0.66182,0.52861,1,0.89242,0.75329,0.66624,0.8108,0.83299,0.80948,0.76776,0.81093,0.837,0.74536,0.70624,0.72558,0.67165,0.66367,0.75832,0.83325,0.85943,0.79324,0.80048,0.73224,0.66324,0.66007,0.41417,0.6743,0.63223,0.66413,0.46057,0.73317,0.74947,0.73448,0.78075,0.2688,0.2908,0.42852,0.43669,0.2975,0.24532,0.044841,0.15042,0.7138,0.62627,0.81635,0.84856,0.80823,0.82862,0.83919,0.85155,0.80577,0.78102,0.73048,0.72145,0.027377,0.17745,0.065543,0.24009,0.69006,0.67986,0.64635,0.69255,0.22022,0.4245,0.29246,0.35658,0.2569,0.20899,0.22707,0.251,0.18385,0.10771,0.61015,0.70799,0.45209,0.3459,0.13898,0.37358,0.17547,0.081563
0.79031,0.75736,0.80091,0.67881,0.69143,0.63576,0.7444,0.66381,0.61889,0.59017,0.57538,0.627,0.61883,0.6593,0.72214,0.71367,0.57975,0.61304,0.69397,0.71152,0.7796,0.73052,0.7985,0.73745,0.80562,0.71861,0.69877,0.70289,0.59474,0.63419,0.55351,0.56345,0.7515,0.69715,0.68995,0.56878,0.71013,0.64735,0.89242,1,0.7653,0.83464,0.78817,0.78634,0.81145,0.78333,0.78241,0.79801,0.75338,0.73254,0.73106,0.67996,0.62066,0.69584,0.77002,0.84701,0.73686,0.77395,0.76024,0.72863,0.65171,0.48825,0.61585,0.59019,0.69444,0.5541,0.77469,0.78914,0.72235,0.77676,0.31945,0.34869,0.4482,0.46169,0.35402,0.31546,0.069949,0.1739,0.61293,0.54449,0.73675,0.77705,0.76925,0.79545,0.77748,0.82249,0.78119,0.69235,0.72703,0.77745,0.17795,0.31716,0.20462,0.38507,0.67293,0.52162,0.67216,0.5859,0.2889,0.45452,0.38106,0.44722,0.32469,0.30924,0.34573,0.31871,0.22609,0.26876,0.55632,0.62585,0.53471,0.41435,0.24935,0.43068,0.25222,0.073025
0.74391,0.67896,0.66127,0.53784,0.58941,0.59692,0.68355,0.59303,0.62787,0.55273,0.60995,0.57569,0.6694,0.6552,0.70866,0.67974,0.60602,0.65223,0.63807,0.64466,0.69073,0.56658,0.69882,0.6059,0.70546,0.60462,0.62979,0.5939,0.65386,0.66653,0.5138,0.52633,0.66931,0.62018,0.60256,0.48765,0.71274,0.61384,0.75329,0.7653,1,0.72352,0.64302,0.64499,0.6704,0.65785,0.66543,0.69119,0.64704,0.64419,0.63323,0.5714,0.54142,0.62337,0.69297,0.73554,0.68949,0.7545,0.69742,0.64591,0.63197,0.41903,0.63843,0.63441,0.59006,0.42098,0.66055,0.65714,0.72083,0.71383,0.38028,0.38154,0.54197,0.5298,0.43913,0.40124,0.19957,0.25911,0.56429,0.56573,0.69657,0.74845,0.70922,0.73784,0.72777,0.73104,0.74813,0.66148,0.70991,0.70486,0.21387,0.32044,0.23512,0.36277,0.63963,0.48372,0.63109,0.57196,0.3029,0.47611,0.42567,0.46184,0.41132,0.31599,0.41065,0.40916,0.21849,0.2268,0.51817,0.59892,0.49409,0.41309,0.25164,0.40644,0.29704,0.15291
0.70486,0.63865,0.73755,0.69527,0.69716,0.64862,0.72085,0.67508,0.63281,0.59024,0.43179,0.5329,0.53208,0.576,0.6321,0.67498,0.5227,0.55358,0.71125,0.71914,0.70813,0.76679,0.7215,0.7046,0.68505,0.61557,0.53776,0.57055,0.56749,0.61643,0.554,0.5406,0.74176,0.70512,0.59261,0.58563,0.67795,0.63419,0.66624,0.83464,0.72352,1,0.68373,0.64929,0.64075,0.63202,0.67512,0.66448,0.57034,0.55522,0.56297,0.52686,0.43605,0.50939,0.57897,0.67605,0.68156,0.65998,0.61595,0.6106,0.59097,0.55123,0.61816,0.60502,0.59024,0.53952,0.69818,0.70982,0.68946,0.73305,0.43748,0.44358,0.56361,0.584,0.52371,0.51016,0.26376,0.3347,0.5499,0.5176,0.64031,0.64994,0.71278,0.72127,0.58064,0.63233,0.60886,0.45381,0.61896,0.67556,0.35937,0.44691,0.40984,0.51662,0.60976,0.39145,0.64553,0.47781,0.43031,0.51338,0.52541,0.54661,0.47704,0.46501,0.49695,0.4711,0.38709,0.43427,0.55176,0.56607,0.60995,0.53432,0.38471,0.54386,0.37074,0.21192
0.86942,0.86276,0.87567,0.81264,0.71823,0.66224,0.82896,0.75584,0.64894,0.59953,0.60862,0.6712,0.62641,0.68389,0.63877,0.62472,0.74056,0.71001,0.82232,0.83648,0.72598,0.6451,0.86371,0.82435,0.85329,0.75457,0.69731,0.67166,0.63608,0.67023,0.66301,0.69707,0.90112,0.87216,0.83522,0.73878,0.66364,0.49146,0.8108,0.78817,0.64302,0.68373,1,0.97653,0.92205,0.89779,0.9608,0.95926,0.85743,0.77631,0.80447,0.73109,0.67505,0.78665,0.78535,0.85222,0.91808,0.87315,0.79025,0.73803,0.74129,0.56606,0.76391,0.71885,0.73182,0.63446,0.89964,0.90682,0.77469,0.84336,0.47208,0.46703,0.54075,0.53578,0.50532,0.4344,0.29527,0.37651,0.7669,0.66438,0.84558,0.84747,0.7209,0.77583,0.78582,0.80712,0.66481,0.62466,0.70863,0.74033,0.26072,0.3844,0.30032,0.42325,0.67189,0.52034,0.74529,0.62238,0.42815,0.60244,0.49666,0.53137,0.46985,0.43641,0.32966,0.44046,0.3544,0.3188,0.63309,0.66694,0.64359,0.51029,0.28214,0.53618,0.31373,0.064902
0.87513,0.87953,0.83841,0.77232,0.66183,0.6043,0.8,0.72622,0.61234,0.57243,0.6532,0.68978,0.6543,0.70565,0.65882,0.62928,0.7505,0.72935,0.8224,0.83107,0.70977,0.59316,0.84504,0.794,0.82756,0.73759,0.69262,0.64984,0.6428,0.67295,0.64104,0.69052,0.87814,0.84468,0.81834,0.69609,0.62388,0.4713,0.83299,0.78634,0.64499,0.64929,0.97653,1,0.91249,0.90398,0.94593,0.96692,0.83972,0.76151,0.78963,0.71269,0.66597,0.79175,0.79237,0.86325,0.91875,0.87444,0.76273,0.69382,0.72517,0.51625,0.76902,0.71591,0.73446,0.59753,0.86147,0.87998,0.78505,0.84407,0.41895,0.41628,0.51881,0.51806,0.46927,0.38866,0.24335,0.33185,0.77015,0.68314,0.86016,0.87286,0.72751,0.78203,0.80933,0.83281,0.68723,0.68006,0.69695,0.73021,0.17841,0.31691,0.23625,0.36873,0.64554,0.57077,0.70908,0.66036,0.36447,0.56866,0.44443,0.48573,0.40487,0.3653,0.30017,0.39779,0.315,0.22322,0.62403,0.66988,0.59078,0.45771,0.22054,0.47287,0.23931,0.069717
