1,0.91133,0.79582,0.70727,0.62774,0.57184,0.76819,0.61194,0.65775,0.57434,0.5791,0.67331,0.69308,0.65549,0.67516,0.57524,0.83372,0.78802,0.81317,0.76914,0.52432,0.2846,0.59505,0.6205,0.63841,0.71126,0.72966,0.71027,0.65046,0.62112,0.49308,0.23064,0.73526,0.62882,0.70014,0.63314,0.70297,0.61061,0.67431,0.53148,0.43785,0.46071,0.73718,0.74449,0.64949,0.66792,0.71037,0.73221,0.65901,0.64175,0.65673,0.66751,0.66184,0.72567,0.73086,0.74534,0.91777,0.86502,0.71559,0.7357,0.69912,0.49222,0.82013,0.72854,0.74807,0.66581,0.76853,0.75884,0.80205,0.72564,0.48548,0.4362,0.49953,0.44433,0.49705,0.42889,0.48101,0.37523,0.77841,0.69428,0.77682,0.77947,0.68231,0.58123,0.7847,0.76462,0.62507,0.65364,0.78449,0.76232,0.40804,0.59956,0.30794,0.47266,0.53206,0.36221,0.73073,0.69153,0.59025,0.63105,0.48463,0.63679,0.53583,0.65622,0.58593,0.57556,0.57425,0.50683,0.49821,0.63369,0.53678,0.40877,0.59803,0.7323,0.63547,0.39776
0.91133,1,0.76389,0.71799,0.70144,0.60205,0.72137,0.60845,0.66534,0.55518,0.46343,0.61983,0.58821,0.61648,0.65112,0.54913,0.8434,0.8244,0.76365,0.75817,0.5967,0.36027,0.58551,0.60292,0.64918,0.7165,0.76712,0.72571,0.63492,0.64008,0.49671,0.22751,0.76223,0.63517,0.7313,0.67407,0.74759,0.69865,0.72382,0.6314,0.48363,0.5411,0.78043,0.78061,0.71885,0.73247,0.76525,0.77219,0.73131,0.69726,0.73309,0.71653,0.72031,0.76582,0.79174,0.78864,0.9222,0.9465,0.7602,0.794,0.66358,0.49718,0.79759,0.74365,0.7496,0.68847,0.83291,0.8218,0.86353,0.7755,0.50897,0.46665,0.50034,0.50983,0.49886,0.45713,0.47699,0.39911,0.8148,0.74038,0.8119,0.8351,0.65756,0.60108,0.77264,0.77583,0.67287,0.69021,0.78973,0.81174,0.45347,0.62343,0.31426,0.49899,0.54543,0.3796,0.78423,0.71257,0.66345,0.62764,0.52377,0.6622,0.58592,0.67139,0.59935,0.56668,0.59809,0.52965,0.4505,0.63741,0.56934,0.45414,0.64985,0.78294,0.63207,0.27164
0.79582,0.76389,1,0.86261,0.7109,0.69501,0.9162,0.74833,0.83815,0.69718,0.45525,0.55755,0.70821,0.64066,0.70212,0.6431,0.72467,0.64227,0.81457,0.73943,0.54355,0.35026,0.88029,0.8473,0.76641,0.79637,0.83728,0.83293,0.6085,0.59572,0.71047,0.4683,0.79155,0.7041,0.76045,0.71388,0.73899,0.70367,0.65346,0.60137,0.41837,0.51337,0.69029,0.70053,0.62491,0.64601,0.67104,0.71241,0.64389,0.60978,0.60375,0.6093,0.56446,0.6659,0.64413,0.69501,0.81015,0.76252,0.67012,0.67839,0.71296,0.54762,0.75237,0.6103,0.81463,0.73763,0.78351,0.76648,0.74589,0.71988,0.65355,0.61796,0.53532,0.49045,0.58096,0.49586,0.5812,0.50185,0.71434,0.6151,0.6598,0.68411,0.63811,0.54741,0.74742,0.7115,0.60885,0.55496,0.72058,0.74937,0.59476,0.7915,0.54846,0.74171,0.4848,0.3365,0.72244,0.68071,0.66911,0.6781,0.6494,0.78497,0.64544,0.75755,0.69198,0.72282,0.65186,0.61652,0.3531,0.53406,0.62019,0.53348,0.69225,0.67229,0.6625,0.29719
0.70727,0.71799,0.86261,1,0.58689,0.762,0.89572,0.9182,0.75573,0.71521,0.48693,0.66028,0.67166,0.72615,0.5462,0.64608,0.66115,0.6251,0.79708,0.81497,0.57653,0.46476,0.80863,0.85456,0.55863,0.72065,0.75276,0.79563,0.65151,0.68314,0.78298,0.66393,0.81906,0.81893,0.66045,0.76414,0.71466,0.73633,0.60463,0.64402,0.39577,0.55549,0.66647,0.62671,0.53726,0.52748,0.63165,0.64318,0.59475,0.49979,0.58442,0.50361,0.56867,0.62223,0.60178,0.60826,0.71692,0.69529,0.56753,0.6597,0.67681,0.69809,0.73397,0.66477,0.70177,0.76551,0.69025,0.73333,0.75231,0.78299,0.75332,0.74029,0.60478,0.61507,0.6522,0.62106,0.68733,0.66961,0.64801,0.60005,0.56844,0.56265,0.56099,0.52443,0.60759,0.58975,0.50421,0.42675,0.63645,0.697,0.74743,0.80227,0.71186,0.73236,0.43393,0.37052,0.69303,0.68975,0.75269,0.68964,0.79515,0.78768,0.76362,0.76443,0.75243,0.69162,0.76781,0.72528,0.41258,0.56627,0.71072,0.61446,0.78761,0.69954,0.70989,0.24299
0.62774,0.70144,0.7109,0.58689,1,0.73038,0.66539,0.50911,0.83715,0.70642,0.13956,0.29798,0.44538,0.41107,0.64737,0.45294,0.55649,0.56652,0.57847,0.52372,0.64431,0.40193,0.53616,0.52136,0.838,0.74422,0.82534,0.701,0.30034,0.3459,0.39657,0.10617,0.62591,0.43886,0.76665,0.65921,0.64158,0.61623,0.67515,0.56182,0.37822,0.47772,0.63826,0.61161,0.6672,0.6772,0.69988,0.69999,0.73082,0.7401,0.74035,0.73775,0.66234,0.74263,0.74222,0.74772,0.68818,0.7408,0.80939,0.76473,0.68989,0.48147,0.60686,0.50339,0.76329,0.72074,0.82001,0.78899,0.63601,0.59716,0.40202,0.36794,0.32029,0.34003,0.35755,0.32838,0.27036,0.20139,0.62669,0.55316,0.61679,0.69334,0.51938,0.50913,0.7342,0.72439,0.71171,0.71153,0.76143,0.78835,0.48545,0.69915,0.30409,0.58949,0.33957,0.17715,0.64492,0.46863,0.60701,0.58607,0.4939,0.68496,0.52291,0.63668,0.46581,0.54069,0.49514,0.45903,0.25865,0.48523,0.50529,0.43992,0.56902,0.70954,0.51916,0.17327
0.57184,0.60205,0.69501,0.762,0.73038,1,0.74191,0.75949,0.77303,0.82031,0.32139,0.48587,0.48708,0.53673,0.49113,0.56061,0.50866,0.52647,0.68713,0.69531,0.61952,0.48206,0.64747,0.64149,0.61578,0.67479,0.78392,0.75807,0.46885,0.52966,0.64103,0.49348,0.74597,0.68868,0.64727,0.71738,0.6544,0.65802,0.51811,0.57526,0.38916,0.5336,0.58365,0.52183,0.50295,0.50823,0.57094,0.59372,0.61821,0.50548,0.59894,0.50439,0.54989,0.60384,0.53923,0.53207,0.58568,0.57627,0.55513,0.5896,0.61358,0.66953,0.59849,0.55443,0.57419,0.65519,0.64356,0.67529,0.66967,0.68909,0.66371,0.6424,0.5534,0.57588,0.6292,0.58198,0.5729,0.53946,0.52341,0.53923,0.4499,0.44487,0.45859,0.48757,0.49507,0.47214,0.48623,0.40193,0.55614,0.61464,0.72211,0.78633,0.63696,0.6891,0.27066,0.29166,0.55903,0.49272,0.67314,0.5963,0.71934,0.69374,0.71099,0.68745,0.6013,0.56543,0.61789,0.58649,0.34147,0.50888,0.61991,0.55535,0.68287,0.63466,0.57215,0.18477
0.76819,0.72137,0.9162,0.89572,0.66539,0.74191,1,0.87682,0.82187,0.73836,0.58093,0.6489,0.77258,0.73624,0.63768,0.68555,0.71472,0.64964,0.85686,0.81567,0.52335,0.34191,0.8138,0.81233,0.6707,0.73862,0.76125,0.75975,0.67689,0.65664,0.75031,0.5575,0.82954,0.79658,0.68676,0.71699,0.69843,0.68989,0.59767,0.57268,0.41047,0.53982,0.69378,0.6745,0.57948,0.56878,0.63727,0.6734,0.5986,0.51498,0.56355,0.52241,0.53271,0.62709,0.61122,0.62523,0.74667,0.70567,0.57817,0.65462,0.78002,0.70483,0.78969,0.68079,0.78899,0.77085,0.72604,0.741,0.74462,0.77781,0.7112,0.66709,0.60447,0.57011,0.69084,0.60855,0.69581,0.61984,0.71076,0.63368,0.60901,0.60335,0.64238,0.53739,0.68344,0.63515,0.55809,0.45853,0.68207,0.68029,0.71518,0.81503,0.6756,0.7644,0.46767,0.35182,0.71313,0.68565,0.72129,0.68078,0.75547,0.79939,0.73313,0.7999,0.72241,0.72371,0.73467,0.67111,0.45751,0.62452,0.69248,0.58869,0.75339,0.71081,0.73664,0.31972
0.61194,0.60845,0.74833,0.9182,0.50911,0.75949,0.87682,1,0.69093,0.71086,0.55548,0.70706,0.6575,0.75532,0.44852,0.64377,0.61864,0.58256,0.77347,0.82868,0.51906,0.4309,0.70904,0.75638,0.46199,0.62403,0.64697,0.69277,0.68395,0.71935,0.77167,0.70469,0.78708,0.84938,0.51164,0.67902,0.63695,0.68852,0.51212,0.59765,0.41435,0.57806,0.58895,0.53502,0.44039,0.42075,0.53743,0.55342,0.49436,0.3793,0.50087,0.38727,0.49557,0.53716,0.51895,0.50555,0.6164,0.57012,0.43801,0.57222,0.64502,0.76713,0.72242,0.69902,0.59895,0.68612,0.57306,0.63925,0.69821,0.76699,0.75875,0.7474,0.67603,0.68237,0.73493,0.68809,0.72833,0.70977,0.60106,0.56284,0.49462,0.45207,0.53277,0.50569,0.50548,0.47907,0.45212,0.30787,0.54047,0.57659,0.81764,0.79789,0.77749,0.69977,0.39122,0.35494,0.6447,0.65785,0.75992,0.67204,0.85054,0.74447,0.81194,0.76272,0.74249,0.65025,0.79092,0.70749,0.44268,0.58562,0.72896,0.62431,0.78248,0.6874,0.74487,0.23215
0.65775,0.66534,0.83815,0.75573,0.83715,0.77303,0.82187,0.69093,1,0.80118,0.3235,0.44339,0.64158,0.59255,0.7004,0.60459,0.61317,0.59979,0.69133,0.62768,0.58652,0.35762,0.75177,0.73178,0.77397,0.77811,0.85143,0.83059,0.47152,0.4985,0.61397,0.3557,0.7089,0.61005,0.71515,0.67761,0.64651,0.65333,0.62296,0.52814,0.40985,0.53694,0.68547,0.65792,0.63935,0.64662,0.68645,0.70785,0.68438,0.65026,0.6357,0.64251,0.5739,0.66743,0.65648,0.69216,0.68916,0.69294,0.67973,0.69188,0.68678,0.57169,0.68461,0.55145,0.77756,0.74796,0.74556,0.73694,0.65416,0.64525,0.59883,0.56376,0.51769,0.50948,0.54321,0.52424,0.51151,0.45193,0.67165,0.59989,0.60373,0.65092,0.60098,0.48818,0.7372,0.70624,0.65084,0.57839,0.72247,0.73675,0.59345,0.77188,0.4968,0.70511,0.42477,0.26086,0.7104,0.60652,0.67659,0.66331,0.63225,0.76855,0.64606,0.73518,0.61283,0.64592,0.62846,0.59057,0.34711,0.54357,0.62369,0.54879,0.65424,0.69655,0.62935,0.29547
0.57434,0.55518,0.69718,0.71521,0.70642,0.82031,0.73836,0.71086,0.80118,1,0.31473,0.47291,0.56588,0.56688,0.5335,0.55095,0.51063,0.52778,0.63345,0.60227,0.53887,0.29248,0.61343,0.66237,0.65617,0.68392,0.75069,0.73016,0.41122,0.46648,0.56333,0.35131,0.61307,0.57259,0.59766,0.6236,0.55511,0.56173,0.48779,0.46531,0.3628,0.43486,0.59974,0.54333,0.53091,0.51682,0.61278,0.62118,0.61252,0.55986,0.60619,0.55412,0.55774,0.58126,0.57184,0.57816,0.55809,0.54805,0.53919,0.5935,0.65661,0.6449,0.59003,0.46487,0.61417,0.68378,0.5944,0.61797,0.53492,0.52723,0.59696,0.57437,0.47866,0.47403,0.54595,0.45885,0.48961,0.46761,0.57309,0.53383,0.51271,0.50872,0.49966,0.41815,0.59811,0.55027,0.55937,0.47345,0.63639,0.66703,0.64539,0.73985,0.58049,0.66551,0.29442,0.1492,0.61599,0.49075,0.63141,0.61133,0.64523,0.68875,0.61897,0.67603,0.55332,0.54326,0.56375,0.55093,0.28089,0.47895,0.55728,0.5404,0.65148,0.60575,0.54304,0.18096
0.5791,0.46343,0.45525,0.48693,0.13956,0.32139,0.58093,0.55548,0.3235,0.31473,1,0.78629,0.79289,0.78359,0.48804,0.65466,0.5987,0.54607,0.66319,0.626,0.20512,0.074231,0.41409,0.41184,0.12732,0.27698,0.30809,0.38167,0.78095,0.7013,0.43778,0.39162,0.47152,0.57653,0.10924,0.21124,0.37353,0.35367,0.36079,0.31641,0.30553,0.29381,0.24723,0.24916,0.080664,0.082662,0.15593,0.19819,0.11984,0.049945,0.1656,0.12031,0.2425,0.27186,0.29556,0.26525,0.4114,0.32204,0.10247,0.23626,0.40785,0.47228,0.5898,0.60253,0.22426,0.27159,0.17711,0.20885,0.46094,0.47734,0.41182,0.3837,0.46793,0.38759,0.46684,0.39291,0.46702,0.40736,0.46297,0.49641,0.46095,0.34793,0.65787,0.48815,0.36488,0.32964,0.32738,0.22732,0.43642,0.31533,0.33694,0.35974,0.32436,0.25416,0.48808,0.46107,0.36947,0.5714,0.30594,0.31307,0.40101,0.34183,0.42158,0.43366,0.46822,0.36686,0.47281,0.36733,0.64989,0.61159,0.37573,0.17887,0.36927,0.37489,0.45261,0.49752
0.67331,0.61983,0.55755,0.66028,0.29798,0.48587,0.6489,0.70706,0.44339,0.47291,0.78629,1,0.73318,0.85336,0.52344,0.6977,0.69032,0.73291,0.6947,0.71668,0.41469,0.2343,0.48342,0.5499,0.25761,0.45411,0.476,0.55728,0.81697,0.83064,0.56988,0.49862,0.56364,0.69156,0.25313,0.36301,0.57939,0.57662,0.54918,0.46184,0.43046,0.45008,0.44589,0.41957,0.26301,0.26573,0.40249,0.40326,0.30187,0.21604,0.3444,0.27632,0.40905,0.38709,0.47465,0.44016,0.55958,0.48819,0.26085,0.42184,0.44661,0.55095,0.71042,0.71626,0.3556,0.42895,0.34637,0.39671,0.5822,0.58386,0.52728,0.51641,0.57358,0.54089,0.5707,0.51746,0.54951,0.50397,0.60917,0.63454,0.5905,0.50829,0.64575,0.52157,0.46676,0.48248,0.39438,0.31542,0.52594,0.49915,0.51166,0.5083,0.47983,0.38961,0.46753,0.36888,0.56294,0.66066,0.53769,0.50219,0.60015,0.50818,0.57788,0.60712,0.67925,0.58602,0.59554,0.50587,0.59899,0.64335,0.535,0.4021,0.56443,0.58151,0.64422,0.52615
0.69308,0.58821,0.70821,0.67166,0.44538,0.48708,0.77258,0.6575,0.64158,0.56588,0.79289,0.73318,1,0.87795,0.80475,0.84216,0.68706,0.62422,0.78491,0.69829,0.45852,0.27564,0.70815,0.71413,0.52781,0.63779,0.5859,0.66579,0.76843,0.71089,0.63719,0.4845,0.61192,0.65634,0.45372,0.47196,0.57355,0.55317,0.5681,0.49415,0.43242,0.48062,0.53654,0.52865,0.39674,0.41142,0.46899,0.50504,0.41432,0.37115,0.36758,0.39643,0.39313,0.48251,0.52306,0.53085,0.57681,0.50435,0.36149,0.43888,0.56265,0.52612,0.71634,0.6101,0.57759,0.59047,0.47739,0.49618,0.51989,0.54566,0.57542,0.5365,0.51557,0.43275,0.52654,0.47503,0.49991,0.43922,0.63565,0.61761,0.64107,0.58762,0.8295,0.65493,0.69831,0.65841,0.60337,0.52229,0.67894,0.59288,0.45394,0.55464,0.42279,0.48071,0.53057,0.41824,0.59227,0.64416,0.47966,0.50946,0.50419,0.56001,0.50868,0.63096,0.62152,0.62922,0.55435,0.51932,0.55461,0.62975,0.47924,0.34435,0.49684,0.55394,0.63154,0.5002
0.65549,0.61648,0.64066,0.72615,0.41107,0.53673,0.73624,0.75532,0.59255,0.56688,0.78359,0.85336,0.87795,1,0.67757,0.83895,0.7208,0.70609,0.71877,0.70302,0.5002,0.32146,0.61768,0.67253,0.40908,0.59501,0.57164,0.66818,0.83027,0.83481,0.64016,0.54492,0.60351,0.68586,0.33427,0.4263,0.6094,0.63387,0.5834,0.57234,0.44339,0.50789,0.50444,0.4597,0.34564,0.34217,0.48526,0.45766,0.40269,0.33997,0.45173,0.39653,0.52184,0.51236,0.60686,0.56518,0.57001,0.50512,0.36587,0.46941,0.4947,0.57711,0.7391,0.71292,0.48706,0.58977,0.43602,0.4742,0.55233,0.57542,0.58794,0.55822,0.57573,0.54137,0.56904,0.5153,0.52981,0.50074,0.66035,0.67005,0.64185,0.59951,0.76391,0.63804,0.62169,0.63544,0.57971,0.47078,0.67452,0.6357,0.53993,0.57339,0.47345,0.43961,0.54559,0.47225,0.6316,0.70718,0.58573,0.56407,0.62012,0.59554,0.62152,0.69631,0.70349,0.66493,0.63964,0.60448,0.55819,0.64935,0.52963,0.39316,0.60609,0.63017,0.67396,0.46896
0.67516,0.65112,0.70212,0.5462,0.64737,0.49113,0.63768,0.44852,0.7004,0.5335,0.48804,0.52344,0.80475,0.67757,1,0.82019,0.6923,0.63301,0.68664,0.57457,0.5527,0.30811,0.7013,0.6975,0.76889,0.78175,0.69501,0.73184,0.64518,0.59019,0.57285,0.30051,0.5638,0.49413,0.60125,0.47845,0.61896,0.55501,0.64924,0.5122,0.48198,0.48396,0.58623,0.59104,0.52194,0.55493,0.58099,0.58923,0.55959,0.55363,0.4922,0.56103,0.47366,0.56916,0.64223,0.65229,0.67145,0.62407,0.54295,0.51509,0.49246,0.33799,0.65575,0.53866,0.64173,0.59697,0.60764,0.58245,0.51932,0.48529,0.44502,0.41285,0.41517,0.3497,0.39655,0.35022,0.29738,0.21571,0.66737,0.6458,0.71795,0.73055,0.87272,0.70105,0.80879,0.79622,0.76938,0.7147,0.73654,0.68428,0.27069,0.47089,0.19128,0.39232,0.57451,0.39223,0.63339,0.58093,0.40944,0.4545,0.33906,0.48745,0.37048,0.56568,0.53931,0.63017,0.38717,0.3857,0.46299,0.61025,0.35226,0.22316,0.40171,0.5796,0.53561,0.47155
0.57524,0.54913,0.6431,0.64608,0.45294,0.56061,0.68555,0.64377,0.60459,0.55095,0.65466,0.6977,0.84216,0.83895,0.82019,1,0.63194,0.5815,0.74089,0.67458,0.50166,0.3645,0.7118,0.74383,0.56927,0.66188,0.57723,0.68026,0.77912,0.75887,0.71052,0.59317,0.59266,0.63315,0.41794,0.43464,0.56169,0.55875,0.52217,0.54985,0.44226,0.51545,0.45821,0.42803,0.29994,0.32742,0.41731,0.41023,0.3964,0.3185,0.39229,0.37291,0.41863,0.48136,0.52418,0.49786,0.53228,0.47113,0.33644,0.38012,0.45257,0.48603,0.65508,0.60344,0.49356,0.57447,0.42954,0.45455,0.50075,0.5307,0.57187,0.54719,0.50326,0.45514,0.5141,0.45342,0.43815,0.40594,0.56111,0.58969,0.59021,0.54708,0.84041,0.74375,0.62977,0.63454,0.63191,0.52078,0.60552,0.56747,0.41404,0.49081,0.37187,0.39574,0.51507,0.45317,0.52484,0.56916,0.40998,0.41107,0.4754,0.44371,0.45864,0.55635,0.57895,0.60483,0.46064,0.48319,0.50659,0.6215,0.3814,0.23013,0.44534,0.48621,0.54372,0.45145
0.83372,0.8434,0.72467,0.66115,0.55649,0.50866,0.71472,0.61864,0.61317,0.51063,0.5987,0.69032,0.68706,0.7208,0.6923,0.63194,1,0.92705,0.74814,0.73129,0.60125,0.33729,0.60739,0.62063,0.57474,0.71075,0.67934,0.72127,0.83673,0.8213,0.58916,0.35148,0.74294,0.69683,0.56427,0.54685,0.73518,0.7167,0.73513,0.60696,0.61586,0.63607,0.70084,0.71233,0.60313,0.6257,0.68998,0.71273,0.60359,0.55736,0.59262,0.5887,0.64065,0.68222,0.7405,0.72925,0.88145,0.79138,0.60683,0.66225,0.54573,0.44787,0.88992,0.83018,0.65636,0.60805,0.69783,0.70757,0.78223,0.75106,0.5229,0.48789,0.63744,0.57636,0.62801,0.50364,0.52566,0.44126,0.92539,0.90296,0.89628,0.84345,0.79199,0.68301,0.74004,0.74551,0.70846,0.63346,0.75387,0.72774,0.43489,0.54561,0.29983,0.39836,0.58737,0.37032,0.81906,0.80571,0.65357,0.68796,0.50623,0.60119,0.61307,0.7066,0.65228,0.63017,0.64462,0.56738,0.55286,0.7003,0.62086,0.48534,0.62397,0.76608,0.68714,0.4244
0.78802,0.8244,0.64227,0.6251,0.56652,0.52647,0.64964,0.58256,0.59979,0.52778,0.54607,0.73291,0.62422,0.70609,0.63301,0.5815,0.92705,1,0.70681,0.71722,0.60755,0.31896,0.51234,0.53012,0.49893,0.63748,0.67767,0.70127,0.75174,0.81145,0.5346,0.30675,0.69986,0.66701,0.51414,0.51919,0.71679,0.72297,0.73772,0.58692,0.57473,0.613,0.67544,0.67518,0.58021,0.58825,0.68983,0.69592,0.57321,0.52456,0.58576,0.56645,0.62946,0.63067,0.72586,0.71326,0.84028,0.78179,0.56998,0.65714,0.49491,0.44517,0.87451,0.84573,0.61244,0.56636,0.6613,0.66984,0.7796,0.73727,0.50161,0.447,0.59734,0.57927,0.58687,0.48183,0.49184,0.42262,0.88235,0.91276,0.87295,0.83046,0.70589,0.61998,0.69489,0.70506,0.65067,0.59123,0.71586,0.71012,0.45287,0.55127,0.28971,0.39616,0.52814,0.28694,0.84067,0.77658,0.68122,0.69844,0.51525,0.60861,0.61783,0.69662,0.63544,0.61479,0.64193,0.55271,0.56007,0.68648,0.65726,0.53365,0.64105,0.78856,0.68513,0.43954
0.81317,0.76365,0.81457,0.79708,0.57847,0.68713,0.85686,0.77347,0.69133,0.63345,0.66319,0.6947,0.78491,0.71877,0.68664,0.74089,0.74814,0.70681,1,0.93714,0.51376,0.34379,0.73392,0.71551,0.60396,0.65674,0.7199,0.73438,0.74892,0.70548,0.69087,0.50343,0.82226,0.79962,0.63159,0.67415,0.6742,0.64598,0.56141,0.5508,0.45413,0.5496,0.65194,0.63913,0.5268,0.52487,0.578,0.64109,0.55345,0.45352,0.47562,0.44491,0.46217,0.57885,0.53867,0.55956,0.76248,0.71156,0.51368,0.59299,0.67004,0.64428,0.80555,0.75716,0.67123,0.64471,0.67729,0.68752,0.81866,0.82573,0.67181,0.61331,0.59605,0.57197,0.66313,0.59384,0.66942,0.58877,0.69188,0.68468,0.66246,0.61191,0.71432,0.64948,0.65888,0.61058,0.54709,0.47123,0.61373,0.61397,0.62041,0.7339,0.52992,0.61653,0.52796,0.44072,0.66968,0.67993,0.63737,0.62036,0.62265,0.63738,0.64389,0.68702,0.62222,0.63313,0.68017,0.61538,0.59058,0.65787,0.65009,0.5185,0.66077,0.64564,0.6586,0.33254
0.76914,0.75817,0.73943,0.81497,0.52372,0.69531,0.81567,0.82868,0.62768,0.60227,0.626,0.71668,0.69829,0.70302,0.57457,0.67458,0.73129,0.71722,0.93714,1,0.53043,0.39057,0.66688,0.67176,0.52178,0.62245,0.68891,0.70029,0.74542,0.74697,0.70518,0.56015,0.8626,0.8629,0.58394,0.69682,0.69463,0.67449,0.54022,0.57902,0.48079,0.58619,0.62776,0.59702,0.49604,0.47822,0.55725,0.618,0.5238,0.40687,0.46507,0.39481,0.4583,0.54667,0.51016,0.51897,0.7433,0.69717,0.48123,0.58658,0.63976,0.66293,0.80779,0.81063,0.62537,0.62059,0.64695,0.68292,0.85797,0.8938,0.69892,0.65884,0.64859,0.64143,0.69945,0.63088,0.72806,0.66066,0.66731,0.68485,0.61302,0.54937,0.64139,0.62899,0.56858,0.53334,0.48599,0.4062,0.56058,0.56886,0.70733,0.74243,0.61698,0.62063,0.43594,0.37087,0.67397,0.65875,0.69905,0.64879,0.70431,0.65831,0.73212,0.70392,0.65393,0.5955,0.74876,0.63479,0.56913,0.64955,0.72061,0.58484,0.69122,0.68239,0.67704,0.2693
0.52432,0.5967,0.54355,0.57653,0.64431,0.61952,0.52335,0.51906,0.58652,0.53887,0.20512,0.41469,0.45852,0.5002,0.5527,0.50166,0.60125,0.60755,0.51376,0.53043,1,0.76466,0.49452,0.50694,0.57083,0.706,0.6782,0.69294,0.51371,0.56606,0.55904,0.3999,0.60153,0.57017,0.60007,0.65419,0.71965,0.73314,0.75148,0.69256,0.62237,0.73487,0.6021,0.56014,0.58097,0.57472,0.638,0.64771,0.64905,0.59042,0.61334,0.59481,0.6107,0.65088,0.65777,0.64458,0.62177,0.56126,0.64696,0.60543,0.45993,0.3087,0.60234,0.54251,0.58425,0.58299,0.68615,0.70813,0.60078,0.60653,0.52358,0.51893,0.54393,0.56081,0.52402,0.50664,0.35121,0.34229,0.61332,0.62417,0.6279,0.61147,0.54811,0.6391,0.59063,0.60477,0.62693,0.57532,0.62922,0.65943,0.52023,0.59661,0.34359,0.44988,0.34618,0.24772,0.63626,0.53593,0.65582,0.62672,0.52715,0.62065,0.60632,0.64888,0.60324,0.61838,0.51114,0.50602,0.33488,0.48119,0.58902,0.54514,0.58081,0.70113,0.6462,0.21476
0.2846,0.36027,0.35026,0.46476,0.40193,0.48206,0.34191,0.4309,0.35762,0.29248,0.074231,0.2343,0.27564,0.32146,0.30811,0.3645,0.33729,0.31896,0.34379,0.39057,0.76466,1,0.38765,0.3955,0.34796,0.52022,0.39861,0.47983,0.35137,0.40788,0.50273,0.53787,0.4903,0.47136,0.46458,0.59532,0.56256,0.59131,0.54936,0.74218,0.44726,0.69424,0.3822,0.32447,0.3728,0.37102,0.41438,0.41173,0.4321,0.36183,0.39285,0.35802,0.39772,0.44265,0.428,0.41252,0.37879,0.33422,0.44474,0.42154,0.33402,0.28869,0.38157,0.38174,0.36295,0.42939,0.50382,0.55397,0.42835,0.47814,0.4264,0.45221,0.36332,0.41192,0.39748,0.43465,0.24275,0.26977,0.32043,0.35999,0.37273,0.31825,0.32845,0.61976,0.32066,0.3424,0.42041,0.38526,0.4124,0.42472,0.43799,0.42373,0.25838,0.29123,0.076855,0.25927,0.33986,0.2544,0.48764,0.4193,0.36222,0.39436,0.45712,0.41544,0.40434,0.43321,0.40586,0.51816,0.1237,0.18659,0.39538,0.41093,0.39772,0.4452,0.45773,-0.030981
0.59505,0.58551,0.88029,0.80863,0.53616,0.64747,0.8138,0.70904,0.75177,0.61343,0.41409,0.48342,0.70815,0.61768,0.7013,0.7118,0.60739,0.51234,0.73392,0.66688,0.49452,0.38765,1,0.93466,0.70822,0.7655,0.7525,0.80676,0.60373,0.60026,0.86056,0.68545,0.76875,0.73985,0.67459,0.67955,0.65469,0.64505,0.52017,0.55143,0.42654,0.53737,0.58544,0.58116,0.46495,0.4925,0.51803,0.56794,0.48176,0.41767,0.40313,0.41588,0.36593,0.47921,0.4499,0.49905,0.64043,0.56944,0.42605,0.45367,0.53212,0.46997,0.64145,0.52191,0.67052,0.59985,0.60224,0.60152,0.60205,0.63033,0.73022,0.70526,0.57357,0.50827,0.61232,0.54198,0.62826,0.58692,0.60259,0.54734,0.50018,0.50396,0.64198,0.53558,0.6129,0.56448,0.52723,0.41162,0.54492,0.57041,0.57629,0.68186,0.59133,0.69374,0.38253,0.30479,0.58738,0.5919,0.56137,0.5617,0.60841,0.65141,0.58901,0.66196,0.65393,0.68298,0.57914,0.57347,0.28505,0.43963,0.54224,0.47334,0.60639,0.5114,0.57767,0.28242
0.6205,0.60292,0.8473,0.85456,0.52136,0.64149,0.81233,0.75638,0.73178,0.66237,0.41184,0.5499,0.71413,0.67253,0.6975,0.74383,0.62063,0.53012,0.71551,0.67176,0.50694,0.3955,0.93466,1,0.70327,0.81457,0.72538,0.82871,0.62112,0.63435,0.84356,0.69593,0.74674,0.73791,0.67085,0.68911,0.67682,0.66123,0.56364,0.56777,0.47614,0.57052,0.60226,0.58386,0.4687,0.48826,0.55836,0.57598,0.50945,0.44496,0.47228,0.46142,0.4559,0.52706,0.53191,0.54646,0.6544,0.5807,0.45452,0.48821,0.5502,0.51941,0.67336,0.53157,0.68089,0.67408,0.59955,0.62176,0.5647,0.59664,0.73096,0.72599,0.57801,0.52266,0.60196,0.53968,0.62086,0.59751,0.60945,0.54527,0.52803,0.52836,0.66923,0.54859,0.65211,0.62305,0.58199,0.47078,0.59276,0.62842,0.58784,0.64699,0.60723,0.65705,0.37007,0.26439,0.62679,0.58648,0.59132,0.57828,0.62889,0.64347,0.5886,0.67993,0.66677,0.70968,0.59748,0.59205,0.28828,0.47537,0.54966,0.47279,0.6299,0.5413,0.60112,0.29141
0.63841,0.64918,0.76641,0.55863,0.838,0.61578,0.6707,0.46199,0.77397,0.65617,0.12732,0.25761,0.52781,0.40908,0.76889,0.56927,0.57474,0.49893,0.60396,0.52178,0.57083,0.34796,0.70822,0.70327,1,0.86795,0.7717,0.72256,0.35985,0.36829,0.53364,0.21745,0.62441,0.44602,0.81,0.6351,0.65304,0.56799,0.59689,0.52351,0.44995,0.48941,0.65296,0.64341,0.64713,0.68074,0.68608,0.68767,0.67871,0.70845,0.65784,0.70156,0.58131,0.6868,0.69108,0.71386,0.70142,0.68481,0.72857,0.65519,0.63215,0.40127,0.59764,0.45815,0.78478,0.70943,0.77935,0.73917,0.55032,0.50459,0.4599,0.42107,0.34728,0.30437,0.38006,0.2899,0.30746,0.21169,0.62242,0.52487,0.60574,0.67544,0.62174,0.56831,0.77744,0.76047,0.72737,0.72725,0.71865,0.7349,0.39249,0.6028,0.29089,0.56572,0.34143,0.17093,0.60973,0.43414,0.49582,0.53956,0.40778,0.59823,0.41835,0.59014,0.45872,0.61049,0.40262,0.40868,0.16222,0.41574,0.37795,0.34012,0.46571,0.59757,0.48657,0.1991
0.71126,0.7165,0.79637,0.72065,0.74422,0.67479,0.73862,0.62403,0.77811,0.68392,0.27698,0.45411,0.63779,0.59501,0.78175,0.66188,0.71075,0.63748,0.65674,0.62245,0.706,0.52022,0.7655,0.81457,0.86795,1,0.79639,0.8666,0.57485,0.60612,0.70324,0.44118,0.74726,0.64934,0.81145,0.7489,0.78551,0.75446,0.73853,0.70764,0.5889,0.65418,0.71252,0.69998,0.66382,0.67851,0.74942,0.745,0.69638,0.6847,0.68032,0.69942,0.66293,0.74254,0.77186,0.78262,0.7869,0.71165,0.73262,0.69743,0.63902,0.4686,0.74773,0.62453,0.8128,0.79799,0.80369,0.81674,0.62463,0.60823,0.59744,0.58622,0.52216,0.48076,0.53753,0.46583,0.4275,0.37515,0.72701,0.6549,0.7219,0.74855,0.72277,0.67502,0.82428,0.82797,0.80775,0.75687,0.80403,0.82799,0.5151,0.65292,0.39431,0.56425,0.37559,0.21379,0.74027,0.56943,0.64816,0.68772,0.54367,0.68998,0.56867,0.72963,0.6487,0.71982,0.57547,0.58196,0.24834,0.50957,0.53034,0.47188,0.58171,0.70161,0.64257,0.27366
0.72966,0.76712,0.83728,0.75276,0.82534,0.78392,0.76125,0.64697,0.85143,0.75069,0.30809,0.476,0.5859,0.57164,0.69501,0.57723,0.67934,0.67767,0.7199,0.68891,0.6782,0.39861,0.7525,0.72538,0.7717,0.79639,1,0.91382,0.51085,0.56291,0.63143,0.34268,0.75587,0.63588,0.77654,0.73371,0.76578,0.71902,0.67587,0.63435,0.4789,0.5566,0.7292,0.70376,0.67733,0.68263,0.72787,0.75168,0.7028,0.67979,0.68538,0.69427,0.62058,0.70604,0.6876,0.73128,0.77882,0.75972,0.71185,0.71539,0.65508,0.49492,0.70834,0.62906,0.78298,0.71912,0.79285,0.7727,0.74151,0.70662,0.64648,0.60294,0.55068,0.53558,0.54702,0.50099,0.55176,0.50812,0.71549,0.65937,0.63543,0.70098,0.62424,0.56064,0.74379,0.71956,0.66729,0.60505,0.72916,0.77865,0.59476,0.78519,0.49044,0.69086,0.42667,0.23638,0.75686,0.63879,0.71674,0.71455,0.63889,0.77401,0.67421,0.75169,0.65092,0.65425,0.64647,0.60757,0.34717,0.55776,0.65657,0.58513,0.71356,0.71785,0.64367,0.24493
0.71027,0.72571,0.83293,0.79563,0.701,0.75807,0.75975,0.69277,0.83059,0.73016,0.38167,0.55728,0.66579,0.66818,0.73184,0.68026,0.72127,0.70127,0.73438,0.70029,0.69294,0.47983,0.80676,0.82871,0.72256,0.8666,0.91382,1,0.63134,0.67358,0.74514,0.51548,0.77127,0.71606,0.71858,0.72617,0.80655,0.80277,0.71642,0.69507,0.57354,0.6656,0.68117,0.65405,0.60294,0.6154,0.69722,0.71733,0.64511,0.61613,0.62756,0.63884,0.60775,0.6831,0.6845,0.70868,0.77203,0.69215,0.64511,0.66877,0.59127,0.50017,0.76151,0.65138,0.74291,0.7165,0.73158,0.74244,0.68611,0.67477,0.68773,0.6758,0.61704,0.59631,0.60868,0.58014,0.57393,0.5591,0.73379,0.70092,0.6844,0.70825,0.69678,0.62374,0.76541,0.75248,0.70859,0.60129,0.73796,0.78194,0.62135,0.75092,0.51331,0.65609,0.42339,0.27219,0.76944,0.65893,0.73271,0.7279,0.6494,0.75001,0.67908,0.77764,0.69402,0.73063,0.68241,0.64321,0.35271,0.55784,0.66462,0.58845,0.70556,0.68809,0.67525,0.28178
0.65046,0.63492,0.6085,0.65151,0.30034,0.46885,0.67689,0.68395,0.47152,0.41122,0.78095,0.81697,0.76843,0.83027,0.64518,0.77912,0.83673,0.75174,0.74892,0.74542,0.51371,0.35137,0.60373,0.62112,0.35985,0.57485,0.51085,0.63134,1,0.9291,0.69952,0.59423,0.66949,0.75825,0.31166,0.40267,0.66519,0.67021,0.57499,0.5748,0.56586,0.62049,0.48512,0.47392,0.32259,0.33118,0.4327,0.45207,0.3796,0.26636,0.35786,0.3116,0.42942,0.46318,0.51832,0.48205,0.63689,0.5119,0.30058,0.39353,0.40752,0.47494,0.78161,0.77991,0.42147,0.46674,0.4184,0.45957,0.63671,0.66864,0.61413,0.59699,0.70505,0.64529,0.69447,0.61122,0.61457,0.56123,0.71821,0.75238,0.68705,0.57761,0.78656,0.67924,0.51899,0.53723,0.53446,0.38624,0.5519,0.50494,0.47764,0.49306,0.41822,0.36326,0.59196,0.50716,0.65074,0.76661,0.55842,0.55189,0.55469,0.49608,0.61596,0.6679,0.7075,0.61906,0.64653,0.57129,0.61857,0.71954,0.56353,0.41069,0.57571,0.599,0.66984,0.43794
0.62112,0.64008,0.59572,0.68314,0.3459,0.52966,0.65664,0.71935,0.4985,0.46648,0.7013,0.83064,0.71089,0.83481,0.59019,0.75887,0.8213,0.81145,0.70548,0.74697,0.56606,0.40788,0.60026,0.63435,0.36829,0.60612,0.56291,0.67358,0.9291,1,0.73537,0.63488,0.70892,0.78866,0.34403,0.46361,0.72853,0.75584,0.6116,0.65188,0.59194,0.68697,0.51727,0.49317,0.35647,0.36755,0.50834,0.50162,0.4256,0.3184,0.44377,0.37791,0.51475,0.52159,0.58232,0.55687,0.63487,0.52067,0.34195,0.43837,0.39663,0.49551,0.80603,0.83249,0.43757,0.50693,0.45391,0.50431,0.65251,0.69907,0.68983,0.66674,0.74258,0.72058,0.72548,0.6399,0.62765,0.59763,0.73196,0.78827,0.69961,0.59587,0.74156,0.70202,0.51736,0.54563,0.5567,0.4089,0.57945,0.57103,0.57329,0.56144,0.47897,0.4242,0.51301,0.39865,0.70937,0.76158,0.66143,0.66471,0.63425,0.56678,0.70887,0.72709,0.74529,0.66947,0.72889,0.66295,0.56292,0.68822,0.64106,0.50737,0.64451,0.66085,0.71485,0.43535
0.49308,0.49671,0.71047,0.78298,0.39657,0.64103,0.75031,0.77167,0.61397,0.56333,0.43778,0.56988,0.63719,0.64016,0.57285,0.71052,0.58916,0.5346,0.69087,0.70518,0.55904,0.50273,0.86056,0.84356,0.53364,0.70324,0.63143,0.74514,0.69952,0.73537,1,0.87372,0.81585,0.87803,0.54995,0.67482,0.67888,0.69874,0.45475,0.57135,0.46126,0.64033,0.50693,0.47273,0.33815,0.34694,0.45125,0.47552,0.38213,0.2752,0.3438,0.29861,0.36195,0.42789,0.38817,0.38857,0.55692,0.45461,0.28849,0.36181,0.45737,0.50311,0.66401,0.60893,0.53052,0.53687,0.49131,0.54129,0.5914,0.69039,0.81995,0.81119,0.69425,0.66594,0.72989,0.69914,0.7382,0.73354,0.57779,0.58332,0.44085,0.38666,0.59227,0.52657,0.44152,0.42724,0.42692,0.24282,0.42193,0.45833,0.6888,0.6495,0.66162,0.62579,0.31593,0.27627,0.56167,0.56746,0.62744,0.59007,0.68118,0.61024,0.66654,0.6864,0.68381,0.66627,0.65349,0.63689,0.3364,0.46606,0.61004,0.56352,0.65697,0.50425,0.6146,0.22636
0.23064,0.22751,0.4683,0.66393,0.10617,0.49348,0.5575,0.70469,0.3557,0.35131,0.39162,0.49862,0.4845,0.54492,0.30051,0.59317,0.35148,0.30675,0.50343,0.56015,0.3999,0.53787,0.68545,0.69593,0.21745,0.44118,0.34268,0.51548,0.59423,0.63488,0.87372,1,0.62963,0.7784,0.29722,0.53413,0.47293,0.54784,0.26075,0.47513,0.33563,0.53534,0.25754,0.19977,0.070029,0.066941,0.19899,0.21588,0.13767,-0.0024107,0.11213,0.019079,0.16627,0.19045,0.14817,0.12638,0.27384,0.16497,0.021777,0.1269,0.25024,0.43916,0.46433,0.4432,0.25734,0.33596,0.22698,0.30532,0.38862,0.53716,0.69994,0.72876,0.56643,0.5541,0.61372,0.61269,0.64029,0.67587,0.3096,0.37749,0.19689,0.092462,0.3928,0.43299,0.14658,0.13589,0.18788,-0.0053021,0.16183,0.19459,0.63413,0.47848,0.63885,0.46753,0.14288,0.27208,0.29738,0.38423,0.4779,0.40833,0.59735,0.40299,0.55125,0.4825,0.53334,0.50173,0.54384,0.55727,0.26867,0.27847,0.48485,0.47206,0.50621,0.29063,0.47284,0.1291
0.73526,0.76223,0.79155,0.81906,0.62591,0.74597,0.82954,0.78708,0.7089,0.61307,0.47152,0.56364,0.61192,0.60351,0.5638,0.59266,0.74294,0.69986,0.82226,0.8626,0.60153,0.4903,0.76875,0.74674,0.62441,0.74726,0.75587,0.77127,0.66949,0.70892,0.81585,0.62963,1,0.91915,0.75657,0.85005,0.77546,0.76618,0.58563,0.63544,0.50346,0.66492,0.69057,0.6659,0.585,0.57633,0.63458,0.69571,0.60458,0.49893,0.55903,0.49591,0.54698,0.63164,0.58081,0.58654,0.78384,0.74288,0.57794,0.64588,0.68769,0.63402,0.83277,0.79037,0.72023,0.65984,0.76154,0.79514,0.84699,0.90931,0.77011,0.73636,0.69809,0.67531,0.73996,0.69873,0.72975,0.6879,0.7188,0.69314,0.61309,0.56623,0.59657,0.59001,0.59576,0.55278,0.55596,0.43664,0.61722,0.63629,0.73982,0.77549,0.62265,0.69086,0.34331,0.27318,0.70666,0.63264,0.76218,0.71374,0.71585,0.73117,0.75558,0.76831,0.64839,0.6167,0.75162,0.66851,0.42181,0.58699,0.74741,0.65146,0.73557,0.71074,0.67015,0.18494
0.62882,0.63517,0.7041,0.81893,0.43886,0.68868,0.79658,0.84938,0.61005,0.57259,0.57653,0.69156,0.65634,0.68586,0.49413,0.63315,0.69683,0.66701,0.79962,0.8629,0.57017,0.47136,0.73985,0.73791,0.44602,0.64934,0.63588,0.71606,0.75825,0.78866,0.87803,0.7784,0.91915,1,0.55306,0.74998,0.71542,0.74581,0.51694,0.57056,0.52261,0.66275,0.57011,0.53641,0.41166,0.39337,0.5099,0.56143,0.43858,0.31628,0.41508,0.32341,0.4524,0.4976,0.45491,0.43647,0.65318,0.56597,0.371,0.48327,0.56017,0.60762,0.80927,0.773,0.56393,0.54379,0.5711,0.63567,0.74904,0.85327,0.80778,0.79764,0.74652,0.72486,0.79236,0.73914,0.80649,0.79019,0.64664,0.66246,0.53392,0.42906,0.58336,0.52514,0.45563,0.41883,0.44633,0.25929,0.48824,0.49097,0.80595,0.73827,0.71682,0.66774,0.29988,0.24949,0.64669,0.6409,0.75815,0.69065,0.77651,0.69624,0.78538,0.76119,0.69051,0.60877,0.78267,0.65879,0.46904,0.59255,0.77592,0.68801,0.75087,0.64604,0.68671,0.2404
0.70014,0.7313,0.76045,0.66045,0.76665,0.64727,0.68676,0.51164,0.71515,0.59766,0.10924,0.25313,0.45372,0.33427,0.60125,0.41794,0.56427,0.51414,0.63159,0.58394,0.60007,0.46458,0.67459,0.67085,0.81,0.81145,0.77654,0.71858,0.31166,0.34403,0.54995,0.29722,0.75657,0.55306,1,0.8949,0.68299,0.6192,0.61019,0.54885,0.35004,0.48409,0.76196,0.7572,0.75888,0.76533,0.76091,0.78454,0.73634,0.73863,0.67753,0.71497,0.59605,0.72718,0.67492,0.71665,0.75324,0.78581,0.77238,0.75079,0.69234,0.45845,0.59248,0.4686,0.82727,0.76084,0.90473,0.89594,0.66401,0.63714,0.53402,0.5142,0.39101,0.38675,0.42723,0.41867,0.40138,0.36375,0.62773,0.5316,0.60278,0.65456,0.47419,0.49809,0.72468,0.6879,0.59322,0.6335,0.66818,0.73749,0.45735,0.63718,0.34148,0.58291,0.328,0.21625,0.62947,0.43777,0.5859,0.58,0.46954,0.63742,0.48683,0.58533,0.50307,0.57368,0.47046,0.52171,0.19723,0.36399,0.46836,0.47131,0.55157,0.63058,0.51749,0.13256
0.63314,0.67407,0.71388,0.76414,0.65921,0.71738,0.71699,0.67902,0.67761,0.6236,0.21124,0.36301,0.47196,0.4263,0.47845,0.43464,0.54685,0.51919,0.67415,0.69682,0.65419,0.59532,0.67955,0.68911,0.6351,0.7489,0.73371,0.72617,0.40267,0.46361,0.67482,0.53413,0.85005,0.74998,0.8949,1,0.71244,0.70536,0.58379,0.60195,0.40946,0.58685,0.71043,0.66682,0.65926,0.62815,0.68845,0.72304,0.65087,0.6001,0.61831,0.57041,0.57976,0.65675,0.59104,0.5996,0.68695,0.69281,0.65796,0.69695,0.67406,0.56082,0.64406,0.5454,0.73291,0.70728,0.81758,0.85819,0.69596,0.74018,0.68665,0.69417,0.51047,0.52422,0.56455,0.56918,0.56562,0.58729,0.58819,0.55236,0.52975,0.52026,0.44437,0.50275,0.59147,0.54235,0.51854,0.46849,0.58698,0.66387,0.68136,0.7316,0.54687,0.65575,0.21407,0.17486,0.61272,0.43687,0.71806,0.65003,0.63719,0.68658,0.65959,0.65043,0.57335,0.56037,0.6225,0.62449,0.23902,0.37554,0.62984,0.63241,0.65916,0.64366,0.57094,0.068976
0.70297,0.74759,0.73899,0.71466,0.64158,0.6544,0.69843,0.63695,0.64651,0.55511,0.37353,0.57939,0.57355,0.6094,0.61896,0.56169,0.73518,0.71679,0.6742,0.69463,0.71965,0.56256,0.65469,0.67682,0.65304,0.78551,0.76578,0.80655,0.66519,0.72853,0.67888,0.47293,0.77546,0.71542,0.68299,0.71244,1,0.89537,0.79694,0.7865,0.68554,0.75191,0.65535,0.63268,0.59071,0.61363,0.72717,0.717,0.66144,0.63139,0.68355,0.6548,0.68933,0.71362,0.76099,0.74846,0.76331,0.67495,0.69233,0.65449,0.57072,0.40237,0.77428,0.69886,0.67862,0.63977,0.74684,0.76234,0.69122,0.69403,0.66528,0.65385,0.65793,0.65377,0.64461,0.60961,0.54571,0.49569,0.72413,0.69596,0.71202,0.68931,0.60221,0.6603,0.67992,0.69691,0.66011,0.60043,0.7244,0.75652,0.66179,0.73567,0.49108,0.61616,0.39891,0.29456,0.78191,0.67934,0.81875,0.79341,0.66714,0.75184,0.74414,0.82074,0.74505,0.77068,0.7397,0.72166,0.32184,0.56729,0.70597,0.65921,0.76603,0.75577,0.69831,0.21111
0.61061,0.69865,0.70367,0.73633,0.61623,0.65802,0.68989,0.68852,0.65333,0.56173,0.35367,0.57662,0.55317,0.63387,0.55501,0.55875,0.7167,0.72297,0.64598,0.67449,0.73314,0.59131,0.64505,0.66123,0.56799,0.75446,0.71902,0.80277,0.67021,0.75584,0.69874,0.54784,0.76618,0.74581,0.6192,0.70536,0.89537,1,0.76348,0.81808,0.64442,0.8078,0.61915,0.59214,0.55953,0.57158,0.68762,0.68216,0.60767,0.56017,0.61991,0.58465,0.63648,0.66572,0.7064,0.69313,0.71663,0.6359,0.61613,0.64351,0.49842,0.4536,0.77599,0.686,0.67156,0.63362,0.72072,0.75432,0.68169,0.70191,0.66642,0.65466,0.64702,0.68202,0.64524,0.62242,0.53637,0.53879,0.73982,0.7139,0.71056,0.68224,0.57235,0.62267,0.64657,0.67089,0.64865,0.52537,0.68732,0.73509,0.71241,0.73548,0.52967,0.61256,0.39809,0.29527,0.79181,0.67954,0.83393,0.78696,0.70298,0.74755,0.78726,0.8161,0.74775,0.75967,0.75733,0.7112,0.35536,0.56543,0.74063,0.71377,0.75909,0.75343,0.73051,0.15089
0.67431,0.72382,0.65346,0.60463,0.67515,0.51811,0.59767,0.51212,0.62296,0.48779,0.36079,0.54918,0.5681,0.5834,0.64924,0.52217,0.73513,0.73772,0.56141,0.54022,0.75148,0.54936,0.52017,0.56364,0.59689,0.73853,0.67587,0.71642,0.57499,0.6116,0.45475,0.26075,0.58563,0.51694,0.61019,0.58379,0.79694,0.76348,1,0.74388,0.68522,0.6822,0.62716,0.62555,0.60204,0.62455,0.69276,0.69058,0.60231,0.59847,0.59345,0.62475,0.60403,0.66174,0.77008,0.77116,0.74692,0.68724,0.70509,0.67483,0.50945,0.30392,0.70753,0.6022,0.66333,0.61171,0.74004,0.74841,0.61435,0.5868,0.3819,0.37188,0.46504,0.47282,0.44983,0.39472,0.25011,0.21117,0.7017,0.66507,0.78171,0.77691,0.66498,0.64979,0.74857,0.76739,0.78521,0.72651,0.77392,0.76306,0.39025,0.50895,0.20434,0.35894,0.41619,0.25841,0.73802,0.59413,0.61853,0.59614,0.42924,0.57069,0.5274,0.6281,0.59552,0.64041,0.53468,0.48902,0.34478,0.5014,0.54153,0.43713,0.55002,0.70313,0.6258,0.35352
0.53148,0.6314,0.60137,0.64402,0.56182,0.57526,0.57268,0.59765,0.52814,0.46531,0.31641,0.46184,0.49415,0.57234,0.5122,0.54985,0.60696,0.58692,0.5508,0.57902,0.69256,0.74218,0.55143,0.56777,0.52351,0.70764,0.63435,0.69507,0.5748,0.65188,0.57135,0.47513,0.63544,0.57056,0.54885,0.60195,0.7865,0.81808,0.74388,1,0.62946,0.77297,0.55463,0.51742,0.51328,0.51546,0.60744,0.58619,0.54159,0.49279,0.56201,0.53929,0.57789,0.61894,0.68773,0.69208,0.63556,0.58381,0.6016,0.60444,0.50922,0.44247,0.63996,0.63701,0.58186,0.62045,0.65115,0.68762,0.60668,0.60025,0.52239,0.50196,0.47155,0.48822,0.50911,0.47004,0.33822,0.33713,0.57952,0.56184,0.63034,0.62061,0.58056,0.79132,0.60036,0.62656,0.70852,0.62924,0.69855,0.71709,0.53812,0.61394,0.34301,0.43367,0.2963,0.31108,0.63201,0.53275,0.67362,0.633,0.50472,0.57894,0.62543,0.63388,0.57467,0.59722,0.61898,0.68508,0.22135,0.44531,0.54895,0.49075,0.57117,0.62132,0.60562,0.050264
0.43785,0.48363,0.41837,0.39577,0.37822,0.38916,0.41047,0.41435,0.40985,0.3628,0.30553,0.43046,0.43242,0.44339,0.48198,0.44226,0.61586,0.57473,0.45413,0.48079,0.62237,0.44726,0.42654,0.47614,0.44995,0.5889,0.4789,0.57354,0.56586,0.59194,0.46126,0.33563,0.50346,0.52261,0.35004,0.40946,0.68554,0.64442,0.68522,0.62946,1,0.80385,0.44765,0.42664,0.39125,0.38111,0.45462,0.49155,0.38365,0.31656,0.36526,0.33377,0.38238,0.37227,0.48307,0.46915,0.55631,0.40955,0.38169,0.3623,0.30231,0.19759,0.62094,0.55016,0.40122,0.32299,0.43537,0.45553,0.47756,0.46189,0.49325,0.48897,0.65693,0.61164,0.60042,0.51575,0.40828,0.36987,0.56087,0.58282,0.59091,0.51504,0.62776,0.62449,0.50357,0.49026,0.63729,0.49061,0.489,0.48366,0.44616,0.42059,0.30542,0.31786,0.18114,0.0056257,0.58699,0.45406,0.57634,0.55479,0.39734,0.41954,0.51545,0.5475,0.44062,0.49334,0.51114,0.45735,0.26145,0.49435,0.56423,0.49932,0.46975,0.51715,0.46372,0.1881
0.46071,0.5411,0.51337,0.55549,0.47772,0.5336,0.53982,0.57806,0.53694,0.43486,0.29381,0.45008,0.48062,0.50789,0.48396,0.51545,0.63607,0.613,0.5496,0.58619,0.73487,0.69424,0.53737,0.57052,0.48941,0.65418,0.5566,0.6656,0.62049,0.68697,0.64033,0.53534,0.66492,0.66275,0.48409,0.58685,0.75191,0.8078,0.6822,0.77297,0.80385,1,0.52424,0.49643,0.45881,0.46786,0.53157,0.55049,0.48361,0.3905,0.45084,0.4188,0.48254,0.50242,0.55986,0.52971,0.58027,0.48183,0.43969,0.46153,0.38792,0.36929,0.66391,0.62078,0.50201,0.476,0.56477,0.60509,0.58573,0.6182,0.65048,0.6306,0.72593,0.73427,0.69531,0.67706,0.5021,0.50554,0.62885,0.63353,0.60762,0.52965,0.58523,0.67887,0.50832,0.51137,0.61543,0.45876,0.53277,0.53107,0.56886,0.53981,0.39335,0.4343,0.25306,0.16809,0.66355,0.53419,0.68795,0.63167,0.51026,0.53229,0.65486,0.6512,0.58136,0.62705,0.63306,0.60423,0.2816,0.48844,0.66077,0.60128,0.58893,0.62031,0.6379,0.10818
0.73718,0.78043,0.69029,0.66647,0.63826,0.58365,0.69378,0.58895,0.68547,0.59974,0.24723,0.44589,0.53654,0.50444,0.58623,0.45821,0.70084,0.67544,0.65194,0.62776,0.6021,0.3822,0.58544,0.60226,0.65296,0.71252,0.7292,0.68117,0.48512,0.51727,0.50693,0.25754,0.69057,0.57011,0.76196,0.71043,0.65535,0.61915,0.62716,0.55463,0.44765,0.52424,1,0.97244,0.93936,0.92706,0.93672,0.956,0.87869,0.81499,0.72605,0.75815,0.62059,0.75958,0.74719,0.81977,0.78814,0.80871,0.73243,0.76761,0.60229,0.44859,0.66805,0.59089,0.781,0.71184,0.85239,0.85127,0.72798,0.6817,0.5651,0.52605,0.51218,0.51378,0.53428,0.53216,0.52274,0.47062,0.77139,0.68431,0.70613,0.74678,0.56007,0.54774,0.74293,0.70976,0.57668,0.61215,0.67717,0.72276,0.4725,0.63176,0.37364,0.49958,0.48432,0.26076,0.7867,0.63527,0.70086,0.68997,0.51162,0.6169,0.56219,0.65976,0.56238,0.56836,0.57048,0.578,0.35118,0.55495,0.58525,0.55491,0.64362,0.72899,0.67189,0.2165
