1,0.86675,0.72762,0.74035,0.70108,0.6575,0.74144,0.77149,0.74087,0.67729,0.75651,0.77356,0.79957,0.75673,0.71863,0.74075,0.67837,0.76508,0.82186,0.82745,0.41807,0.28527,0.57752,0.58705,0.44388,0.41654,0.52577,0.52443,0.63595,0.70627,0.36513,0.41064,0.74002,0.68384,0.39797,0.44786,0.3308,0.42137,0.20861,0.53489,-0.0597,0.037935,0.50842,0.49886,0.42323,0.44824,0.407,0.54579,0.59001,0.53293,0.5629,0.55345,0.51746,0.49984,0.48686,0.62254,0.86036,0.81111,0.70609,0.65542,0.74232,0.69153,0.74657,0.70179,0.456,0.54691,0.65201,0.62099,0.73587,0.71136,0.11361,0.17385,0.11329,0.085302,0.16359,0.00081991,0.27865,0.373,0.62157,0.66736,0.71764,0.6789,0.74076,0.78147,0.56372,0.51798,0.70008,0.65451,0.59405,0.64235,0.48347,0.52144,0.41417,0.46524,0.32467,0.14522,0.26838,0.31711,0.043393,0.45461,0.4496,0.38647,0.35403,0.20742,0.017249,0.15702,0.30372,0.081954,-0.046118,0.305,0.30766,0.40469,0.35657,0.28894,0.062557,-0.050443
0.86675,1,0.67014,0.72511,0.64982,0.6138,0.67048,0.71186,0.66761,0.62661,0.657,0.71668,0.72354,0.7221,0.67073,0.71469,0.69116,0.82577,0.78297,0.85886,0.45118,0.29634,0.5225,0.5488,0.41012,0.41327,0.5062,0.51479,0.61712,0.71417,0.34779,0.37445,0.7418,0.6963,0.37916,0.48432,0.31992,0.4252,0.26827,0.5581,-0.051678,0.040321,0.65695,0.6477,0.57916,0.6105,0.55685,0.68074,0.66394,0.66878,0.56955,0.57786,0.4721,0.497,0.53966,0.65657,0.88042,0.91999,0.64689,0.64911,0.6307,0.61296,0.70621,0.62024,0.36277,0.46409,0.66357,0.65929,0.82069,0.80159,0.16399,0.2198,0.079039,0.088549,0.17511,0.049235,0.32375,0.43344,0.64508,0.74575,0.72027,0.68635,0.7304,0.78867,0.48807,0.52516,0.70052,0.62997,0.55126,0.60131,0.48841,0.49063,0.39181,0.42494,0.37437,0.18449,0.39231,0.37727,0.14777,0.49863,0.45286,0.31642,0.39036,0.15333,0.095041,0.18528,0.36106,0.12462,-0.0068425,0.34747,0.38688,0.48201,0.35891,0.31817,0.095285,-0.0061902
0.72762,0.67014,1,0.91031,0.71402,0.63414,0.92191,0.8235,0.78504,0.70127,0.66044,0.65951,0.76925,0.71156,0.757,0.69812,0.51178,0.57697,0.74954,0.71475,0.39326,0.27071,0.85165,0.84562,0.52677,0.55243,0.53702,0.55255,0.52215,0.55044,0.50336,0.4734,0.61098,0.56531,0.45912,0.44776,0.38274,0.43437,0.32488,0.54905,0.002905,0.1257,0.40413,0.41019,0.36026,0.39004,0.32034,0.46362,0.49585,0.46146,0.52135,0.47664,0.41956,0.42629,0.49908,0.56107,0.58734,0.58798,0.56818,0.54037,0.62674,0.6408,0.63286,0.62789,0.57598,0.58437,0.62776,0.58322,0.51106,0.51133,0.18191,0.24273,0.16823,0.16024,0.24839,0.1208,0.23747,0.27461,0.46321,0.51944,0.57641,0.59539,0.64638,0.66452,0.56209,0.55589,0.63685,0.64528,0.66414,0.67071,0.49626,0.53471,0.48623,0.5319,0.24914,0.11324,0.24766,0.32775,0.1213,0.4264,0.45505,0.46995,0.37218,0.2717,0.1194,0.1993,0.305,0.12804,-0.025737,0.25063,0.32731,0.38228,0.35641,0.2747,0.091296,0.01303
0.74035,0.72511,0.91031,1,0.69543,0.69649,0.85372,0.89677,0.75363,0.76671,0.64933,0.72603,0.75729,0.79078,0.74459,0.7641,0.53817,0.61625,0.74154,0.73867,0.3867,0.25704,0.81719,0.88865,0.53666,0.61298,0.53881,0.60964,0.52775,0.60433,0.48388,0.49568,0.65913,0.61825,0.50682,0.52276,0.36357,0.44484,0.29738,0.55145,-0.045299,0.07658,0.47307,0.48236,0.4153,0.45857,0.3957,0.52958,0.53496,0.51576,0.54813,0.5113,0.43955,0.4746,0.5108,0.57847,0.6263,0.65559,0.56121,0.58102,0.60503,0.71131,0.64707,0.6806,0.55591,0.63416,0.65062,0.65731,0.57123,0.57515,0.24209,0.30275,0.12934,0.1321,0.1844,0.075793,0.22656,0.30022,0.48206,0.55055,0.60168,0.6264,0.68121,0.70014,0.56153,0.59554,0.65246,0.65904,0.61312,0.68572,0.51225,0.4894,0.49733,0.47927,0.29273,0.10932,0.30083,0.33688,0.10313,0.40807,0.4641,0.37722,0.34122,0.20854,0.070863,0.17276,0.31845,0.12133,-0.02889,0.29027,0.323,0.37929,0.33486,0.24339,0.049625,0.013775
0.70108,0.64982,0.71402,0.69543,1,0.78073,0.74482,0.71241,0.82388,0.77856,0.52933,0.51491,0.6419,0.55875,0.62192,0.55439,0.40224,0.56445,0.63044,0.61542,0.35235,0.25743,0.51581,0.50736,0.49864,0.40057,0.61261,0.43397,0.35611,0.48438,0.23149,0.19879,0.53057,0.44372,0.3366,0.41684,0.28424,0.44076,0.14281,0.49971,-0.15957,-0.022717,0.4316,0.45963,0.40375,0.45608,0.3481,0.47667,0.58465,0.54009,0.57305,0.53309,0.46591,0.49852,0.4347,0.56468,0.63168,0.66388,0.62639,0.60239,0.66529,0.629,0.60659,0.61235,0.47727,0.534,0.63547,0.62593,0.59606,0.63809,0.11177,0.18825,0.0044537,0.026067,0.082851,0.019719,0.21547,0.33085,0.32393,0.41252,0.4281,0.4655,0.56303,0.55535,0.43187,0.39431,0.59094,0.59319,0.56955,0.62133,0.55575,0.49792,0.49035,0.549,0.21136,0.068699,0.24654,0.32735,0.11162,0.43585,0.5567,0.47811,0.49717,0.32976,0.042832,0.17328,0.55153,0.22838,-0.14397,0.21642,0.33874,0.40864,0.47045,0.34826,0.12197,-0.18951
0.6575,0.6138,0.63414,0.69649,0.78073,1,0.62662,0.74623,0.66864,0.78904,0.43346,0.55892,0.5774,0.60144,0.58937,0.59193,0.37235,0.50332,0.5773,0.60048,0.28732,0.19516,0.50439,0.52294,0.54291,0.50712,0.52597,0.44621,0.35519,0.52926,0.28812,0.28339,0.54633,0.50315,0.37073,0.46756,0.36456,0.43486,0.21349,0.40828,-0.072966,-0.042824,0.40506,0.43598,0.35,0.4201,0.37713,0.46932,0.53331,0.49978,0.5125,0.48771,0.4494,0.43794,0.40624,0.45339,0.58284,0.62277,0.5798,0.56671,0.61851,0.61986,0.58345,0.62409,0.37393,0.48274,0.55053,0.56921,0.56869,0.57796,0.25404,0.32474,0.095839,0.11132,0.13954,0.10914,0.28478,0.4224,0.29386,0.38322,0.40349,0.40514,0.51003,0.52956,0.32016,0.31676,0.53005,0.47779,0.43104,0.51611,0.54771,0.4534,0.45687,0.42961,0.35775,0.16145,0.38295,0.35681,0.19728,0.39231,0.46264,0.35074,0.40923,0.31028,0.079705,0.19605,0.50468,0.24641,-0.04599,0.34093,0.37736,0.4419,0.43594,0.37323,0.16152,-0.079435
0.74144,0.67048,0.92191,0.85372,0.74482,0.62662,1,0.85848,0.79936,0.68044,0.63599,0.64193,0.73867,0.67116,0.66758,0.63649,0.52351,0.61071,0.69352,0.68924,0.35043,0.24501,0.7041,0.72415,0.42471,0.43244,0.4697,0.47878,0.53777,0.57281,0.44209,0.40452,0.62334,0.57093,0.39477,0.43494,0.30366,0.37022,0.29575,0.53468,-0.039629,0.096147,0.42218,0.42139,0.38668,0.41363,0.3104,0.45996,0.53087,0.47552,0.55176,0.49721,0.43916,0.42127,0.48238,0.5636,0.61469,0.63314,0.59204,0.56123,0.71993,0.68731,0.68005,0.71114,0.53915,0.60094,0.64315,0.61218,0.51241,0.53541,0.14357,0.19943,0.12978,0.10928,0.20406,0.057379,0.2288,0.27327,0.46455,0.5222,0.55474,0.56432,0.61635,0.64653,0.49311,0.49422,0.58917,0.59073,0.67095,0.67668,0.48212,0.47385,0.43204,0.48569,0.21558,0.097079,0.18566,0.31328,0.09371,0.42659,0.45994,0.45627,0.39572,0.28109,0.086032,0.18978,0.30808,0.12784,-0.03375,0.21199,0.29319,0.3876,0.35849,0.26177,0.084044,-0.0074323
0.77149,0.71186,0.8235,0.89677,0.71241,0.74623,0.85848,1,0.75425,0.73363,0.59515,0.78338,0.70948,0.79766,0.69109,0.72927,0.56712,0.64927,0.66848,0.71156,0.34045,0.22765,0.6649,0.74922,0.52158,0.56521,0.50438,0.5368,0.59885,0.70264,0.52651,0.53237,0.68937,0.67817,0.43761,0.52021,0.34598,0.39335,0.27343,0.48704,-0.023808,0.068854,0.47737,0.45902,0.39961,0.43828,0.41342,0.51207,0.53298,0.49782,0.55249,0.5185,0.48032,0.46434,0.48929,0.5261,0.65105,0.6658,0.5711,0.58468,0.68191,0.73665,0.67642,0.75989,0.43968,0.62548,0.62279,0.65415,0.54281,0.57421,0.25925,0.29945,0.11326,0.13505,0.17244,0.076111,0.21569,0.30275,0.5114,0.59061,0.61365,0.6122,0.64216,0.70214,0.4489,0.48475,0.56891,0.53514,0.52947,0.61581,0.47269,0.39913,0.35687,0.31341,0.31352,0.11374,0.27385,0.28794,0.077681,0.35023,0.34513,0.26249,0.25903,0.13464,0.051194,0.11291,0.25121,0.069379,-0.01215,0.27947,0.25486,0.33933,0.25285,0.17964,-0.0068791,0.060618
0.74087,0.66761,0.78504,0.75363,0.82388,0.66864,0.79936,0.75425,1,0.77357,0.69097,0.61601,0.79894,0.67667,0.7922,0.68882,0.52421,0.60799,0.69505,0.66851,0.31361,0.20961,0.6632,0.68159,0.49172,0.44703,0.59307,0.54231,0.49759,0.5704,0.33419,0.34252,0.59898,0.53283,0.42079,0.42525,0.25886,0.35755,0.23836,0.4901,-0.20118,-0.021752,0.43072,0.43362,0.38941,0.43168,0.32169,0.46142,0.50426,0.48646,0.50108,0.46537,0.41694,0.44599,0.41424,0.52203,0.62124,0.64324,0.58932,0.57719,0.69512,0.70453,0.66399,0.65572,0.61269,0.62526,0.64579,0.60709,0.56338,0.58782,0.044644,0.12029,-0.045869,-0.038158,0.10407,-0.021909,0.15916,0.22948,0.48561,0.56688,0.59699,0.61643,0.68457,0.69162,0.57649,0.51111,0.67462,0.62389,0.66625,0.66326,0.44354,0.46319,0.41553,0.47145,0.20958,0.083653,0.1663,0.21259,-0.0031438,0.3337,0.46659,0.45306,0.33344,0.25661,0.028319,0.15594,0.29804,0.1147,-0.075732,0.17366,0.21787,0.28105,0.2516,0.19629,0.0045482,-0.056644
0.67729,0.62661,0.70127,0.76671,0.77856,0.78904,0.68044,0.73363,0.77357,1,0.61407,0.61478,0.73468,0.69286,0.71814,0.74988,0.43167,0.54911,0.64258,0.61596,0.30673,0.20985,0.63216,0.68616,0.43703,0.44071,0.51315,0.50479,0.38461,0.54536,0.19641,0.22577,0.47266,0.41366,0.33743,0.44352,0.33625,0.49378,0.20535,0.53447,-0.15004,-0.024183,0.39452,0.44135,0.32789,0.39553,0.31061,0.46246,0.48838,0.46603,0.47627,0.45795,0.427,0.50166,0.42955,0.56912,0.57586,0.59687,0.50714,0.51802,0.55585,0.65028,0.59311,0.60828,0.5318,0.56384,0.54198,0.56129,0.55577,0.57431,0.19058,0.27216,0.00074535,0.031623,0.078162,0.0056745,0.2,0.33376,0.36719,0.43586,0.48822,0.5468,0.64879,0.64041,0.54873,0.52632,0.68171,0.6951,0.59562,0.67812,0.57581,0.49322,0.56265,0.59284,0.24779,0.10061,0.25677,0.30578,0.07019,0.39576,0.61953,0.47982,0.49772,0.35282,0.031578,0.18752,0.50598,0.22905,-0.10485,0.26287,0.3078,0.39952,0.46298,0.3278,0.090617,-0.12233
0.75651,0.657,0.66044,0.64933,0.52933,0.43346,0.63599,0.59515,0.69097,0.61407,1,0.7529,0.92405,0.80572,0.77757,0.79586,0.63002,0.68371,0.73665,0.64217,0.36287,0.22847,0.68696,0.64644,0.35336,0.31946,0.4437,0.5056,0.62061,0.66234,0.29615,0.35928,0.50401,0.46344,0.27637,0.31749,0.23753,0.35247,0.10646,0.48583,-0.10036,0.074868,0.40767,0.41511,0.29748,0.31613,0.30314,0.43704,0.37812,0.36046,0.35709,0.34551,0.38428,0.4052,0.39417,0.48721,0.59238,0.57823,0.42401,0.42032,0.49832,0.50474,0.67669,0.55224,0.48699,0.41395,0.44968,0.42567,0.49247,0.48359,0.14422,0.18238,-0.011949,0.016895,0.060291,-0.10139,0.095021,0.18545,0.62327,0.6688,0.74587,0.78929,0.78963,0.78397,0.75249,0.68229,0.68468,0.70785,0.57343,0.59225,0.31195,0.39734,0.28537,0.40301,0.17705,0.058611,0.086662,0.085476,-0.12682,0.23374,0.33461,0.33357,0.21092,0.15694,-0.083521,0.056732,0.1137,-0.040535,-0.11486,0.16542,0.10183,0.18085,0.15633,0.051519,-0.10941,0.035703
0.77356,0.71668,0.65951,0.72603,0.51491,0.55892,0.64193,0.78338,0.61601,0.61478,0.7529,1,0.78088,0.8924,0.70293,0.81389,0.60424,0.71049,0.68225,0.67342,0.34502,0.26008,0.61795,0.66083,0.40506,0.42408,0.43293,0.53004,0.66048,0.76953,0.42159,0.50322,0.59621,0.61568,0.31056,0.37748,0.40013,0.4568,0.23251,0.48347,0.063645,0.18024,0.39319,0.37877,0.26542,0.28848,0.38,0.45471,0.40158,0.38357,0.5058,0.47316,0.563,0.50319,0.54061,0.52428,0.60645,0.60869,0.47358,0.49815,0.56573,0.60066,0.67617,0.67606,0.35581,0.48527,0.45635,0.4754,0.47435,0.47392,0.27004,0.29975,0.09908,0.1567,0.1453,0.048356,0.18464,0.27904,0.58976,0.64584,0.72113,0.742,0.72549,0.78409,0.59983,0.61931,0.62264,0.61844,0.50743,0.60168,0.40561,0.40149,0.27477,0.23314,0.29695,0.10322,0.25357,0.19123,0.024099,0.28261,0.26864,0.18545,0.17047,0.099239,0.023081,0.089264,0.14679,-0.0175,-0.0073495,0.26893,0.17577,0.22191,0.14357,0.0869,-0.060832,0.12243
0.79957,0.72354,0.76925,0.75729,0.6419,0.5774,0.73867,0.70948,0.79894,0.73468,0.92405,0.78088,1,0.86407,0.86605,0.86099,0.62295,0.69779,0.77131,0.70905,0.39654,0.27625,0.78275,0.74482,0.4842,0.43108,0.55785,0.59661,0.62217,0.69502,0.36579,0.41211,0.58686,0.52888,0.38055,0.4091,0.32102,0.44235,0.21998,0.56477,-0.098427,0.072839,0.47218,0.48773,0.36417,0.39347,0.37718,0.52152,0.4425,0.43266,0.44399,0.4127,0.44171,0.48955,0.46836,0.55517,0.65515,0.64946,0.50199,0.47515,0.58219,0.60444,0.68884,0.59102,0.57199,0.51818,0.56565,0.53332,0.57209,0.57252,0.16523,0.22386,0.0068349,0.030624,0.12198,-0.040172,0.14856,0.26619,0.61829,0.68928,0.7464,0.78925,0.82295,0.8142,0.75799,0.68862,0.74709,0.73718,0.64,0.63841,0.39801,0.45342,0.35174,0.46474,0.25223,0.11851,0.18112,0.18747,-0.073545,0.30485,0.39707,0.38306,0.29273,0.21935,-0.005311,0.12737,0.22509,0.034833,-0.065207,0.25232,0.19046,0.26089,0.2394,0.15807,-0.028557,0.064363
0.75673,0.7221,0.71156,0.79078,0.55875,0.60144,0.67116,0.79766,0.67667,0.69286,0.80572,0.8924,0.86407,1,0.79486,0.90046,0.60888,0.68591,0.70086,0.67678,0.39453,0.27617,0.74084,0.7661,0.53939,0.54769,0.5365,0.62472,0.62736,0.7611,0.46839,0.53354,0.62133,0.58996,0.42115,0.48177,0.36902,0.46526,0.20536,0.53061,-0.017357,0.10392,0.51067,0.51094,0.39148,0.4123,0.45359,0.56214,0.43045,0.44583,0.46411,0.43768,0.46994,0.50967,0.50952,0.5344,0.62428,0.61908,0.43956,0.44886,0.48972,0.57489,0.6385,0.57615,0.43465,0.49137,0.53761,0.55055,0.53791,0.54864,0.29421,0.3086,0.053603,0.12404,0.11364,-0.008685,0.13254,0.25553,0.6155,0.69857,0.75726,0.80512,0.77535,0.80723,0.65914,0.69315,0.6577,0.66817,0.4967,0.57209,0.3991,0.39805,0.29777,0.30333,0.32317,0.13184,0.27961,0.19695,-0.01548,0.27905,0.28787,0.19689,0.1785,0.076457,0.0070106,0.087821,0.17644,-0.037845,-0.048023,0.29385,0.19077,0.2528,0.15299,0.08816,-0.060962,0.122
0.71863,0.67073,0.757,0.74459,0.62192,0.58937,0.66758,0.69109,0.7922,0.71814,0.77757,0.70293,0.86605,0.79486,1,0.83292,0.5875,0.64043,0.71778,0.65775,0.38073,0.31746,0.77108,0.75347,0.54845,0.56025,0.60608,0.66027,0.58858,0.64923,0.42592,0.45232,0.54823,0.50076,0.42522,0.38943,0.40897,0.45952,0.29344,0.5607,-0.040601,0.15044,0.4749,0.47189,0.3701,0.39906,0.41515,0.50531,0.44498,0.44403,0.40597,0.38823,0.38738,0.42598,0.46543,0.4897,0.58569,0.57142,0.44215,0.43369,0.48721,0.53236,0.59018,0.49848,0.50829,0.482,0.52558,0.48765,0.49949,0.49927,0.19417,0.26302,0.010469,0.048292,0.12685,0.04844,0.10402,0.19497,0.56223,0.65182,0.67311,0.70386,0.7733,0.76691,0.63504,0.58564,0.73531,0.70625,0.57836,0.57352,0.37148,0.40725,0.31112,0.39413,0.29625,0.11818,0.23816,0.149,-0.02077,0.24735,0.28935,0.30871,0.16628,0.12102,-0.014469,0.058972,0.20674,0.0088765,-0.019887,0.24028,0.17226,0.2349,0.18211,0.093198,-0.042738,0.070929
0.74075,0.71469,0.69812,0.7641,0.55439,0.59193,0.63649,0.72927,0.68882,0.74988,0.79586,0.81389,0.86099,0.90046,0.83292,1,0.65329,0.68739,0.72857,0.70782,0.42259,0.29114,0.73696,0.77359,0.51549,0.55518,0.49543,0.59465,0.66651,0.7838,0.45746,0.51801,0.61356,0.58683,0.40952,0.46424,0.32961,0.4353,0.29042,0.56414,-0.035983,0.085454,0.51446,0.51244,0.40822,0.4322,0.42711,0.56229,0.43318,0.44896,0.39398,0.39202,0.38823,0.43735,0.47718,0.52873,0.62397,0.61272,0.43883,0.45815,0.47875,0.57061,0.65467,0.56286,0.4492,0.48044,0.55716,0.56361,0.56269,0.56188,0.29221,0.31396,0.030621,0.09856,0.1567,0.037429,0.18546,0.29623,0.65397,0.72377,0.78156,0.80334,0.84933,0.86256,0.67593,0.69245,0.75231,0.7233,0.52021,0.56547,0.38671,0.37928,0.33357,0.33097,0.31418,0.15087,0.23623,0.19206,-0.058363,0.27054,0.36559,0.24864,0.21713,0.13815,-0.01631,0.082931,0.20416,-0.03133,-0.024568,0.3089,0.17872,0.24066,0.16659,0.097774,-0.036738,0.12295
0.67837,0.69116,0.51178,0.53817,0.40224,0.37235,0.52351,0.56712,0.52421,0.43167,0.63002,0.60424,0.62295,0.60888,0.5875,0.65329,1,0.86219,0.71987,0.76576,0.49912,0.36354,0.44779,0.48702,0.28865,0.32938,0.26993,0.3995,0.89413,0.84981,0.54752,0.58396,0.7169,0.73658,0.31578,0.38203,0.22674,0.27052,0.2461,0.47971,0.095147,0.20733,0.57908,0.52523,0.4949,0.48361,0.51546,0.5773,0.51652,0.4909,0.3733,0.40745,0.31014,0.2754,0.47497,0.47428,0.74787,0.69018,0.45669,0.4517,0.44721,0.42141,0.6738,0.49695,0.18509,0.25948,0.44674,0.45992,0.63341,0.59855,0.22509,0.25087,0.15421,0.16962,0.27552,0.16164,0.37821,0.38831,0.9059,0.85016,0.86017,0.71444,0.75166,0.81037,0.40171,0.43457,0.54127,0.44713,0.32491,0.41986,0.30235,0.26117,0.16131,0.17412,0.23877,0.11574,0.26776,0.28832,0.13926,0.37031,0.24901,0.15618,0.19893,0.027181,0.086469,0.16674,0.10835,0.046833,0.067966,0.28891,0.28337,0.31705,0.14649,0.18932,0.096079,0.25312
0.76508,0.82577,0.57697,0.61625,0.56445,0.50332,0.61071,0.64927,0.60799,0.54911,0.68371,0.71049,0.69779,0.68591,0.64043,0.68739,0.86219,1,0.72286,0.78822,0.48016,0.34942,0.44809,0.48248,0.3085,0.31985,0.36346,0.44849,0.79015,0.86076,0.41584,0.44635,0.67746,0.68345,0.2689,0.42062,0.30002,0.40739,0.23184,0.56778,0.02377,0.17277,0.6294,0.61965,0.51249,0.53773,0.55499,0.65934,0.6038,0.57564,0.49963,0.51595,0.42529,0.42605,0.56379,0.60965,0.83413,0.82512,0.51853,0.53265,0.53096,0.48062,0.71957,0.58778,0.22656,0.31165,0.48711,0.52682,0.6877,0.67214,0.23785,0.26667,0.11192,0.14772,0.20118,0.086993,0.32773,0.41191,0.79494,0.86615,0.80646,0.74059,0.75578,0.84142,0.42742,0.47511,0.63128,0.578,0.44758,0.54977,0.41632,0.36095,0.24696,0.28517,0.30353,0.14107,0.3126,0.32823,0.15782,0.46367,0.34668,0.21545,0.29372,0.10722,0.078343,0.16938,0.26045,0.096108,-0.0079822,0.30278,0.32272,0.39827,0.25666,0.23766,0.089828,0.16776
0.82186,0.78297,0.74954,0.74154,0.63044,0.5773,0.69352,0.66848,0.69505,0.64258,0.73665,0.68225,0.77131,0.70086,0.71778,0.72857,0.71987,0.72286,1,0.92423,0.4419,0.26606,0.70062,0.65628,0.40187,0.37589,0.44739,0.44308,0.67478,0.68222,0.47164,0.51946,0.78679,0.7627,0.41793,0.44748,0.31859,0.38068,0.22922,0.52429,0.0043687,0.13105,0.494,0.48706,0.43876,0.45191,0.4366,0.54129,0.48087,0.47636,0.41988,0.40313,0.36445,0.38394,0.45473,0.52734,0.76236,0.70503,0.52629,0.48847,0.59355,0.603,0.71983,0.61928,0.52337,0.47347,0.59912,0.55383,0.7375,0.69625,0.15435,0.22184,0.1949,0.16529,0.29363,0.1403,0.40444,0.443,0.68246,0.67217,0.7573,0.69495,0.76031,0.7746,0.60057,0.55776,0.65318,0.62818,0.5307,0.55777,0.46959,0.53543,0.46108,0.47986,0.34632,0.16777,0.38503,0.3714,0.16338,0.42901,0.42923,0.42513,0.36689,0.25119,0.12469,0.20999,0.2884,0.14499,0.072465,0.38593,0.42333,0.44864,0.38601,0.34777,0.17367,0.029163
0.82745,0.85886,0.71475,0.73867,0.61542,0.60048,0.68924,0.71156,0.66851,0.61596,0.64217,0.67342,0.70905,0.67678,0.65775,0.70782,0.76576,0.78822,0.92423,1,0.47079,0.29815,0.59856,0.60159,0.40067,0.39003,0.45073,0.45547,0.71886,0.74781,0.49249,0.52503,0.85162,0.84452,0.41897,0.48783,0.31662,0.38619,0.28743,0.5561,0.048522,0.13057,0.55811,0.54372,0.50347,0.52529,0.47835,0.60272,0.5531,0.54963,0.45171,0.45613,0.37408,0.38598,0.48856,0.56218,0.82684,0.80094,0.58872,0.57195,0.62397,0.6178,0.72218,0.64115,0.42514,0.46493,0.63462,0.61045,0.83719,0.79641,0.14195,0.19813,0.20485,0.17586,0.31338,0.15709,0.43694,0.48524,0.72292,0.73592,0.76633,0.67686,0.75032,0.79995,0.4923,0.48844,0.63621,0.58175,0.50964,0.53664,0.46354,0.47611,0.40753,0.4072,0.38509,0.19902,0.40493,0.41783,0.16753,0.46302,0.42475,0.36893,0.37415,0.18873,0.13837,0.21929,0.30583,0.15778,0.0951,0.40839,0.44808,0.48782,0.36798,0.36662,0.18347,0.056976
0.41807,0.45118,0.39326,0.3867,0.35235,0.28732,0.35043,0.34045,0.31361,0.30673,0.36287,0.34502,0.39654,0.39453,0.38073,0.42259,0.49912,0.48016,0.4419,0.47079,1,0.76218,0.3355,0.33691,0.37869,0.374,0.41229,0.47694,0.48427,0.48047,0.46327,0.44965,0.44043,0.4368,0.2876,0.30527,0.25439,0.32706,0.28544,0.48549,0.37976,0.36387,0.32898,0.33562,0.27842,0.31481,0.29899,0.38937,0.35408,0.3468,0.31338,0.32058,0.24265,0.2677,0.35278,0.3766,0.45357,0.43452,0.34709,0.33556,0.28,0.26591,0.2949,0.22031,0.15656,0.2332,0.32333,0.33442,0.38379,0.34752,0.19911,0.26789,0.29699,0.3238,0.36438,0.24199,0.18577,0.22084,0.48455,0.48771,0.44897,0.38496,0.5062,0.47147,0.25422,0.27915,0.31309,0.32466,0.22616,0.28481,0.30734,0.28403,0.23246,0.21515,0.26332,0.21163,0.25403,0.24626,0.13997,0.33395,0.24026,0.2208,0.25386,0.13402,0.15018,0.21484,0.20093,0.11235,0.12144,0.26715,0.24513,0.27359,0.22692,0.22934,0.16897,0.13024
0.28527,0.29634,0.27071,0.25704,0.25743,0.19516,0.24501,0.22765,0.20961,0.20985,0.22847,0.26008,0.27625,0.27617,0.31746,0.29114,0.36354,0.34942,0.26606,0.29815,0.76218,1,0.20203,0.20901,0.30729,0.32065,0.36701,0.49622,0.35645,0.37794,0.33934,0.35309,0.29012,0.28239,0.17837,0.17941,0.40831,0.42552,0.41695,0.56674,0.39526,0.51262,0.23323,0.24885,0.17597,0.21427,0.22652,0.29931,0.24444,0.27004,0.29149,0.29838,0.25879,0.25118,0.4064,0.38864,0.29108,0.26659,0.25867,0.2536,0.18963,0.19582,0.18783,0.10895,0.10307,0.24015,0.20649,0.22759,0.21461,0.19905,0.10486,0.23943,0.19593,0.23972,0.22577,0.20628,0.086266,0.12498,0.34372,0.34774,0.29841,0.25877,0.39712,0.36024,0.19365,0.1629,0.24564,0.27968,0.21948,0.23724,0.27274,0.20669,0.16089,0.1497,0.24188,0.22326,0.24634,0.26769,0.15232,0.31185,0.17541,0.15233,0.1833,0.11117,0.1885,0.23598,0.16307,0.08493,0.17332,0.16631,0.21052,0.21318,0.20064,0.19693,0.17547,0.16439
0.57752,0.5225,0.85165,0.81719,0.51581,0.50439,0.7041,0.6649,0.6632,0.63216,0.68696,0.61795,0.78275,0.74084,0.77108,0.73696,0.44779,0.44809,0.70062,0.59856,0.3355,0.20203,1,0.92603,0.58209,0.57637,0.49396,0.54756,0.45923,0.48193,0.55153,0.56619,0.52016,0.48602,0.52926,0.45183,0.32157,0.35724,0.25564,0.42416,-0.010693,0.10592,0.34816,0.35731,0.28089,0.30321,0.30331,0.40514,0.29571,0.30777,0.32941,0.26328,0.29026,0.34269,0.36875,0.3638,0.43738,0.41619,0.33824,0.30784,0.4007,0.51675,0.49126,0.43947,0.63094,0.47194,0.49901,0.43958,0.38319,0.37044,0.201,0.26265,0.14967,0.16049,0.24982,0.12759,0.17451,0.21358,0.44315,0.48768,0.55988,0.60974,0.62514,0.61033,0.63408,0.59603,0.58346,0.57559,0.5403,0.50094,0.3658,0.44298,0.41854,0.435,0.24588,0.10575,0.24324,0.2203,0.053937,0.22672,0.28797,0.37488,0.2083,0.21721,0.10965,0.13592,0.17751,0.055257,0.0031599,0.26046,0.23048,0.22197,0.19012,0.15798,0.029595,0.08324
0.58705,0.5488,0.84562,0.88865,0.50736,0.52294,0.72415,0.74922,0.68159,0.68616,0.64644,0.66083,0.74482,0.7661,0.75347,0.77359,0.48702,0.48248,0.65628,0.60159,0.33691,0.20901,0.92603,1,0.54849,0.64296,0.47067,0.60721,0.48896,0.52356,0.54221,0.58043,0.53516,0.51208,0.56822,0.48461,0.34304,0.37967,0.30988,0.46392,-0.01142,0.11144,0.37654,0.37984,0.30821,0.34302,0.30595,0.42506,0.35588,0.3558,0.39421,0.3289,0.34026,0.38254,0.40253,0.42019,0.46381,0.45581,0.37234,0.37788,0.42855,0.59797,0.50722,0.50362,0.60049,0.55488,0.53608,0.50687,0.38902,0.38914,0.20049,0.26479,0.11109,0.13167,0.22492,0.11177,0.16688,0.19215,0.45757,0.50719,0.58185,0.61788,0.65079,0.65742,0.61426,0.629,0.61582,0.60177,0.56723,0.58419,0.40314,0.43096,0.44624,0.4047,0.24291,0.091729,0.21062,0.22334,0.032421,0.25489,0.34226,0.33554,0.21135,0.16927,0.085214,0.14266,0.15998,0.039389,0.011255,0.24163,0.21034,0.23077,0.16407,0.12698,-0.013248,0.086913
0.44388,0.41012,0.52677,0.53666,0.49864,0.54291,0.42471,0.52158,0.49172,0.43703,0.35336,0.40506,0.4842,0.53939,0.54845,0.51549,0.28865,0.3085,0.40187,0.40067,0.37869,0.30729,0.58209,0.54849,1,0.82912,0.76587,0.68459,0.2527,0.38216,0.54864,0.50811,0.51066,0.42539,0.63594,0.47882,0.26119,0.27505,0.20814,0.2684,0.022795,-0.019777,0.36411,0.34997,0.30162,0.29918,0.36004,0.3946,0.31096,0.30753,0.40368,0.322,0.32362,0.41118,0.2924,0.29258,0.39972,0.37778,0.36395,0.29425,0.29777,0.3915,0.31155,0.24786,0.39074,0.46197,0.51642,0.49276,0.37458,0.38084,0.1835,0.2357,0.069271,0.1173,0.13132,0.098907,0.064663,0.13957,0.29624,0.37342,0.38067,0.39622,0.43876,0.39978,0.34047,0.34198,0.39094,0.30175,0.23753,0.23577,0.24361,0.26731,0.21094,0.18518,0.29574,0.15873,0.29601,0.19476,0.04006,0.15659,0.14884,0.11368,0.096875,0.037137,0.051866,0.055253,0.18899,-0.046071,0.002255,0.25381,0.18489,0.15644,0.064357,0.080457,0.0032513,0.021599
0.41654,0.41327,0.55243,0.61298,0.40057,0.50712,0.43244,0.56521,0.44703,0.44071,0.31946,0.42408,0.43108,0.54769,0.56025,0.55518,0.32938,0.31985,0.37589,0.39003,0.374,0.32065,0.57637,0.64296,0.82912,1,0.65057,0.73266,0.31603,0.42431,0.58829,0.57468,0.47839,0.42931,0.60898,0.46585,0.28473,0.27727,0.30965,0.30412,0.069481,0.026413,0.3718,0.35541,0.30612,0.31744,0.34544,0.40384,0.32857,0.33024,0.38886,0.35639,0.29376,0.37723,0.3175,0.33136,0.36147,0.35939,0.33812,0.33145,0.25493,0.39518,0.28771,0.267,0.31869,0.45846,0.4723,0.48872,0.33058,0.31925,0.24323,0.30551,0.12729,0.1646,0.12775,0.12705,0.069871,0.11961,0.31435,0.3811,0.38484,0.39172,0.46063,0.443,0.27783,0.35578,0.40179,0.31338,0.21226,0.27415,0.25885,0.26151,0.23393,0.16183,0.29588,0.16301,0.27552,0.20839,0.067252,0.19885,0.14284,0.052285,0.05122,-0.026146,0.018697,0.039393,0.14576,-0.070923,0.026049,0.23067,0.17153,0.16335,0.040204,0.042392,-0.032904,0.0101
0.52577,0.5062,0.53702,0.53881,0.61261,0.52597,0.4697,0.50438,0.59307,0.51315,0.4437,0.43293,0.55785,0.5365,0.60608,0.49543,0.26993,0.36346,0.44739,0.45073,0.41229,0.36701,0.49396,0.47067,0.76587,0.65057,1,0.79586,0.24357,0.35344,0.3253,0.29473,0.46436,0.36969,0.49659,0.38289,0.3302,0.41391,0.16682,0.42843,-0.0021008,0.070634,0.31319,0.32174,0.24497,0.27085,0.29255,0.36698,0.36281,0.36339,0.51393,0.41851,0.48692,0.53839,0.40137,0.44771,0.42388,0.44294,0.42911,0.38508,0.3851,0.4448,0.31526,0.30307,0.43866,0.54624,0.51544,0.48118,0.42283,0.43471,0.085069,0.19808,0.009536,0.029501,0.029206,-0.010101,0.04457,0.14849,0.26558,0.35716,0.36839,0.42049,0.47095,0.43878,0.47651,0.4159,0.47487,0.46745,0.46544,0.43414,0.36146,0.38947,0.30543,0.33866,0.22924,0.064184,0.24595,0.15639,0.0045303,0.25018,0.27938,0.28764,0.2389,0.1419,0.024944,0.10463,0.30072,0.027059,-0.099934,0.16912,0.20652,0.17953,0.17187,0.1132,-0.017857,-0.12974
0.52443,0.51479,0.55255,0.60964,0.43397,0.44621,0.47878,0.5368,0.54231,0.50479,0.5056,0.53004,0.59661,0.62472,0.66027,0.59465,0.3995,0.44849,0.44308,0.45547,0.47694,0.49622,0.54756,0.60721,0.68459,0.73266,0.79586,1,0.38757,0.46463,0.40267,0.41643,0.44816,0.39324,0.51137,0.36726,0.36917,0.42425,0.30207,0.51486,0.10287,0.20832,0.33232,0.34983,0.2365,0.26731,0.29061,0.39577,0.35278,0.36083,0.49874,0.46863,0.45937,0.53868,0.46037,0.49924,0.42915,0.44356,0.37988,0.38796,0.32524,0.45157,0.33263,0.2958,0.38012,0.56512,0.44614,0.44182,0.36412,0.35036,0.11265,0.23144,0.044189,0.065296,0.054359,0.0035347,-0.032453,0.041172,0.39535,0.46393,0.47003,0.49419,0.5781,0.56135,0.48028,0.47961,0.53717,0.5326,0.43626,0.48518,0.27631,0.29817,0.22288,0.24773,0.22322,0.092865,0.18569,0.13331,-0.034632,0.24378,0.21521,0.15794,0.11546,0.0075897,-0.02065,0.099775,0.12764,-0.086449,-0.0098645,0.15706,0.13637,0.13232,0.079139,0.030806,-0.094834,0.016887
0.63595,0.61712,0.52215,0.52775,0.35611,0.35519,0.53777,0.59885,0.49759,0.38461,0.62061,0.66048,0.62217,0.62736,0.58858,0.66651,0.89413,0.79015,0.67478,0.71886,0.48427,0.35645,0.45923,0.48896,0.2527,0.31603,0.24357,0.38757,1,0.89693,0.64118,0.6667,0.66695,0.74161,0.2152,0.29362,0.26446,0.25376,0.27213,0.45818,0.24222,0.31976,0.46774,0.40687,0.36288,0.36482,0.41895,0.47299,0.39671,0.36787,0.28077,0.32612,0.28038,0.20925,0.43327,0.38883,0.63462,0.59289,0.3792,0.39377,0.43454,0.38822,0.65299,0.51834,0.11341,0.21601,0.35763,0.36736,0.51127,0.47921,0.26312,0.27691,0.24092,0.24493,0.31451,0.17646,0.32256,0.32914,0.85566,0.80438,0.82823,0.68469,0.76891,0.80427,0.37726,0.40234,0.48922,0.39852,0.27539,0.36076,0.19665,0.17358,0.044513,0.049647,0.27795,0.16216,0.21793,0.21437,0.053534,0.25223,0.12407,0.061095,0.079858,-0.019945,0.045366,0.091094,-0.0092907,-0.043204,0.11216,0.29881,0.19108,0.21379,0.039948,0.06707,0.01242,0.32173
0.70627,0.71417,0.55044,0.60433,0.48438,0.52926,0.57281,0.70264,0.5704,0.54536,0.66234,0.76953,0.69502,0.7611,0.64923,0.7838,0.84981,0.86076,0.68222,0.74781,0.48047,0.37794,0.48193,0.52356,0.38216,0.42431,0.35344,0.46463,0.89693,1,0.58694,0.62928,0.70961,0.76176,0.27586,0.4182,0.32564,0.37302,0.30618,0.55098,0.16252,0.24323,0.56131,0.52695,0.43739,0.45253,0.51954,0.59704,0.482,0.47918,0.39938,0.43997,0.38731,0.36224,0.52486,0.51744,0.70545,0.69328,0.45943,0.48573,0.49427,0.48529,0.69337,0.58835,0.17626,0.31555,0.44793,0.49779,0.59623,0.584,0.323,0.33837,0.15191,0.21549,0.24304,0.12202,0.30006,0.38871,0.83521,0.86834,0.85238,0.76542,0.81602,0.88348,0.42789,0.48317,0.58613,0.51037,0.33747,0.45385,0.30414,0.23927,0.1211,0.11274,0.32259,0.18758,0.29293,0.26765,0.071999,0.31738,0.22587,0.09214,0.16683,0.037426,0.054248,0.098295,0.12535,-0.020221,0.047515,0.33073,0.22066,0.27255,0.11413,0.12185,0.019981,0.26726
0.36513,0.34779,0.50336,0.48388,0.23149,0.28812,0.44209,0.52651,0.33419,0.19641,0.29615,0.42159,0.36579,0.46839,0.42592,0.45746,0.54752,0.41584,0.47164,0.49249,0.46327,0.33934,0.55153,0.54221,0.54864,0.58829,0.3253,0.40267,0.64118,0.58694,1,0.93508,0.64156,0.71201,0.49943,0.44967,0.27667,0.17411,0.30518,0.24363,0.2571,0.2308,0.32386,0.24042,0.27419,0.25223,0.34899,0.32547,0.19772,0.18646,0.18137,0.13513,0.14901,0.074707,0.28154,0.12844,0.37395,0.30694,0.23402,0.1883,0.26045,0.28317,0.3475,0.27926,0.18522,0.24015,0.39443,0.35612,0.28012,0.25183,0.2369,0.28798,0.29403,0.31652,0.41812,0.33785,0.32046,0.25955,0.5571,0.537,0.5479,0.43365,0.45291,0.50016,0.20067,0.24002,0.20883,0.11868,0.10756,0.1031,0.12964,0.15242,0.069085,-0.033788,0.27672,0.14406,0.30797,0.18212,0.16298,0.10364,-0.063574,0.011915,-0.053282,-0.028386,0.19401,0.10977,-0.046873,-0.052148,0.17209,0.29715,0.22149,0.14715,-0.062338,0.02837,0.04583,0.30631
0.41064,0.37445,0.4734,0.49568,0.19879,0.28339,0.40452,0.53237,0.34252,0.22577,0.35928,0.50322,0.41211,0.53354,0.45232,0.51801,0.58396,0.44635,0.51946,0.52503,0.44965,0.35309,0.56619,0.58043,0.50811,0.57468,0.29473,0.41643,0.6667,0.62928,0.93508,1,0.66321,0.74727,0.50981,0.45656,0.29721,0.18971,0.3086,0.24876,0.25259,0.25884,0.32935,0.25172,0.26867,0.24875,0.36364,0.34147,0.18228,0.17418,0.19495,0.13896,0.18451,0.089325,0.3081,0.14452,0.40214,0.31648,0.22936,0.18701,0.28393,0.33541,0.37912,0.31656,0.23981,0.27151,0.3834,0.35525,0.28603,0.26027,0.24017,0.30104,0.29314,0.33429,0.42906,0.36442,0.34041,0.28387,0.59604,0.56712,0.59644,0.48025,0.49451,0.55326,0.25712,0.29296,0.23617,0.14192,0.1304,0.12348,0.14706,0.18297,0.084884,-0.050679,0.32061,0.16305,0.33699,0.19522,0.16617,0.11242,-0.063609,0.017937,-0.072993,-0.015907,0.22388,0.13611,-0.070218,-0.061827,0.21894,0.33131,0.22015,0.14454,-0.081684,0.047338,0.066987,0.34272
0.74002,0.7418,0.61098,0.65913,0.53057,0.54633,0.62334,0.68937,0.59898,0.47266,0.50401,0.59621,0.58686,0.62133,0.54823,0.61356,0.7169,0.67746,0.78679,0.85162,0.44043,0.29012,0.52016,0.53516,0.51066,0.47839,0.46436,0.44816,0.66695,0.70961,0.64156,0.66321,1,0.9411,0.63213,0.65091,0.26901,0.26857,0.30605,0.44055,0.039579,0.0795,0.64045,0.58163,0.61057,0.60279,0.57993,0.63608,0.54684,0.56748,0.48254,0.45792,0.36696,0.34095,0.46729,0.46699,0.78467,0.72872,0.59553,0.54833,0.60449,0.63375,0.65105,0.58775,0.44589,0.53836,0.77797,0.75096,0.77276,0.75314,0.093734,0.16222,0.1344,0.12681,0.28896,0.16479,0.46276,0.48106,0.69755,0.7074,0.75231,0.62313,0.66544,0.71106,0.42363,0.43361,0.50612,0.37906,0.38065,0.38961,0.39999,0.40749,0.30604,0.23098,0.3627,0.17949,0.42575,0.40226,0.1848,0.39882,0.28976,0.24057,0.26174,0.11305,0.21051,0.2182,0.20718,0.06731,0.12715,0.40244,0.42552,0.42215,0.2336,0.2949,0.18841,0.12624
0.68384,0.6963,0.56531,0.61825,0.44372,0.50315,0.57093,0.67817,0.53283,0.41366,0.46344,0.61568,0.52888,0.58996,0.50076,0.58683,0.73658,0.68345,0.7627,0.84452,0.4368,0.28239,0.48602,0.51208,0.42539,0.42931,0.36969,0.39324,0.74161,0.76176,0.71201,0.74727,0.9411,1,0.54131,0.599,0.30124,0.26007,0.31968,0.41045,0.12959,0.15844,0.55527,0.48938,0.51027,0.5086,0.52501,0.56795,0.46624,0.48272,0.41556,0.40204,0.33797,0.27562,0.44367,0.4098,0.7164,0.66885,0.52083,0.49452,0.56264,0.57963,0.64052,0.5882,0.34364,0.4594,0.6491,0.6464,0.68103,0.65937,0.14594,0.20575,0.21298,0.20237,0.36239,0.24041,0.5056,0.50398,0.72225,0.7198,0.74795,0.59678,0.64892,0.71922,0.35768,0.37583,0.4453,0.32305,0.31019,0.34173,0.35131,0.34975,0.2513,0.14375,0.36968,0.18159,0.42433,0.37886,0.20175,0.35062,0.22667,0.18129,0.20645,0.085825,0.22705,0.207,0.14785,0.069365,0.17879,0.41222,0.40858,0.39669,0.19549,0.2686,0.18295,0.21571
0.39797,0.37916,0.45912,0.50682,0.3366,0.37073,0.39477,0.43761,0.42079,0.33743,0.27637,0.31056,0.38055,0.42115,0.42522,0.40952,0.31578,0.2689,0.41793,0.41897,0.2876,0.17837,0.52926,0.56822,0.63594,0.60898,0.49659,0.51137,0.2152,0.27586,0.49943,0.50981,0.63213,0.54131,1,0.75428,0.22397,0.18519,0.20435,0.17643,-0.071019,-0.049268,0.43247,0.39431,0.44265,0.4397,0.37932,0.42174,0.32322,0.34196,0.36719,0.24693,0.20628,0.27365,0.20181,0.18691,0.4208,0.36989,0.36271,0.28952,0.31173,0.49672,0.27195,0.28162,0.60184,0.55075,0.71239,0.64406,0.38117,0.3881,0.034593,0.095828,0.025529,0.01425,0.1994,0.135,0.30577,0.2882,0.29982,0.35236,0.39307,0.36954,0.34563,0.36198,0.38699,0.38197,0.32854,0.22703,0.27982,0.23147,0.31745,0.35999,0.36479,0.24679,0.25841,0.094206,0.33177,0.25008,0.13586,0.2188,0.21303,0.22232,0.15933,0.10261,0.19277,0.21278,0.1642,0.028819,0.10898,0.30721,0.34245,0.30075,0.14292,0.20422,0.15274,0.046556
0.44786,0.48432,0.44776,0.52276,0.41684,0.46756,0.43494,0.52021,0.42525,0.44352,0.31749,0.37748,0.4091,0.48177,0.38943,0.46424,0.38203,0.42062,0.44748,0.48783,0.30527,0.17941,0.45183,0.48461,0.47882,0.46585,0.38289,0.36726,0.29362,0.4182,0.44967,0.45656,0.65091,0.599,0.75428,1,0.26972,0.27386,0.18256,0.26842,-0.12111,-0.045794,0.55092,0.54234,0.54743,0.57793,0.48394,0.55326,0.38943,0.43234,0.34944,0.27846,0.19568,0.27312,0.29341,0.30103,0.52595,0.48627,0.36736,0.33502,0.32646,0.47674,0.34079,0.35619,0.48486,0.48431,0.69993,0.73202,0.50748,0.5441,0.15308,0.2112,0.057324,0.062013,0.20558,0.17978,0.45179,0.50514,0.37422,0.45733,0.43073,0.4241,0.40554,0.45222,0.32522,0.36547,0.34239,0.27289,0.2899,0.24851,0.43655,0.3597,0.41425,0.2931,0.30066,0.1147,0.41185,0.34999,0.18815,0.31202,0.32588,0.22779,0.30261,0.15423,0.22689,0.2501,0.31058,0.18219,0.057772,0.35505,0.4373,0.44311,0.31295,0.29181,0.21955,0.051661
0.3308,0.31992,0.38274,0.36357,0.28424,0.36456,0.30366,0.34598,0.25886,0.33625,0.23753,0.40013,0.32102,0.36902,0.40897,0.32961,0.22674,0.30002,0.31859,0.31662,0.25439,0.40831,0.32157,0.34304,0.26119,0.28473,0.3302,0.36917,0.26446,0.32564,0.27667,0.29721,0.26901,0.30124,0.22397,0.26972,1,0.79733,0.58662,0.58183,0.39504,0.4575,0.18407,0.15709,0.11291,0.12543,0.27804,0.25783,0.20066,0.18898,0.32414,0.22368,0.39812,0.27931,0.53106,0.39206,0.23909,0.20759,0.1939,0.15564,0.20469,0.17511,0.2078,0.1694,0.17855,0.22301,0.23353,0.20208,0.19935,0.17622,0.20176,0.33126,0.22238,0.28144,0.26401,0.31502,0.30753,0.37206,0.23966,0.25042,0.27574,0.30042,0.28505,0.34687,0.33097,0.28934,0.36664,0.40976,0.38434,0.34664,0.48424,0.48293,0.38824,0.33307,0.37266,0.23551,0.51108,0.41597,0.3862,0.37886,0.25098,0.32415,0.27727,0.30267,0.40243,0.37611,0.31988,0.22346,0.19849,0.31171,0.48388,0.44752,0.35494,0.31991,0.31156,0.20456
0.42137,0.4252,0.43437,0.44484,0.44076,0.43486,0.37022,0.39335,0.35755,0.49378,0.35247,0.4568,0.44235,0.46526,0.45952,0.4353,0.27052,0.40739,0.38068,0.38619,0.32706,0.42552,0.35724,0.37967,0.27505,0.27727,0.41391,0.42425,0.25376,0.37302,0.17411,0.18971,0.26857,0.26007,0.18519,0.27386,0.79733,1,0.42724,0.72805,0.2118,0.39337,0.23743,0.26859,0.16848,0.20283,0.2928,0.36248,0.28208,0.29473,0.40886,0.33014,0.49216,0.42602,0.60939,0.58517,0.33378,0.3366,0.27677,0.26429,0.26551,0.24305,0.26575,0.25063,0.23046,0.28181,0.30958,0.32123,0.31578,0.31817,0.23502,0.35577,0.16452,0.22704,0.1785,0.20819,0.28494,0.39165,0.23949,0.28985,0.31697,0.39421,0.37655,0.44245,0.44065,0.42347,0.44664,0.57647,0.53214,0.51445,0.586,0.57283,0.48706,0.49158,0.34103,0.22694,0.46498,0.44872,0.33105,0.50038,0.43859,0.41385,0.42217,0.38195,0.29217,0.37337,0.47461,0.27656,0.072479,0.31466,0.4912,0.4827,0.47054,0.37385,0.28297,0.047496
0.20861,0.26827,0.32488,0.29738,0.14281,0.21349,0.29575,0.27343,0.23836,0.20535,0.10646,0.23251,0.21998,0.20536,0.29344,0.29042,0.2461,0.23184,0.22922,0.28743,0.28544,0.41695,0.25564,0.30988,0.20814,0.30965,0.16682,0.30207,0.27213,0.30618,0.30518,0.3086,0.30605,0.31968,0.20435,0.18256,0.58662,0.42724,1,0.59926,0.40559,0.36265,0.2527,0.20543,0.23924,0.23451,0.29018,0.28751,0.23835,0.26896,0.27246,0.24074,0.23151,0.14292,0.49897,0.3773,0.22361,0.22889,0.24769,0.25086,0.23501,0.23646,0.16746,0.15211,0.12257,0.26358,0.25174,0.243,0.18375,0.14354,0.025444,0.14542,0.14991,0.16822,0.28469,0.26849,0.19656,0.20388,0.27822,0.27807,0.26079,0.20925,0.33287,0.33466,0.1821,0.16432,0.43837,0.28632,0.31013,0.27551,0.26658,0.21965,0.17951,0.076358,0.31203,0.32317,0.33477,0.40382,0.26108,0.32742,0.16245,0.16712,0.15122,0.18716,0.34281,0.2977,0.13867,0.051716,0.28415,0.21385,0.27743,0.26965,0.071619,0.20906,0.22818,0.27281
0.53489,0.5581,0.54905,0.55145,0.49971,0.40828,0.53468,0.48704,0.4901,0.53447,0.48583,0.48347,0.56477,0.53061,0.5607,0.56414,0.47971,0.56778,0.52429,0.5561,0.48549,0.56674,0.42416,0.46392,0.2684,0.30412,0.42843,0.51486,0.45818,0.55098,0.24363,0.24876,0.44055,0.41045,0.17643,0.26842,0.58183,0.72805,0.59926,1,0.236,0.45881,0.42741,0.45652,0.36628,0.39979,0.3904,0.52361,0.46478,0.51431,0.50369,0.50524,0.46709,0.46272,0.72781,0.77892,0.51428,0.51621,0.42849,0.45545,0.38931,0.39337,0.39878,0.36019,0.27493,0.38739,0.43928,0.46102,0.46199,0.46423,0.067823,0.18234,0.073431,0.10468,0.11583,0.047775,0.15938,0.25085,0.48428,0.49063,0.50149,0.49664,0.62701,0.63722,0.47728,0.49377,0.62218,0.72482,0.60364,0.64248,0.51165,0.43341,0.37443,0.41606,0.21378,0.1838,0.29366,0.43318,0.17558,0.54324,0.46645,0.36809,0.43057,0.2594,0.20765,0.29616,0.41842,0.15418,-0.020926,0.1964,0.32075,0.3901,0.36693,0.29338,0.17433,0.048132
-0.0597,-0.051678,0.002905,-0.045299,-0.15957,-0.072966,-0.039629,-0.023808,-0.20118,-0.15004,-0.10036,0.063645,-0.098427,-0.017357,-0.040601,-0.035983,0.095147,0.02377,0.0043687,0.048522,0.37976,0.39526,-0.010693,-0.01142,0.022795,0.069481,-0.0021008,0.10287,0.24222,0.16252,0.2571,0.25259,0.039579,0.12959,-0.071019,-0.12111,0.39504,0.2118,0.40559,0.236,1,0.73278,-0.15283,-0.19866,-0.16879,-0.19108,-0.052859,-0.11546,-0.1157,-0.1307,-0.066166,-0.055919,0.006909,-0.079722,0.16639,-0.023852,-0.089182,-0.1211,-0.14807,-0.1413,-0.14101,-0.20724,-0.081206,-0.13029,-0.24749,-0.20046,-0.21621,-0.23323,-0.10788,-0.20958,0.18662,0.23542,0.57723,0.57457,0.40634,0.38948,0.055786,0.02435,0.12075,0.036054,0.042561,-0.031639,0.04687,0.022559,-0.1132,-0.07788,-0.059837,-0.064525,-0.12293,-0.080283,-0.026848,-0.027154,-0.080948,-0.18236,0.1203,0.17811,0.16634,0.11833,0.22476,0.053966,-0.15219,-0.073143,-0.029474,0.015066,0.26876,0.17123,-0.071889,0.030906,0.24292,0.062907,0.098089,0.0078874,-0.065383,0.072233,0.19286,0.30038
0.037935,0.040321,0.1257,0.07658,-0.022717,-0.042824,0.096147,0.068854,-0.021752,-0.024183,0.074868,0.18024,0.072839,0.10392,0.15044,0.085454,0.20733,0.17277,0.13105,0.13057,0.36387,0.51262,0.10592,0.11144,-0.019777,0.026413,0.070634,0.20832,0.31976,0.24323,0.2308,0.25884,0.0795,0.15844,-0.049268,-0.045794,0.4575,0.39337,0.36265,0.45881,0.73278,1,-0.057374,-0.071978,-0.093952,-0.10074,0.015845,-0.01275,-0.0015552,-0.0079643,0.084367,0.074963,0.15274,0.040587,0.39392,0.15813,-0.011809,-0.034718,-0.069469,-0.028603,-0.035067,-0.077774,0.034594,-0.0098587,-0.087501,-0.071806,-0.11294,-0.12646,-0.089191,-0.13519,0.12509,0.23706,0.4349,0.46816,0.38013,0.38141,0.096505,0.050099,0.21619,0.14885,0.15141,0.11692,0.18912,0.20935,0.077897,0.10564,0.054406,0.16506,0.13977,0.14937,0.14925,0.10296,0.043645,-0.035006,0.093833,0.092068,0.1673,0.13816,0.26973,0.15808,-0.0034962,0.073628,0.071407,0.091852,0.2789,0.23984,0.041183,0.10664,0.20491,0.067768,0.1298,0.046073,0.050586,0.093935,0.20727,0.26653
0.50842,0.65695,0.40413,0.47307,0.4316,0.40506,0.42218,0.47737,0.43072,0.39452,0.40767,0.39319,0.47218,0.51067,0.4749,0.51446,0.57908,0.6294,0.494,0.55811,0.32898,0.23323,0.34816,0.37654,0.36411,0.3718,0.31319,0.33232,0.46774,0.56131,0.32386,0.32935,0.64045,0.55527,0.43247,0.55092,0.18407,0.23743,0.2527,0.42741,-0.15283,-0.057374,1,0.95635,0.91497,0.90849,0.91409,0.93979,0.74435,0.80702,0.49651,0.52956,0.2789,0.42037,0.50806,0.55901,0.68989,0.68077,0.44397,0.43291,0.34796,0.35391,0.47144,0.32556,0.23584,0.28923,0.63649,0.69035,0.64808,0.68318,0.10576,0.11063,-0.11011,-0.044153,0.062946,0.062856,0.26862,0.34629,0.55136,0.64106,0.60446,0.54642,0.54614,0.57816,0.31988,0.43013,0.46369,0.33902,0.2467,0.2738,0.40816,0.30214,0.19313,0.14622,0.36858,0.1677,0.45953,0.44143,0.27384,0.5241,0.24266,0.050447,0.20883,-0.035031,0.12315,0.10228,0.247,0.031447,0.066353,0.38042,0.37798,0.51416,0.2038,0.20917,0.13144,0.13064
