1,0.92823,0.86835,0.8311,0.76862,0.74978,0.87018,0.84679,0.75044,0.71559,0.84421,0.84458,0.8309,0.7819,0.75806,0.76802,0.74175,0.74379,0.90297,0.87075,0.35846,0.43129,0.83332,0.81767,0.63757,0.68489,0.52973,0.60801,0.62697,0.63343,0.68234,0.71804,0.86404,0.85717,0.85096,0.83022,0.74978,0.66174,0.72509,0.62909,0.55097,0.55318,0.79494,0.77087,0.70284,0.7834,0.77808,0.77038,0.7775,0.76963,0.76598,0.68654,0.73182,0.67461,0.765,0.74969,0.85586,0.81965,0.84709,0.78126,0.84134,0.74494,0.88299,0.8339,0.70916,0.73723,0.83804,0.83571,0.79084,0.77424,0.46071,0.64377,0.60314,0.56452,0.56258,0.54167,0.54543,0.6089,0.6888,0.60987,0.71577,0.73967,0.70894,0.65595,0.69388,0.66338,0.6226,0.5332,0.77317,0.74015,0.62577,0.58933,0.66726,0.56768,0.38579,0.30419,0.61612,0.55938,0.64325,0.6097,0.54758,0.51293,0.57062,0.57245,0.67122,0.64231,0.42531,0.42603,0.354,0.27908,0.61857,0.59528,0.59048,0.55502,0.56874,-0.056134
0.92823,1,0.86736,0.8552,0.82391,0.80052,0.87497,0.87599,0.7782,0.76524,0.80427,0.8222,0.80004,0.78361,0.76643,0.77908,0.80406,0.82888,0.89324,0.91241,0.38345,0.47298,0.81038,0.80661,0.65563,0.70494,0.48257,0.58957,0.69581,0.72698,0.71545,0.75323,0.91071,0.91508,0.84482,0.84766,0.76725,0.70522,0.77072,0.70915,0.61622,0.61513,0.84628,0.84379,0.76936,0.86201,0.84192,0.84307,0.81981,0.81039,0.77949,0.73778,0.74014,0.69457,0.79517,0.79696,0.8951,0.9331,0.87041,0.84591,0.81091,0.74641,0.88238,0.88691,0.71029,0.72981,0.87785,0.89291,0.84447,0.84621,0.49761,0.67893,0.63707,0.60542,0.60627,0.5938,0.57926,0.63634,0.74616,0.67967,0.73263,0.76825,0.70785,0.69731,0.61773,0.60193,0.63969,0.55182,0.73621,0.7406,0.62696,0.59062,0.6995,0.5973,0.45224,0.32816,0.70198,0.60358,0.6963,0.64358,0.62463,0.5867,0.6293,0.62645,0.72385,0.70227,0.47611,0.46657,0.38096,0.31494,0.6613,0.62866,0.61609,0.60457,0.62446,-0.095872
0.86835,0.86736,1,0.95221,0.88121,0.84164,0.97249,0.93795,0.88068,0.83403,0.8137,0.80134,0.83559,0.82356,0.79397,0.78496,0.66846,0.67201,0.87702,0.83831,0.53904,0.5759,0.87896,0.86683,0.74019,0.77228,0.6403,0.71808,0.61903,0.63769,0.77,0.76811,0.85902,0.83022,0.80529,0.82507,0.8353,0.76047,0.79911,0.68608,0.62157,0.59496,0.7899,0.78671,0.73653,0.79058,0.79011,0.79706,0.79595,0.79777,0.81038,0.76577,0.70574,0.73541,0.81325,0.82276,0.77219,0.77067,0.77275,0.74727,0.74075,0.69693,0.78387,0.77005,0.77522,0.73743,0.86361,0.81743,0.78728,0.78219,0.66218,0.80995,0.68981,0.68839,0.67923,0.68527,0.68704,0.72253,0.59773,0.5028,0.66478,0.66955,0.70802,0.6554,0.66584,0.65803,0.70099,0.63503,0.8627,0.8254,0.78771,0.75348,0.82036,0.73838,0.50815,0.3748,0.78142,0.70821,0.8157,0.7803,0.70845,0.68278,0.75542,0.72884,0.80105,0.76542,0.60602,0.57808,0.46752,0.39674,0.78832,0.75288,0.76865,0.73454,0.72391,0.045966
0.8311,0.8552,0.95221,1,0.89329,0.88135,0.94797,0.96684,0.89033,0.87917,0.75497,0.80639,0.82763,0.84302,0.78469,0.79646,0.61429,0.64005,0.81151,0.79219,0.53607,0.59596,0.852,0.87832,0.74962,0.79107,0.64605,0.75599,0.57052,0.62186,0.72601,0.74452,0.82694,0.79465,0.79283,0.83563,0.82672,0.7656,0.79529,0.69835,0.58916,0.57222,0.77586,0.77206,0.71462,0.7934,0.77884,0.78626,0.78649,0.83285,0.83179,0.78969,0.73063,0.7532,0.8188,0.83452,0.74326,0.77351,0.7887,0.7838,0.75708,0.76841,0.7592,0.7916,0.79485,0.80635,0.87064,0.83968,0.75631,0.75874,0.65764,0.80335,0.64586,0.65583,0.64013,0.64838,0.64301,0.66842,0.53382,0.45231,0.61496,0.62572,0.67239,0.64243,0.66937,0.66548,0.68181,0.62903,0.8714,0.84779,0.82443,0.77289,0.85278,0.75834,0.48194,0.33944,0.75162,0.68435,0.81883,0.78881,0.73906,0.71228,0.76699,0.74082,0.79092,0.76497,0.62015,0.56411,0.4275,0.34933,0.76131,0.73867,0.76061,0.72262,0.70772,0.035168
0.76862,0.82391,0.88121,0.89329,1,0.93601,0.88215,0.87905,0.90373,0.86275,0.68927,0.69938,0.73228,0.72143,0.76394,0.72032,0.62499,0.63328,0.80109,0.78362,0.44528,0.53107,0.76631,0.75838,0.76492,0.74634,0.60272,0.73256,0.57421,0.61183,0.66189,0.6888,0.81038,0.78088,0.72272,0.76446,0.76595,0.70315,0.76287,0.64598,0.57615,0.52676,0.75276,0.73762,0.69289,0.75575,0.7554,0.75078,0.76188,0.78406,0.75336,0.72624,0.67668,0.68286,0.76383,0.76708,0.73338,0.75659,0.77386,0.77112,0.6956,0.68294,0.73118,0.74432,0.70141,0.6774,0.83503,0.78666,0.76105,0.76819,0.56976,0.70763,0.60691,0.62414,0.60442,0.61242,0.64681,0.68001,0.52807,0.45547,0.58305,0.57536,0.65219,0.57402,0.53557,0.51123,0.68555,0.54181,0.79826,0.75194,0.71623,0.71497,0.76439,0.67872,0.43076,0.2396,0.7428,0.64932,0.77245,0.73371,0.68306,0.67205,0.69868,0.67852,0.7107,0.6888,0.54826,0.51385,0.32704,0.3283,0.73608,0.73008,0.71601,0.6775,0.62698,-0.012819
0.74978,0.80052,0.84164,0.88135,0.93601,1,0.84539,0.88977,0.84275,0.89993,0.69092,0.71333,0.73534,0.71659,0.78482,0.75144,0.63407,0.63486,0.76469,0.74661,0.4803,0.56603,0.73706,0.75006,0.73529,0.75339,0.55502,0.75094,0.58633,0.62084,0.62579,0.6544,0.78804,0.7575,0.6973,0.74576,0.74941,0.68993,0.76445,0.67546,0.62718,0.5525,0.72963,0.71595,0.67016,0.73538,0.72214,0.72244,0.73649,0.76496,0.73218,0.71161,0.6629,0.67066,0.73413,0.76687,0.73473,0.7415,0.76039,0.74818,0.69473,0.67628,0.72345,0.73596,0.65326,0.65705,0.81578,0.77525,0.71953,0.73081,0.5237,0.67039,0.57173,0.59751,0.55395,0.58124,0.58612,0.60977,0.5473,0.47399,0.59763,0.58272,0.67363,0.58657,0.52593,0.49388,0.73345,0.58288,0.76845,0.73237,0.669,0.66509,0.71807,0.60766,0.38615,0.2102,0.6665,0.57764,0.70773,0.69012,0.63157,0.60594,0.64075,0.61105,0.66681,0.63541,0.46321,0.44746,0.28727,0.27866,0.67747,0.68975,0.65827,0.62203,0.56258,-0.045092
0.87018,0.87497,0.97249,0.94797,0.88215,0.84539,1,0.95951,0.91488,0.86304,0.84796,0.83488,0.88072,0.86816,0.83266,0.81918,0.69181,0.69983,0.85273,0.81519,0.50817,0.54888,0.87967,0.86969,0.74935,0.7767,0.64332,0.72263,0.66207,0.6771,0.77442,0.77962,0.8538,0.82647,0.81038,0.82646,0.81358,0.72815,0.76613,0.65337,0.60834,0.59519,0.79612,0.78693,0.7448,0.80196,0.79728,0.79235,0.80244,0.80317,0.81758,0.76529,0.7158,0.737,0.80506,0.80839,0.78273,0.78633,0.80093,0.76991,0.78378,0.74919,0.82535,0.80202,0.80725,0.77606,0.87056,0.82966,0.7758,0.77646,0.65827,0.80728,0.68591,0.6757,0.67858,0.67808,0.6669,0.7042,0.62879,0.52853,0.69344,0.70218,0.7555,0.70532,0.682,0.67397,0.70263,0.64305,0.85661,0.82838,0.79659,0.75476,0.83246,0.74704,0.47554,0.33669,0.76676,0.67317,0.81925,0.77307,0.72368,0.70008,0.76196,0.72925,0.78661,0.7658,0.60745,0.56181,0.43252,0.36108,0.76797,0.74222,0.76288,0.72166,0.71306,-0.0014716
0.84679,0.87599,0.93795,0.96684,0.87905,0.88977,0.95951,1,0.88974,0.91285,0.8254,0.86264,0.87644,0.89796,0.84024,0.85826,0.69664,0.7119,0.81893,0.80273,0.53499,0.59241,0.85586,0.86739,0.73028,0.80277,0.59712,0.72807,0.67371,0.71367,0.76161,0.78365,0.84409,0.82178,0.78433,0.82141,0.80798,0.73587,0.76996,0.68736,0.6388,0.60369,0.78642,0.78326,0.7278,0.80162,0.78367,0.78793,0.79457,0.80988,0.81063,0.76544,0.72334,0.74071,0.80239,0.82466,0.77691,0.78687,0.7991,0.77838,0.77389,0.75411,0.80535,0.82266,0.74497,0.76095,0.86301,0.84101,0.75562,0.76233,0.63571,0.79506,0.66805,0.6579,0.66045,0.65938,0.62795,0.65369,0.62442,0.54084,0.6957,0.70526,0.75418,0.72782,0.65743,0.65238,0.72995,0.68165,0.82972,0.81679,0.78102,0.72997,0.82998,0.72156,0.45254,0.32062,0.72137,0.64446,0.78822,0.75575,0.72416,0.68952,0.74551,0.70386,0.76644,0.73879,0.56513,0.52297,0.39865,0.32084,0.72906,0.71385,0.7355,0.69928,0.68069,-0.012904
0.75044,0.7782,0.88068,0.89033,0.90373,0.84275,0.91488,0.88974,1,0.88198,0.74701,0.72438,0.81575,0.81026,0.82246,0.76474,0.60127,0.62137,0.72648,0.69532,0.51654,0.54979,0.7867,0.76289,0.74524,0.75651,0.67449,0.75488,0.60546,0.63585,0.71482,0.71199,0.7539,0.71704,0.69282,0.73039,0.76541,0.69194,0.73277,0.62135,0.56847,0.56025,0.72138,0.69847,0.68522,0.72738,0.72612,0.71074,0.76117,0.75657,0.73892,0.69397,0.6253,0.64126,0.74424,0.72793,0.69436,0.71698,0.77199,0.76006,0.73386,0.71631,0.73912,0.71773,0.75243,0.71213,0.80442,0.74848,0.72052,0.71672,0.63907,0.76928,0.63524,0.64001,0.64104,0.65575,0.63622,0.67362,0.50377,0.4323,0.57645,0.58305,0.71563,0.66083,0.57971,0.55981,0.68087,0.60405,0.82329,0.77332,0.76583,0.73444,0.81637,0.7488,0.46664,0.31794,0.73605,0.64663,0.79049,0.73181,0.73774,0.73968,0.74677,0.71971,0.72188,0.72428,0.6144,0.56689,0.39098,0.36941,0.73004,0.71672,0.73928,0.70461,0.67025,0.0097035
0.71559,0.76524,0.83403,0.87917,0.86275,0.89993,0.86304,0.91285,0.88198,1,0.72698,0.75747,0.81594,0.83964,0.858,0.85129,0.59516,0.60933,0.70599,0.68405,0.55183,0.6034,0.75943,0.75576,0.72442,0.77949,0.58189,0.76261,0.62668,0.68695,0.68635,0.69942,0.72294,0.69365,0.63961,0.66768,0.70784,0.64598,0.71122,0.64549,0.61412,0.55751,0.66296,0.67185,0.62692,0.6922,0.65635,0.66383,0.70582,0.72644,0.7004,0.67474,0.63532,0.64297,0.69729,0.7378,0.67977,0.70524,0.7334,0.71661,0.7181,0.68788,0.7177,0.7222,0.65132,0.6547,0.74428,0.71826,0.65601,0.65111,0.60849,0.74416,0.60173,0.6134,0.63094,0.64089,0.54573,0.56485,0.50645,0.42642,0.56031,0.56878,0.72578,0.68189,0.55701,0.51748,0.76879,0.69773,0.76471,0.75451,0.69167,0.64258,0.76924,0.67278,0.39447,0.25339,0.62022,0.55087,0.69144,0.6651,0.73251,0.69931,0.70587,0.66016,0.68756,0.68129,0.53682,0.48341,0.31532,0.29642,0.62316,0.60999,0.64044,0.60923,0.60547,-0.052154
0.84421,0.80427,0.8137,0.75497,0.68927,0.69092,0.84796,0.8254,0.74701,0.72698,1,0.87176,0.89871,0.84266,0.84679,0.82736,0.75689,0.75835,0.76859,0.71265,0.44167,0.44415,0.80826,0.76271,0.63648,0.70652,0.53329,0.61404,0.75874,0.72414,0.73913,0.73686,0.75173,0.75393,0.71419,0.68829,0.69003,0.60841,0.63173,0.55633,0.57616,0.55588,0.68585,0.68024,0.60912,0.6637,0.67871,0.66632,0.65531,0.61302,0.66308,0.59536,0.63482,0.59239,0.69908,0.69414,0.75438,0.69183,0.6671,0.61139,0.74664,0.62011,0.8516,0.74483,0.64869,0.61721,0.69839,0.69237,0.62081,0.63375,0.52995,0.666,0.61614,0.566,0.58108,0.56376,0.51073,0.57104,0.71603,0.65784,0.74118,0.77651,0.84761,0.77277,0.64881,0.62654,0.69907,0.64147,0.69108,0.67211,0.58102,0.52041,0.61923,0.52446,0.3616,0.2914,0.56594,0.48441,0.60142,0.55766,0.51105,0.47769,0.55396,0.50702,0.60996,0.58411,0.38917,0.36324,0.34846,0.26009,0.56832,0.54615,0.54528,0.52244,0.52376,-0.0072761
0.84458,0.8222,0.80134,0.80639,0.69938,0.71333,0.83488,0.86264,0.72438,0.75747,0.87176,1,0.88336,0.90304,0.80004,0.86194,0.66322,0.7099,0.73755,0.70968,0.36744,0.40853,0.81918,0.81541,0.65074,0.72256,0.50083,0.61238,0.65612,0.6963,0.6567,0.689,0.72375,0.72311,0.74264,0.72068,0.69352,0.63457,0.62941,0.57105,0.54298,0.53624,0.67218,0.68265,0.58149,0.68491,0.66952,0.67043,0.67268,0.69631,0.76801,0.70264,0.74161,0.69706,0.7479,0.76633,0.68635,0.67594,0.6871,0.65781,0.76113,0.69841,0.81432,0.79311,0.66148,0.70662,0.71264,0.73303,0.58693,0.60323,0.5379,0.67533,0.56271,0.53042,0.53965,0.50227,0.44565,0.49565,0.64224,0.59635,0.74891,0.80265,0.79031,0.76443,0.72199,0.74711,0.70083,0.68842,0.72087,0.73612,0.64734,0.56627,0.67617,0.58215,0.33618,0.28169,0.52701,0.48389,0.61042,0.58258,0.60424,0.54606,0.60213,0.56331,0.68326,0.65718,0.4254,0.40222,0.31539,0.22099,0.53667,0.50837,0.53833,0.49906,0.53022,0.055424
0.8309,0.80004,0.83559,0.82763,0.73228,0.73534,0.88072,0.87644,0.81575,0.81594,0.89871,0.88336,1,0.9261,0.91503,0.8955,0.65202,0.67598,0.74786,0.7056,0.47377,0.49335,0.86696,0.82693,0.69599,0.78527,0.58641,0.70324,0.68466,0.69939,0.72564,0.73379,0.73565,0.72017,0.74743,0.71963,0.7116,0.6413,0.65711,0.60159,0.56377,0.5553,0.68696,0.68253,0.62545,0.69577,0.67422,0.6686,0.7014,0.70309,0.71334,0.64528,0.68666,0.6465,0.72168,0.72061,0.70605,0.71421,0.74583,0.69932,0.79022,0.69075,0.82303,0.75595,0.73323,0.71428,0.74574,0.74345,0.63733,0.65248,0.57616,0.71841,0.61167,0.57045,0.61081,0.60464,0.50946,0.55368,0.62599,0.55647,0.70964,0.73683,0.82879,0.76204,0.76638,0.6973,0.74566,0.71086,0.78349,0.74073,0.68185,0.58967,0.73365,0.6438,0.4219,0.31778,0.58977,0.51652,0.65732,0.60494,0.65898,0.62115,0.65485,0.61829,0.70263,0.70225,0.46474,0.4681,0.36573,0.29456,0.58027,0.55144,0.60023,0.56741,0.59939,-0.012385
0.7819,0.78361,0.82356,0.84302,0.72143,0.71659,0.86816,0.89796,0.81026,0.83964,0.84266,0.90304,0.9261,1,0.86418,0.92154,0.65157,0.68922,0.69381,0.67327,0.49497,0.51835,0.83778,0.82563,0.68317,0.79418,0.56823,0.69339,0.69486,0.75088,0.74862,0.76511,0.7119,0.70427,0.70697,0.69742,0.70225,0.63245,0.64977,0.59966,0.57488,0.57676,0.67967,0.6961,0.62773,0.70625,0.68131,0.68594,0.70171,0.6918,0.72891,0.6586,0.70811,0.65897,0.75118,0.7538,0.68856,0.69153,0.69882,0.6595,0.75017,0.67879,0.76295,0.7453,0.69751,0.70549,0.71486,0.72617,0.61295,0.61604,0.6258,0.75446,0.62695,0.59349,0.64489,0.61449,0.50517,0.53961,0.6147,0.55635,0.67589,0.72666,0.79337,0.79127,0.68783,0.68055,0.72682,0.73569,0.73922,0.73523,0.66584,0.57446,0.72579,0.64611,0.43063,0.34624,0.583,0.53134,0.66159,0.6219,0.67761,0.63805,0.66378,0.62414,0.69475,0.70174,0.4915,0.47549,0.3905,0.30622,0.56771,0.52766,0.58446,0.57136,0.60506,0.018292
0.75806,0.76643,0.79397,0.78469,0.76394,0.78482,0.83266,0.84024,0.82246,0.858,0.84679,0.80004,0.91503,0.86418,1,0.91915,0.69287,0.69321,0.72175,0.68594,0.60599,0.62277,0.85009,0.80049,0.78378,0.86206,0.6551,0.80389,0.75611,0.76445,0.76368,0.74624,0.70928,0.68536,0.66539,0.64986,0.7183,0.64408,0.69627,0.64032,0.66264,0.61684,0.65086,0.64342,0.60581,0.63553,0.64006,0.62643,0.67305,0.62502,0.62739,0.57212,0.59276,0.56947,0.66476,0.67453,0.70889,0.703,0.70418,0.6541,0.71318,0.57269,0.79708,0.68355,0.63912,0.59412,0.6969,0.66798,0.63003,0.63398,0.599,0.72979,0.63679,0.60637,0.63793,0.62641,0.51606,0.55012,0.63601,0.58989,0.69563,0.70756,0.8966,0.79935,0.66805,0.59086,0.84857,0.78304,0.7203,0.69093,0.64016,0.57212,0.72209,0.64795,0.39933,0.299,0.57626,0.4952,0.64285,0.59754,0.68621,0.65476,0.66811,0.63113,0.68426,0.70164,0.49194,0.49501,0.33626,0.31327,0.57302,0.55539,0.60245,0.5724,0.59519,-0.030433
0.76802,0.77908,0.78496,0.79646,0.72032,0.75144,0.81918,0.85826,0.76474,0.85129,0.82736,0.86194,0.8955,0.92154,0.91915,1,0.69546,0.72257,0.69711,0.69469,0.54032,0.58975,0.84692,0.84296,0.72507,0.85779,0.5597,0.7435,0.75369,0.80884,0.76986,0.79028,0.71587,0.7155,0.69648,0.67609,0.68249,0.61591,0.68714,0.66594,0.6362,0.62459,0.67805,0.69163,0.60817,0.67282,0.66952,0.66494,0.6748,0.6194,0.65191,0.57343,0.63782,0.56438,0.71127,0.70627,0.71536,0.70585,0.67971,0.62626,0.71004,0.58634,0.77512,0.72178,0.63436,0.63458,0.69248,0.70615,0.60883,0.6134,0.55807,0.70106,0.61167,0.56794,0.62508,0.59153,0.45905,0.49725,0.66216,0.61868,0.68495,0.72736,0.86551,0.8576,0.66011,0.62756,0.83764,0.81626,0.67981,0.66487,0.57162,0.48531,0.65867,0.56818,0.40639,0.32423,0.53571,0.46586,0.58562,0.54202,0.62718,0.57284,0.59808,0.55625,0.6687,0.66394,0.43937,0.43273,0.34477,0.30511,0.52133,0.46994,0.51954,0.50007,0.55542,-0.039492
0.74175,0.80406,0.66846,0.61429,0.62499,0.63407,0.69181,0.69664,0.60127,0.59516,0.75689,0.66322,0.65202,0.65157,0.69287,0.69546,1,0.9565,0.73051,0.77332,0.40332,0.45019,0.63661,0.60979,0.49948,0.61365,0.32059,0.41504,0.89541,0.86894,0.7607,0.80138,0.82936,0.85556,0.65853,0.67119,0.66051,0.56871,0.63888,0.60179,0.71817,0.66146,0.7526,0.74358,0.70251,0.73071,0.75586,0.72686,0.67892,0.53512,0.53373,0.46343,0.5559,0.46192,0.63811,0.6011,0.90367,0.80075,0.67074,0.57546,0.60499,0.43236,0.81608,0.70111,0.45943,0.42181,0.69203,0.70635,0.73936,0.72127,0.40006,0.55514,0.66442,0.5733,0.57938,0.55478,0.52912,0.58887,0.9428,0.9182,0.79613,0.78457,0.74997,0.75159,0.33927,0.32705,0.59806,0.49923,0.44345,0.41907,0.36115,0.32878,0.45118,0.34738,0.39692,0.31432,0.57163,0.45379,0.52081,0.46716,0.4098,0.37827,0.4326,0.44203,0.52018,0.50041,0.27579,0.31445,0.37791,0.28508,0.50467,0.47748,0.45006,0.50307,0.4822,-0.1052
0.74379,0.82888,0.67201,0.64005,0.63328,0.63486,0.69983,0.7119,0.62137,0.60933,0.75835,0.7099,0.67598,0.68922,0.69321,0.72257,0.9565,1,0.70651,0.76164,0.39413,0.4461,0.66101,0.64486,0.53315,0.64708,0.35225,0.43913,0.8685,0.87915,0.77004,0.81564,0.81495,0.85296,0.68482,0.69649,0.66291,0.59204,0.65159,0.63256,0.68627,0.66856,0.77073,0.77202,0.70664,0.76007,0.78451,0.75692,0.69444,0.57903,0.58012,0.51894,0.60402,0.49924,0.67881,0.64203,0.88838,0.83718,0.66892,0.61274,0.61788,0.49872,0.81914,0.75412,0.51511,0.49527,0.70499,0.74092,0.71293,0.71472,0.41288,0.5695,0.61841,0.54496,0.55278,0.52333,0.49867,0.56396,0.90611,0.92535,0.77039,0.80435,0.75407,0.79489,0.38391,0.38338,0.60107,0.52645,0.4557,0.4568,0.39257,0.3471,0.47398,0.3811,0.39189,0.31136,0.57615,0.45086,0.5353,0.47819,0.4505,0.41523,0.45577,0.4739,0.5541,0.54595,0.32207,0.34364,0.36463,0.26387,0.49924,0.46331,0.43923,0.49454,0.4889,-0.068739
0.90297,0.89324,0.87702,0.81151,0.80109,0.76469,0.85273,0.81893,0.72648,0.70599,0.76859,0.73755,0.74786,0.69381,0.72175,0.69711,0.73051,0.70651,1,0.96266,0.4282,0.4944,0.81943,0.77942,0.63488,0.64654,0.50991,0.58975,0.63096,0.63119,0.70375,0.7175,0.91278,0.8926,0.80015,0.80819,0.80113,0.73701,0.78715,0.68354,0.64093,0.61108,0.74147,0.72072,0.66735,0.72491,0.72977,0.72933,0.70669,0.69225,0.6788,0.6313,0.63519,0.64203,0.70335,0.72217,0.84523,0.81332,0.7749,0.71879,0.69541,0.60911,0.78768,0.73952,0.6432,0.6272,0.83516,0.7925,0.88456,0.86214,0.53897,0.6841,0.69817,0.6841,0.65873,0.6597,0.69085,0.74103,0.66769,0.56978,0.70488,0.68235,0.66683,0.59628,0.61829,0.56943,0.61713,0.50624,0.74889,0.70304,0.64948,0.63702,0.70085,0.61066,0.4887,0.3751,0.72514,0.6762,0.68875,0.66336,0.58331,0.54874,0.63483,0.62382,0.7063,0.67371,0.4916,0.48179,0.43361,0.39178,0.7348,0.70232,0.68853,0.66538,0.64052,-0.0062341
0.87075,0.91241,0.83831,0.79219,0.78362,0.74661,0.81519,0.80273,0.69532,0.68405,0.71265,0.70968,0.7056,0.67327,0.68594,0.69469,0.77332,0.76164,0.96266,1,0.41673,0.50882,0.78034,0.75908,0.59057,0.64354,0.42995,0.5406,0.67053,0.68866,0.72028,0.75456,0.93497,0.93268,0.79315,0.81927,0.77955,0.73418,0.79304,0.71986,0.65851,0.64122,0.76129,0.74659,0.68501,0.75689,0.7544,0.74903,0.71064,0.6838,0.6489,0.60144,0.62182,0.59616,0.70643,0.70537,0.86865,0.86654,0.78589,0.73757,0.66521,0.58017,0.77385,0.76124,0.59816,0.60458,0.84443,0.83066,0.92415,0.91273,0.50171,0.66695,0.69961,0.67174,0.658,0.66093,0.66716,0.71989,0.71889,0.63026,0.70499,0.68225,0.63867,0.61818,0.55106,0.51061,0.59754,0.49917,0.68859,0.64448,0.59895,0.57184,0.67837,0.57609,0.52117,0.39934,0.72696,0.66059,0.65699,0.61428,0.58397,0.54816,0.61594,0.61842,0.70744,0.68303,0.47567,0.48136,0.43671,0.37982,0.70534,0.65569,0.65092,0.65224,0.64634,-0.067689
0.35846,0.38345,0.53904,0.53607,0.44528,0.4803,0.50817,0.53499,0.51654,0.55183,0.44167,0.36744,0.47377,0.49497,0.60599,0.54032,0.40332,0.39413,0.4282,0.41673,1,0.91136,0.51254,0.48517,0.52234,0.61387,0.49889,0.56766,0.56113,0.54081,0.64313,0.56845,0.41737,0.38512,0.31825,0.39484,0.62979,0.58467,0.65738,0.60772,0.68221,0.61763,0.3616,0.343,0.33744,0.32689,0.38207,0.37629,0.37032,0.3686,0.35554,0.35007,0.31996,0.36062,0.45302,0.4746,0.38775,0.35652,0.32127,0.32753,0.29006,0.21707,0.3266,0.27115,0.30123,0.23972,0.41015,0.33712,0.40897,0.37628,0.61268,0.62912,0.5878,0.56883,0.54258,0.57645,0.45119,0.44825,0.31197,0.30596,0.3185,0.30103,0.55748,0.57156,0.25379,0.21085,0.5749,0.57219,0.4847,0.43751,0.5085,0.47393,0.54506,0.46947,0.36437,0.31499,0.48125,0.43559,0.51636,0.52672,0.46588,0.45279,0.50616,0.46216,0.43698,0.4292,0.43344,0.39143,0.34977,0.30066,0.49929,0.51125,0.53516,0.5114,0.44414,0.059695
0.43129,0.47298,0.5759,0.59596,0.53107,0.56603,0.54888,0.59241,0.54979,0.6034,0.44415,0.40853,0.49335,0.51835,0.62277,0.58975,0.45019,0.4461,0.4944,0.50882,0.91136,1,0.53934,0.54032,0.52194,0.64398,0.43866,0.57026,0.5872,0.58353,0.65927,0.62065,0.51733,0.48908,0.40514,0.49318,0.66595,0.63981,0.71316,0.69364,0.70075,0.67806,0.4435,0.4191,0.40869,0.42193,0.44596,0.44057,0.43348,0.43372,0.38562,0.39044,0.35928,0.36669,0.47283,0.50486,0.46206,0.46421,0.41129,0.41748,0.32519,0.28292,0.36949,0.3509,0.33638,0.31493,0.51573,0.4594,0.50252,0.47931,0.56674,0.63033,0.58473,0.56035,0.55833,0.57861,0.47669,0.47933,0.36533,0.34222,0.35369,0.33748,0.55339,0.58964,0.24939,0.21486,0.5843,0.55199,0.49241,0.45051,0.5085,0.48005,0.57907,0.50186,0.37277,0.33876,0.51341,0.45278,0.50937,0.5191,0.5212,0.50463,0.52498,0.48702,0.49213,0.46937,0.44177,0.39395,0.33874,0.30967,0.52638,0.51532,0.54369,0.51197,0.46122,-0.041683
0.83332,0.81038,0.87896,0.852,0.76631,0.73706,0.87967,0.85586,0.7867,0.75943,0.80826,0.81918,0.86696,0.83778,0.85009,0.84692,0.63661,0.66101,0.81943,0.78034,0.51254,0.53934,1,0.96211,0.77962,0.86513,0.66219,0.77502,0.59994,0.64594,0.81409,0.80541,0.79087,0.7781,0.84996,0.81719,0.76609,0.70923,0.75478,0.66236,0.58568,0.56151,0.73829,0.7237,0.67437,0.7269,0.72973,0.7205,0.70988,0.6804,0.68917,0.63949,0.61493,0.60636,0.72266,0.71143,0.73618,0.73625,0.72304,0.69953,0.71238,0.65819,0.77803,0.72169,0.79095,0.76803,0.80373,0.78379,0.71265,0.72895,0.56292,0.7214,0.60884,0.60177,0.60913,0.59752,0.53157,0.58759,0.59281,0.52777,0.69023,0.71904,0.76927,0.69171,0.8064,0.77342,0.72427,0.68983,0.7815,0.75009,0.71446,0.65135,0.75413,0.68553,0.43177,0.3018,0.64565,0.57674,0.68246,0.64183,0.61515,0.59626,0.64254,0.62428,0.7258,0.7175,0.52775,0.47774,0.37287,0.3026,0.65713,0.62433,0.64899,0.60495,0.63087,-0.0072938
0.81767,0.80661,0.86683,0.87832,0.75838,0.75006,0.86969,0.86739,0.76289,0.75576,0.76271,0.81541,0.82693,0.82563,0.80049,0.84296,0.60979,0.64486,0.77942,0.75908,0.48517,0.54032,0.96211,1,0.76929,0.86944,0.64845,0.7687,0.55607,0.61209,0.77659,0.79556,0.79128,0.77555,0.8693,0.85526,0.74648,0.69756,0.74293,0.66736,0.55598,0.54875,0.75368,0.74096,0.68275,0.75072,0.74534,0.7409,0.71969,0.70919,0.7157,0.66878,0.62596,0.61789,0.73,0.72641,0.73031,0.74672,0.72524,0.71675,0.70382,0.70292,0.75334,0.75779,0.81142,0.83323,0.82293,0.81616,0.7023,0.72438,0.53598,0.70191,0.57701,0.57912,0.56366,0.55425,0.50456,0.55066,0.56768,0.49414,0.63783,0.68998,0.71969,0.67591,0.78434,0.79836,0.69183,0.67619,0.78076,0.76743,0.73164,0.66816,0.76828,0.68724,0.41761,0.28588,0.64379,0.57652,0.69132,0.66015,0.61344,0.59709,0.64589,0.62523,0.73588,0.71462,0.53545,0.47975,0.36315,0.28743,0.66707,0.63165,0.65698,0.59902,0.62467,-0.026695
0.63757,0.65563,0.74019,0.74962,0.76492,0.73529,0.74935,0.73028,0.74524,0.72442,0.63648,0.65074,0.69599,0.68317,0.78378,0.72507,0.49948,0.53315,0.63488,0.59057,0.52234,0.52194,0.77962,0.76929,1,0.87664,0.84358,0.88954,0.52665,0.57228,0.69767,0.66085,0.60397,0.57842,0.57924,0.58773,0.61654,0.56801,0.64804,0.53976,0.50079,0.48398,0.57847,0.56871,0.53691,0.56915,0.59363,0.57562,0.61074,0.6048,0.62282,0.58325,0.55131,0.55361,0.64858,0.63145,0.57867,0.58658,0.58716,0.58714,0.58515,0.54958,0.65996,0.59998,0.65764,0.61452,0.61134,0.57842,0.5626,0.5494,0.56176,0.65657,0.51761,0.53549,0.5031,0.48317,0.46738,0.5036,0.40724,0.39308,0.46794,0.49857,0.69993,0.60721,0.60517,0.57217,0.71244,0.68134,0.69202,0.68477,0.6343,0.618,0.66068,0.64676,0.34434,0.21675,0.58608,0.53199,0.64182,0.63144,0.62074,0.6329,0.63094,0.62747,0.61533,0.66201,0.57902,0.55032,0.28035,0.32152,0.59966,0.56169,0.57712,0.54381,0.54725,0.064712
0.68489,0.70494,0.77228,0.79107,0.74634,0.75339,0.7767,0.80277,0.75651,0.77949,0.70652,0.72256,0.78527,0.79418,0.86206,0.85779,0.61365,0.64708,0.64654,0.64354,0.61387,0.64398,0.86513,0.86944,0.87664,1,0.72671,0.86603,0.65222,0.7103,0.82696,0.82033,0.68805,0.67522,0.68568,0.70352,0.67707,0.62947,0.7002,0.64528,0.60846,0.58095,0.65742,0.65281,0.60319,0.65333,0.65907,0.64525,0.64546,0.60218,0.60417,0.55775,0.54397,0.51943,0.66835,0.64698,0.67293,0.66403,0.63132,0.6039,0.60384,0.52977,0.69524,0.6515,0.66284,0.65081,0.68812,0.68352,0.61441,0.6158,0.57656,0.7151,0.58487,0.58194,0.58133,0.55751,0.47302,0.51227,0.53677,0.51528,0.55786,0.60338,0.7699,0.72901,0.61723,0.60365,0.7704,0.75873,0.65551,0.64203,0.61341,0.56054,0.69579,0.63821,0.39221,0.26949,0.59276,0.52154,0.62558,0.60625,0.62892,0.62251,0.6253,0.61325,0.65268,0.67017,0.52017,0.50409,0.31485,0.30693,0.59192,0.54568,0.58596,0.56472,0.56222,-0.013416
0.52973,0.48257,0.6403,0.64605,0.60272,0.55502,0.64332,0.59712,0.67449,0.58189,0.53329,0.50083,0.58641,0.56823,0.6551,0.5597,0.32059,0.35225,0.50991,0.42995,0.49889,0.43866,0.66219,0.64845,0.84358,0.72671,1,0.87696,0.33296,0.35205,0.58048,0.50484,0.45872,0.41154,0.47637,0.49385,0.5342,0.48274,0.5154,0.38335,0.32782,0.354,0.44606,0.42431,0.42552,0.42977,0.46976,0.4567,0.50357,0.50578,0.54275,0.51643,0.42142,0.49393,0.53913,0.51845,0.42652,0.41987,0.4588,0.47523,0.46976,0.48167,0.5273,0.47006,0.60048,0.56471,0.50292,0.442,0.45644,0.44226,0.58527,0.63862,0.46581,0.48538,0.44546,0.43461,0.47135,0.48363,0.22311,0.20776,0.33105,0.3607,0.57446,0.46458,0.59184,0.55998,0.56364,0.56502,0.66332,0.65538,0.65458,0.65244,0.64325,0.65518,0.3346,0.23168,0.55043,0.54913,0.62665,0.63892,0.55233,0.57745,0.61181,0.60222,0.54007,0.62196,0.64869,0.57765,0.33586,0.37564,0.60235,0.5618,0.59896,0.56427,0.56814,0.17808
0.60801,0.58957,0.71808,0.75599,0.73256,0.75094,0.72263,0.72807,0.75488,0.76261,0.61404,0.61238,0.70324,0.69339,0.80389,0.7435,0.41504,0.43913,0.58975,0.5406,0.56766,0.57026,0.77502,0.7687,0.88954,0.86603,0.87696,1,0.43413,0.48395,0.64727,0.60777,0.5548,0.51222,0.57178,0.58138,0.61258,0.56293,0.63444,0.51628,0.45574,0.44485,0.524,0.51034,0.47895,0.50431,0.52831,0.51743,0.55525,0.54883,0.57363,0.5293,0.49172,0.51166,0.6011,0.58549,0.52817,0.53482,0.55457,0.55254,0.55331,0.51031,0.60715,0.53864,0.63553,0.61551,0.59728,0.55042,0.53152,0.52325,0.57842,0.68538,0.49083,0.51699,0.50289,0.51267,0.46596,0.48435,0.32284,0.29212,0.42369,0.43712,0.66795,0.55391,0.64562,0.59206,0.73688,0.70007,0.72153,0.68876,0.66137,0.62324,0.69039,0.65483,0.32568,0.19223,0.54517,0.50813,0.6274,0.61943,0.61165,0.60511,0.63111,0.60276,0.59942,0.65281,0.58559,0.53223,0.26724,0.29749,0.58415,0.55474,0.59626,0.55334,0.55279,0.048596
0.62697,0.69581,0.61903,0.57052,0.57421,0.58633,0.66207,0.67371,0.60546,0.62668,0.75874,0.65612,0.68466,0.69486,0.75611,0.75369,0.89541,0.8685,0.63096,0.67053,0.56113,0.5872,0.59994,0.55607,0.52665,0.65222,0.33296,0.43413,1,0.94721,0.80001,0.81528,0.71172,0.73976,0.51553,0.53772,0.6306,0.54485,0.61499,0.60734,0.76469,0.71049,0.62033,0.61839,0.58303,0.60637,0.63149,0.60064,0.58684,0.45301,0.46141,0.3901,0.50863,0.41524,0.58353,0.55455,0.75391,0.67089,0.56837,0.47059,0.53595,0.34436,0.71118,0.5953,0.37786,0.3256,0.57491,0.58303,0.62317,0.60631,0.50687,0.60648,0.70166,0.59878,0.62814,0.59673,0.49057,0.54309,0.84948,0.84194,0.70659,0.69909,0.83459,0.85578,0.27648,0.24256,0.66366,0.60639,0.39934,0.37949,0.35801,0.30041,0.4535,0.36775,0.40191,0.36916,0.51917,0.41175,0.47728,0.4252,0.46876,0.43222,0.45529,0.4327,0.4909,0.47873,0.30918,0.33018,0.36494,0.2961,0.45471,0.41979,0.42402,0.47269,0.45318,-0.073951
0.63343,0.72698,0.63769,0.62186,0.61183,0.62084,0.6771,0.71367,0.63585,0.68695,0.72414,0.6963,0.69939,0.75088,0.76445,0.80884,0.86894,0.87915,0.63119,0.68866,0.54081,0.58353,0.64594,0.61209,0.57228,0.7103,0.35205,0.48395,0.94721,1,0.82943,0.86118,0.72859,0.76476,0.53514,0.56302,0.64869,0.59071,0.64822,0.66414,0.77323,0.73861,0.6274,0.64204,0.58424,0.63616,0.64474,0.62559,0.59429,0.48618,0.49122,0.4221,0.53113,0.4288,0.62038,0.59557,0.75856,0.71037,0.59604,0.51337,0.57098,0.406,0.717,0.6523,0.43222,0.39292,0.5948,0.62573,0.63469,0.61348,0.54773,0.64736,0.71907,0.63829,0.66479,0.62184,0.49078,0.54689,0.80216,0.82003,0.67734,0.69635,0.80614,0.86225,0.32882,0.30513,0.6701,0.6473,0.42836,0.42152,0.37791,0.31951,0.49449,0.42109,0.44176,0.37523,0.53873,0.4483,0.49794,0.45608,0.54028,0.50118,0.50123,0.49488,0.544,0.55219,0.34074,0.3841,0.38062,0.33735,0.46976,0.41344,0.43205,0.48859,0.48973,-0.017977
0.68234,0.71545,0.77,0.72601,0.66189,0.62579,0.77442,0.76161,0.71482,0.68635,0.73913,0.6567,0.72564,0.74862,0.76368,0.76986,0.7607,0.77004,0.70375,0.72028,0.64313,0.65927,0.81409,0.77659,0.69767,0.82696,0.58048,0.64727,0.80001,0.82943,1,0.96487,0.77656,0.79457,0.66549,0.69307,0.72219,0.66648,0.72995,0.67258,0.69783,0.67337,0.68781,0.67637,0.6437,0.6729,0.71399,0.67723,0.63798,0.53803,0.53393,0.47472,0.50739,0.44635,0.66178,0.61639,0.74792,0.69973,0.61524,0.55922,0.56916,0.46123,0.6901,0.63651,0.58378,0.53557,0.70345,0.6959,0.69574,0.68991,0.6091,0.72853,0.72733,0.66662,0.69122,0.65305,0.56727,0.62569,0.6778,0.65246,0.61513,0.63949,0.74311,0.74452,0.46457,0.44926,0.6321,0.62713,0.56386,0.52288,0.53736,0.4845,0.61263,0.55457,0.4929,0.39886,0.65519,0.57451,0.61242,0.56933,0.54901,0.55154,0.5743,0.57474,0.61908,0.62584,0.49716,0.47079,0.43255,0.36828,0.62777,0.56122,0.57453,0.61635,0.59951,-0.013101
0.71804,0.75323,0.76811,0.74452,0.6888,0.6544,0.77962,0.78365,0.71199,0.69942,0.73686,0.689,0.73379,0.76511,0.74624,0.79028,0.80138,0.81564,0.7175,0.75456,0.56845,0.62065,0.80541,0.79556,0.66085,0.82033,0.50484,0.60777,0.81528,0.86118,0.96487,1,0.8134,0.8435,0.70468,0.73428,0.70818,0.65073,0.72023,0.67512,0.69406,0.67118,0.71359,0.70675,0.65505,0.71521,0.7277,0.7005,0.64782,0.56282,0.54492,0.48057,0.52968,0.4522,0.66931,0.6191,0.78867,0.74463,0.65332,0.58861,0.59384,0.49839,0.71515,0.69329,0.59137,0.57574,0.73282,0.74824,0.72054,0.71957,0.55506,0.70059,0.70041,0.63467,0.6609,0.62058,0.54659,0.60978,0.7225,0.69826,0.64639,0.66526,0.73631,0.75551,0.46335,0.45814,0.62493,0.60289,0.55882,0.51082,0.5136,0.45285,0.60689,0.5264,0.47201,0.36615,0.63004,0.539,0.58675,0.54102,0.5393,0.53098,0.54782,0.54506,0.61282,0.60126,0.44381,0.42743,0.40391,0.32753,0.59466,0.52873,0.55132,0.58297,0.56418,-0.045869
0.86404,0.91071,0.85902,0.82694,0.81038,0.78804,0.8538,0.84409,0.7539,0.72294,0.75173,0.72375,0.73565,0.7119,0.70928,0.71587,0.82936,0.81495,0.91278,0.93497,0.41737,0.51733,0.79087,0.79128,0.60397,0.68805,0.45872,0.5548,0.71172,0.72859,0.77656,0.8134,1,0.98215,0.86432,0.897,0.8212,0.77025,0.80329,0.75061,0.69183,0.68326,0.83298,0.81251,0.75644,0.83372,0.83228,0.82658,0.76355,0.74516,0.69012,0.65766,0.64818,0.6168,0.74871,0.74956,0.91639,0.90714,0.83938,0.78287,0.71718,0.65962,0.8101,0.81616,0.68299,0.69484,0.9215,0.91017,0.9345,0.93365,0.51293,0.6876,0.73977,0.70884,0.67642,0.67672,0.71071,0.76808,0.76258,0.6729,0.71257,0.70556,0.67801,0.65709,0.53422,0.5101,0.59639,0.49655,0.69959,0.65731,0.61097,0.59623,0.70137,0.58847,0.56048,0.42684,0.78159,0.70612,0.69042,0.65639,0.5858,0.56324,0.63135,0.63345,0.72552,0.69706,0.48407,0.47246,0.48026,0.42857,0.76279,0.70773,0.692,0.70755,0.67135,-0.087419
0.85717,0.91508,0.83022,0.79465,0.78088,0.7575,0.82647,0.82178,0.71704,0.69365,0.75393,0.72311,0.72017,0.70427,0.68536,0.7155,0.85556,0.85296,0.8926,0.93268,0.38512,0.48908,0.7781,0.77555,0.57842,0.67522,0.41154,0.51222,0.73976,0.76476,0.79457,0.8435,0.98215,1,0.84364,0.87634,0.77748,0.72686,0.77995,0.73479,0.67853,0.66351,0.83036,0.81412,0.7493,0.8368,0.83271,0.82319,0.75108,0.7199,0.6646,0.62852,0.64454,0.5902,0.73747,0.73004,0.91732,0.90732,0.81807,0.7662,0.70565,0.6431,0.81211,0.8222,0.64728,0.66666,0.89461,0.90629,0.90698,0.91599,0.46341,0.63868,0.70951,0.66382,0.64369,0.63106,0.64913,0.72091,0.78834,0.71531,0.71566,0.71855,0.67574,0.66885,0.50215,0.4846,0.57761,0.47273,0.64326,0.60743,0.5465,0.52811,0.64187,0.52836,0.53153,0.40068,0.73787,0.65108,0.63723,0.59631,0.53604,0.51198,0.56731,0.57132,0.67814,0.64358,0.4278,0.42336,0.45096,0.39103,0.70469,0.64855,0.62462,0.64318,0.61351,-0.10499
0.85096,0.84482,0.80529,0.79283,0.72272,0.6973,0.81038,0.78433,0.69282,0.63961,0.71419,0.74264,0.74743,0.70697,0.66539,0.69648,0.65853,0.68482,0.80015,0.79315,0.31825,0.40514,0.84996,0.8693,0.57924,0.68568,0.47637,0.57178,0.51553,0.53514,0.66549,0.70468,0.86432,0.84364,1,0.95061,0.75758,0.70207,0.70603,0.64252,0.52596,0.54554,0.82237,0.79367,0.74155,0.81659,0.80453,0.79886,0.74037,0.74244,0.6943,0.65249,0.64117,0.61335,0.70535,0.69622,0.80426,0.82666,0.79484,0.77395,0.72315,0.72638,0.76564,0.76596,0.79919,0.8359,0.90201,0.89746,0.77964,0.81584,0.43409,0.61748,0.55656,0.53953,0.53612,0.51899,0.55387,0.61282,0.64466,0.55121,0.65997,0.69075,0.61777,0.60052,0.72514,0.70269,0.56975,0.50217,0.73049,0.69197,0.65238,0.61519,0.69918,0.5949,0.42334,0.29907,0.66396,0.57584,0.64306,0.60881,0.51348,0.49026,0.5711,0.56971,0.71762,0.67128,0.45468,0.40448,0.38762,0.28534,0.67174,0.64773,0.63341,0.59933,0.61962,-0.099643
0.83022,0.84766,0.82507,0.83563,0.76446,0.74576,0.82646,0.82141,0.73039,0.66768,0.68829,0.72068,0.71963,0.69742,0.64986,0.67609,0.67119,0.69649,0.80819,0.81927,0.39484,0.49318,0.81719,0.85526,0.58773,0.70352,0.49385,0.58138,0.53772,0.56302,0.69307,0.73428,0.897,0.87634,0.95061,1,0.81218,0.76946,0.76588,0.69773,0.58547,0.59832,0.82342,0.79266,0.73876,0.83419,0.81291,0.81143,0.74888,0.78433,0.73076,0.7081,0.65198,0.65877,0.72903,0.74275,0.81118,0.83538,0.79922,0.79805,0.6931,0.73342,0.74176,0.79075,0.76433,0.82492,0.93606,0.92976,0.82565,0.8612,0.48434,0.65945,0.60977,0.60293,0.56459,0.57669,0.6402,0.68943,0.62853,0.53767,0.64924,0.66896,0.60995,0.59762,0.63736,0.65001,0.56048,0.48715,0.74678,0.71998,0.7052,0.68663,0.76164,0.64665,0.46108,0.31851,0.72691,0.64588,0.7013,0.67974,0.57387,0.56205,0.63748,0.63439,0.74261,0.69533,0.50816,0.45926,0.41937,0.32584,0.75063,0.72824,0.71874,0.68271,0.65857,-0.071204
0.74978,0.76725,0.8353,0.82672,0.76595,0.74941,0.81358,0.80798,0.76541,0.70784,0.69003,0.69352,0.7116,0.70225,0.7183,0.68249,0.66051,0.66291,0.80113,0.77955,0.62979,0.66595,0.76609,0.74648,0.61654,0.67707,0.5342,0.61258,0.6306,0.64869,0.72219,0.70818,0.8212,0.77748,0.75758,0.81218,1,0.93979,0.88024,0.79166,0.77882,0.76182,0.69965,0.67862,0.63263,0.67626,0.71395,0.72034,0.66368,0.69354,0.68785,0.65649,0.62026,0.65508,0.74918,0.78974,0.72712,0.71062,0.69379,0.68004,0.61738,0.57498,0.66784,0.63852,0.6421,0.62879,0.82299,0.7519,0.78349,0.76535,0.72597,0.82235,0.77851,0.78558,0.73126,0.75192,0.79679,0.81717,0.58366,0.53496,0.66198,0.64427,0.69477,0.66121,0.59278,0.56962,0.66929,0.61146,0.80326,0.75863,0.76981,0.75429,0.80821,0.73414,0.59526,0.50383,0.7934,0.76759,0.78363,0.78385,0.69463,0.66392,0.76425,0.75521,0.8064,0.76639,0.6234,0.59134,0.59685,0.48626,0.82263,0.8131,0.81601,0.81744,0.74911,0.18556
0.66174,0.70522,0.76047,0.7656,0.70315,0.68993,0.72815,0.73587,0.69194,0.64598,0.60841,0.63457,0.6413,0.63245,0.64408,0.61591,0.56871,0.59204,0.73701,0.73418,0.58467,0.63981,0.70923,0.69756,0.56801,0.62947,0.48274,0.56293,0.54485,0.59071,0.66648,0.65073,0.77025,0.72686,0.70207,0.76946,0.93979,1,0.86546,0.84498,0.74284,0.78661,0.6365,0.62174,0.56556,0.62044,0.65088,0.66707,0.58439,0.6449,0.62659,0.62062,0.5558,0.59958,0.69946,0.76431,0.64523,0.66111,0.63636,0.64991,0.54677,0.53619,0.5736,0.59108,0.5931,0.59632,0.77338,0.71462,0.74616,0.74081,0.69273,0.7881,0.7517,0.7781,0.70322,0.73629,0.74976,0.77364,0.49522,0.45525,0.59131,0.59046,0.61012,0.59418,0.56156,0.5588,0.61016,0.58975,0.75602,0.73011,0.73061,0.72777,0.77851,0.73232,0.61849,0.55697,0.78351,0.7872,0.73582,0.7478,0.69645,0.67976,0.7601,0.76007,0.80507,0.77899,0.63996,0.6129,0.58455,0.50564,0.80641,0.77361,0.7764,0.79812,0.7438,0.19023
0.72509,0.77072,0.79911,0.79529,0.76287,0.76445,0.76613,0.76996,0.73277,0.71122,0.63173,0.62941,0.65711,0.64977,0.69627,0.68714,0.63888,0.65159,0.78715,0.79304,0.65738,0.71316,0.75478,0.74293,0.64804,0.7002,0.5154,0.63444,0.61499,0.64822,0.72995,0.72023,0.80329,0.77995,0.70603,0.76588,0.88024,0.86546,1,0.90008,0.75489,0.75311,0.70865,0.68822,0.63634,0.70164,0.72436,0.71944,0.66988,0.68431,0.65581,0.63641,0.60324,0.58456,0.77583,0.77127,0.73088,0.74102,0.71344,0.69696,0.62581,0.56545,0.65406,0.643,0.60223,0.59354,0.80592,0.76864,0.78372,0.77172,0.56762,0.69921,0.68229,0.6945,0.63419,0.67842,0.62275,0.66996,0.55361,0.50074,0.59208,0.58409,0.66626,0.63939,0.51342,0.48789,0.67528,0.6106,0.73837,0.67825,0.63576,0.62146,0.68189,0.60761,0.57179,0.48895,0.73949,0.68133,0.67249,0.65436,0.59286,0.58914,0.62378,0.63054,0.70541,0.68008,0.54121,0.53174,0.48184,0.42031,0.72122,0.6845,0.65837,0.66043,0.62316,0.029995
0.62909,0.70915,0.68608,0.69835,0.64598,0.67546,0.65337,0.68736,0.62135,0.64549,0.55633,0.57105,0.60159,0.59966,0.64032,0.66594,0.60179,0.63256,0.68354,0.71986,0.60772,0.69364,0.66236,0.66736,0.53976,0.64528,0.38335,0.51628,0.60734,0.66414,0.67258,0.67512,0.75061,0.73479,0.64252,0.69773,0.79166,0.84498,0.90008,1,0.76111,0.81501,0.6431,0.64055,0.57076,0.65739,0.65221,0.66514,0.58258,0.60695,0.55252,0.55827,0.52218,0.47237,0.68055,0.72096,0.67732,0.71592,0.65466,0.64056,0.57568,0.51489,0.58254,0.62125,0.54516,0.53713,0.73089,0.73325,0.71164,0.70756,0.48344,0.61855,0.66194,0.65631,0.61871,0.62748,0.5249,0.57491,0.53186,0.48845,0.52118,0.54409,0.60129,0.63728,0.42404,0.40203,0.60039,0.56792,0.59414,0.57982,0.5034,0.48544,0.59317,0.52646,0.59818,0.56849,0.66267,0.62101,0.55373,0.54571,0.56248,0.55421,0.55916,0.57725,0.65629,0.64605,0.45872,0.47831,0.50017,0.46567,0.62912,0.56405,0.5361,0.56961,0.57468,-0.035872
0.55097,0.61622,0.62157,0.58916,0.57615,0.62718,0.60834,0.6388,0.56847,0.61412,0.57616,0.54298,0.56377,0.57488,0.66264,0.6362,0.71817,0.68627,0.64093,0.65851,0.68221,0.70075,0.58568,0.55598,0.50079,0.60846,0.32782,0.45574,0.76469,0.77323,0.69783,0.69406,0.69183,0.67853,0.52596,0.58547,0.77882,0.74284,0.75489,0.76111,1,0.87106,0.5492,0.53669,0.50397,0.51971,0.56574,0.55402,0.51069,0.45778,0.46142,0.42032,0.45417,0.42886,0.56947,0.60234,0.66925,0.59747,0.5181,0.45373,0.45284,0.31591,0.55975,0.49253,0.38183,0.32283,0.59302,0.54101,0.64227,0.60521,0.59793,0.66979,0.8015,0.75614,0.71279,0.68647,0.60958,0.62721,0.64396,0.61516,0.60816,0.58156,0.68552,0.69064,0.31957,0.28963,0.65508,0.5984,0.50618,0.46272,0.46489,0.45694,0.55009,0.45498,0.48064,0.42081,0.59092,0.54132,0.5554,0.56053,0.50648,0.47841,0.53262,0.52981,0.55958,0.53611,0.36056,0.38131,0.42812,0.39504,0.58944,0.58914,0.57007,0.58265,0.51762,0.0036038
0.55318,0.61513,0.59496,0.57222,0.52676,0.5525,0.59519,0.60369,0.56025,0.55751,0.55588,0.53624,0.5553,0.57676,0.61684,0.62459,0.66146,0.66856,0.61108,0.64122,0.61763,0.67806,0.56151,0.54875,0.48398,0.58095,0.354,0.44485,0.71049,0.73861,0.67337,0.67118,0.68326,0.66351,0.54554,0.59832,0.76182,0.78661,0.75311,0.81501,0.87106,1,0.54932,0.542,0.49175,0.53023,0.57026,0.56228,0.4964,0.45191,0.47198,0.40964,0.48548,0.41983,0.59622,0.60918,0.65136,0.60234,0.51979,0.46928,0.46756,0.35949,0.53766,0.49918,0.42873,0.38679,0.58893,0.56245,0.64486,0.60648,0.60292,0.68348,0.78449,0.76552,0.72331,0.6962,0.61877,0.64817,0.60968,0.57978,0.54865,0.55602,0.64344,0.70242,0.33773,0.31514,0.59229,0.58236,0.51332,0.48151,0.45407,0.43423,0.53792,0.47255,0.55207,0.52789,0.62697,0.59361,0.55259,0.55454,0.534,0.50248,0.56735,0.56691,0.60912,0.60773,0.42166,0.47153,0.52314,0.48296,0.60634,0.56263,0.54389,0.60352,0.57376,0.017812
0.79494,0.84628,0.7899,0.77586,0.75276,0.72963,0.79612,0.78642,0.72138,0.66296,0.68585,0.67218,0.68696,0.67967,0.65086,0.67805,0.7526,0.77073,0.74147,0.76129,0.3616,0.4435,0.73829,0.75368,0.57847,0.65742,0.44606,0.524,0.62033,0.6274,0.68781,0.71359,0.83298,0.83036,0.82237,0.82342,0.69965,0.6365,0.70865,0.6431,0.5492,0.54932,1,0.97699,0.94882,0.94697,0.97983,0.9627,0.92355,0.80197,0.75072,0.71768,0.67684,0.63719,0.80153,0.75327,0.83457,0.84197,0.78,0.7642,0.66285,0.65717,0.76087,0.7419,0.67424,0.66931,0.88484,0.86955,0.7766,0.7969,0.41882,0.60291,0.55006,0.53025,0.52842,0.52106,0.53598,0.58049,0.72622,0.64028,0.67811,0.69676,0.63615,0.62861,0.52713,0.51931,0.5843,0.49305,0.63355,0.61206,0.56622,0.55582,0.60406,0.52267,0.43422,0.30883,0.73798,0.59185,0.73124,0.65347,0.51508,0.50601,0.55655,0.5713,0.6674,0.64549,0.44627,0.45294,0.37969,0.31749,0.67345,0.66071,0.57137,0.60205,0.6158,-0.077915
