1,0.81869,0.74395,0.71121,0.43956,0.47132,0.62281,0.64625,0.53225,0.40306,0.66279,0.64117,0.6994,0.62164,0.65389,0.46297,0.72818,0.70056,0.87337,0.86201,0.51435,0.53729,0.68916,0.61817,0.64366,0.65402,0.63783,0.5736,0.60794,0.55556,0.52207,0.54471,0.7086,0.69434,0.58321,0.50513,0.51343,0.49949,0.67792,0.66711,0.40328,0.55483,0.62386,0.57564,0.62662,0.55366,0.63045,0.61445,0.64047,0.54059,0.58267,0.55209,0.39416,0.40659,0.72571,0.59783,0.84788,0.69253,0.66847,0.66074,0.68804,0.41583,0.79168,0.54794,0.49325,0.57012,0.70477,0.64811,0.72235,0.61646,0.054501,0.19998,0.49001,0.52862,0.23954,0.40551,0.39519,0.37401,0.58303,0.65774,0.65631,0.71538,0.64336,0.59739,0.63195,0.43561,0.65572,0.47637,0.67308,0.45732,0.53207,0.4677,0.37407,0.43959,0.56475,0.52531,0.62505,0.60722,0.64961,0.64797,0.52546,0.46349,0.51792,0.49706,0.48439,0.33267,0.32812,0.31183,0.21239,0.40116,0.61954,0.67504,0.57037,0.49375,0.40751,0.033756
0.81869,1,0.5652,0.6335,0.32807,0.29576,0.46876,0.5723,0.5241,0.25667,0.48409,0.42537,0.4995,0.40912,0.61739,0.42453,0.79562,0.8748,0.75413,0.9001,0.4808,0.51949,0.54145,0.47269,0.60894,0.62725,0.5174,0.43947,0.65529,0.64951,0.57372,0.58957,0.79177,0.80361,0.65563,0.64717,0.4229,0.4143,0.60303,0.67062,0.33869,0.57328,0.77689,0.75384,0.76433,0.72432,0.7728,0.77057,0.64942,0.61904,0.37366,0.44817,0.11952,0.28673,0.62219,0.59234,0.92045,0.86515,0.47644,0.56209,0.45623,0.25151,0.72865,0.54853,0.39374,0.40643,0.76211,0.77662,0.83628,0.79909,0.026816,0.14545,0.55781,0.63714,0.28936,0.43434,0.5219,0.55034,0.61155,0.80862,0.57037,0.67718,0.63547,0.66457,0.38991,0.23049,0.4626,0.30767,0.42843,0.13318,0.33291,0.27105,0.21833,0.30957,0.69307,0.67781,0.79742,0.70069,0.61152,0.58356,0.44918,0.35189,0.55596,0.40619,0.478,0.33946,0.35392,0.37216,0.30829,0.49434,0.70554,0.72679,0.60613,0.68677,0.5608,-0.0094356
0.74395,0.5652,1,0.78562,0.60752,0.51536,0.82219,0.67116,0.65764,0.3816,0.57442,0.53205,0.69891,0.55405,0.64707,0.41688,0.54736,0.42906,0.76251,0.68325,0.61145,0.5929,0.90656,0.81202,0.77729,0.69449,0.73968,0.61565,0.49147,0.39269,0.66407,0.5894,0.55722,0.55478,0.58683,0.43689,0.51859,0.43218,0.58294,0.49698,0.39559,0.4283,0.48546,0.44726,0.56848,0.45889,0.46821,0.43793,0.45279,0.37651,0.6293,0.48996,0.45048,0.42246,0.59906,0.45462,0.54308,0.38873,0.42239,0.41944,0.58919,0.37557,0.60963,0.33817,0.6245,0.55172,0.63819,0.52232,0.45909,0.3617,0.1646,0.3571,0.4497,0.40157,0.3244,0.43357,0.2961,0.21997,0.47942,0.44559,0.58235,0.61445,0.5912,0.48104,0.63408,0.48877,0.55415,0.41703,0.63795,0.39176,0.62427,0.61069,0.49301,0.55082,0.37205,0.38369,0.48329,0.4535,0.65854,0.59417,0.53138,0.47148,0.49661,0.48131,0.53087,0.43052,0.29995,0.278,0.27435,0.33363,0.49301,0.57908,0.44133,0.35117,0.35352,-0.010141
0.71121,0.6335,0.78562,1,0.55643,0.56344,0.76714,0.84511,0.65185,0.56754,0.47825,0.57598,0.55807,0.66759,0.56248,0.51464,0.56031,0.50365,0.69461,0.72253,0.53378,0.52903,0.74193,0.76451,0.64059,0.68722,0.63862,0.56446,0.47381,0.43881,0.55103,0.58856,0.65974,0.68216,0.64785,0.58496,0.42104,0.38826,0.52352,0.49235,0.3222,0.43088,0.43685,0.41393,0.52568,0.44072,0.45189,0.4406,0.48251,0.39898,0.58744,0.43546,0.3216,0.29865,0.5078,0.35619,0.56593,0.53074,0.4655,0.58466,0.57039,0.56108,0.59825,0.60267,0.67815,0.65714,0.6852,0.65394,0.53462,0.42094,0.11829,0.29207,0.51631,0.47428,0.27487,0.39357,0.44327,0.41311,0.45239,0.42614,0.50211,0.58486,0.51856,0.49726,0.54519,0.47581,0.42727,0.37942,0.55085,0.42118,0.63523,0.51853,0.613,0.53107,0.41141,0.49821,0.56859,0.52938,0.62758,0.52147,0.5855,0.41248,0.59278,0.48769,0.55209,0.4584,0.3678,0.24643,0.32198,0.3744,0.58522,0.63702,0.50617,0.47342,0.42637,-0.011638
0.43956,0.32807,0.60752,0.55643,1,0.72998,0.62534,0.52992,0.62797,0.5181,0.33612,0.39547,0.5444,0.42267,0.60919,0.38658,0.32139,0.24255,0.42462,0.43521,0.46406,0.45477,0.58799,0.53011,0.59161,0.58526,0.73058,0.60928,0.24702,0.23115,0.30169,0.25299,0.45122,0.42606,0.50029,0.44664,0.40903,0.37978,0.40655,0.36722,0.10791,0.26855,0.32404,0.28573,0.34462,0.25463,0.28978,0.30811,0.32931,0.27836,0.60764,0.46859,0.42425,0.29211,0.44952,0.34153,0.33458,0.23501,0.35259,0.34447,0.53242,0.48431,0.37582,0.28906,0.5466,0.57465,0.50769,0.42915,0.35392,0.2915,-0.079851,0.19085,0.19501,0.23491,0.18201,0.35997,0.21629,0.19129,0.26905,0.25848,0.34137,0.42332,0.41983,0.36992,0.40763,0.35649,0.40203,0.31227,0.66044,0.4443,0.47321,0.4625,0.41493,0.39784,0.33344,0.29607,0.34635,0.29591,0.4245,0.29035,0.32788,0.26278,0.29833,0.22454,0.3406,0.28157,0.27954,0.09019,0.20106,0.29258,0.36957,0.35545,0.28174,0.17031,0.25548,-0.11173
0.47132,0.29576,0.51536,0.56344,0.72998,1,0.50942,0.54329,0.51191,0.70529,0.31087,0.5221,0.46828,0.58371,0.51,0.40463,0.29002,0.21329,0.41915,0.43682,0.28057,0.32797,0.49519,0.51097,0.44038,0.5486,0.64014,0.67595,0.18682,0.19662,0.15625,0.16628,0.39651,0.37941,0.41488,0.34005,0.25975,0.25393,0.35545,0.32392,0.049856,0.17271,0.22462,0.2145,0.27445,0.2102,0.23939,0.25149,0.31843,0.23288,0.55302,0.44414,0.4154,0.29645,0.4389,0.30354,0.28336,0.2083,0.40367,0.42201,0.55714,0.61428,0.36992,0.34358,0.48106,0.60424,0.42006,0.39789,0.31578,0.24541,-0.10126,0.11842,0.13237,0.20309,0.055094,0.28776,0.18001,0.1899,0.21688,0.1522,0.29298,0.33294,0.3777,0.31003,0.40669,0.30724,0.43032,0.28915,0.64915,0.5353,0.43722,0.35505,0.36585,0.28608,0.25423,0.27707,0.32309,0.2996,0.39314,0.25942,0.27407,0.17637,0.21257,0.15519,0.26751,0.21634,0.28579,0.11329,0.127,0.27711,0.35877,0.32337,0.1685,0.13835,0.25247,-0.099872
0.62281,0.46876,0.82219,0.76714,0.62534,0.50942,1,0.87221,0.70277,0.49661,0.48685,0.52382,0.69821,0.53617,0.55913,0.42603,0.49975,0.40497,0.69205,0.62966,0.57082,0.54199,0.69109,0.58269,0.60052,0.60687,0.52981,0.41381,0.50312,0.4718,0.61995,0.608,0.63572,0.62943,0.51311,0.47886,0.44541,0.3616,0.46016,0.3891,0.31216,0.37918,0.39826,0.35649,0.45305,0.36715,0.4145,0.3665,0.46118,0.34089,0.5639,0.41897,0.40038,0.25769,0.52256,0.37162,0.43434,0.29428,0.52492,0.44918,0.65815,0.57612,0.50561,0.46567,0.59329,0.59293,0.58148,0.50334,0.38587,0.34623,0.22545,0.41872,0.5166,0.46982,0.37887,0.51268,0.42434,0.38386,0.48629,0.4434,0.47788,0.4987,0.51977,0.49373,0.45299,0.31805,0.3019,0.20708,0.6077,0.39251,0.64069,0.53092,0.50215,0.48209,0.32983,0.30447,0.45546,0.40857,0.63878,0.46744,0.5496,0.45359,0.49631,0.40797,0.427,0.32816,0.3127,0.34716,0.24269,0.27148,0.45862,0.57386,0.50503,0.38457,0.34605,0.046429
0.64625,0.5723,0.67116,0.84511,0.52992,0.54329,0.87221,1,0.67545,0.57571,0.43128,0.56429,0.59801,0.60716,0.52206,0.45966,0.53099,0.49432,0.67207,0.67826,0.48153,0.50148,0.56921,0.52222,0.53523,0.64993,0.44515,0.40412,0.52446,0.5328,0.54774,0.59888,0.71296,0.71623,0.54573,0.55443,0.35955,0.31217,0.42806,0.41783,0.24593,0.35531,0.42899,0.39826,0.48038,0.41604,0.45345,0.40606,0.51851,0.38837,0.52474,0.39485,0.2905,0.12345,0.4999,0.33817,0.50466,0.45522,0.57517,0.57945,0.64339,0.69465,0.52747,0.63329,0.56911,0.68715,0.63216,0.62093,0.46662,0.43839,0.14676,0.33345,0.53284,0.50935,0.32607,0.47008,0.52576,0.51846,0.45356,0.45878,0.41749,0.45555,0.48642,0.48868,0.38382,0.24651,0.26016,0.14919,0.55889,0.38665,0.61694,0.43879,0.52866,0.45207,0.36861,0.39813,0.56599,0.50648,0.66179,0.46752,0.58726,0.41864,0.57258,0.42025,0.42895,0.31772,0.38509,0.35229,0.25516,0.30813,0.53141,0.61514,0.55569,0.47465,0.41812,0.012721
0.53225,0.5241,0.65764,0.65185,0.62797,0.51191,0.70277,0.67545,1,0.58666,0.42457,0.42415,0.63022,0.51342,0.68754,0.57178,0.55291,0.47512,0.59405,0.60709,0.53386,0.51377,0.62499,0.54107,0.61034,0.61586,0.56432,0.46955,0.54163,0.49592,0.56947,0.57241,0.65637,0.66386,0.59071,0.56493,0.44418,0.34054,0.45899,0.40381,0.28363,0.43775,0.46329,0.43242,0.49982,0.42342,0.46971,0.45196,0.50523,0.40107,0.49122,0.37301,0.32451,0.20908,0.53004,0.38673,0.4937,0.39719,0.49,0.47517,0.6498,0.5421,0.56384,0.46229,0.60283,0.54512,0.64336,0.5834,0.49715,0.44455,0.05111,0.29363,0.57221,0.52269,0.3652,0.50293,0.53495,0.45222,0.47976,0.50463,0.42887,0.47801,0.57077,0.5386,0.40656,0.24761,0.37677,0.21184,0.56888,0.30702,0.52942,0.43207,0.43572,0.45817,0.34566,0.43243,0.49697,0.48226,0.57811,0.486,0.56812,0.48416,0.57727,0.47742,0.53845,0.40157,0.43701,0.46673,0.2976,0.35806,0.50367,0.58997,0.47423,0.43544,0.40419,0.052486
0.40306,0.25667,0.3816,0.56754,0.5181,0.70529,0.49661,0.57571,0.58666,1,0.31743,0.50071,0.44637,0.62264,0.45834,0.55733,0.25037,0.19292,0.41061,0.38341,0.19733,0.21009,0.40838,0.42216,0.30723,0.41749,0.44692,0.47178,0.14172,0.16631,0.08869,0.1519,0.34034,0.33258,0.35659,0.32825,0.22417,0.19407,0.30951,0.26589,0.055324,0.12972,0.14088,0.11856,0.1735,0.11406,0.18884,0.149,0.2455,0.068931,0.41562,0.27496,0.33808,0.15463,0.4086,0.18371,0.25493,0.14929,0.32368,0.4088,0.55389,0.69903,0.32065,0.35148,0.59052,0.62695,0.37039,0.33796,0.308,0.21615,-0.074048,0.11191,0.23269,0.26452,0.054503,0.21652,0.25472,0.24273,0.16735,0.13199,0.22557,0.25628,0.33063,0.2464,0.40341,0.24645,0.32408,0.20574,0.58132,0.53822,0.45204,0.262,0.44767,0.28049,0.27024,0.32729,0.30164,0.29697,0.33895,0.16847,0.32444,0.21945,0.31745,0.28361,0.38403,0.25467,0.23985,0.25564,0.11653,0.27633,0.34774,0.30762,0.25564,0.19552,0.31869,0.0026388
0.66279,0.48409,0.57442,0.47825,0.33612,0.31087,0.48685,0.43128,0.42457,0.31743,1,0.70602,0.8077,0.64375,0.62312,0.57209,0.66016,0.48408,0.71707,0.54989,0.38449,0.35155,0.58404,0.52739,0.46169,0.44961,0.55574,0.48229,0.58444,0.45895,0.42244,0.42323,0.39528,0.39773,0.3873,0.26896,0.4016,0.38576,0.53847,0.45294,0.36409,0.39704,0.26587,0.21852,0.29294,0.21812,0.36831,0.29746,0.2832,0.26045,0.43319,0.45647,0.49884,0.4816,0.5628,0.40689,0.54035,0.37198,0.34485,0.37915,0.54693,0.3175,0.6774,0.29238,0.4433,0.43877,0.36327,0.31046,0.32501,0.2104,0.042135,0.088255,0.36276,0.34428,0.16455,0.28521,0.19947,0.13222,0.60919,0.50662,0.75611,0.66722,0.62203,0.49955,0.70122,0.52532,0.54985,0.56372,0.53758,0.46141,0.48843,0.486,0.35918,0.32783,0.35185,0.30662,0.35736,0.28542,0.50034,0.50713,0.36462,0.36654,0.39544,0.41908,0.43999,0.37224,0.073159,0.2772,0.16255,0.2096,0.33767,0.44907,0.37785,0.29783,0.25388,0.092675
0.64117,0.42537,0.53205,0.57598,0.39547,0.5221,0.52382,0.56429,0.42415,0.50071,0.70602,1,0.67722,0.85253,0.52832,0.56826,0.56409,0.44633,0.63268,0.56305,0.39157,0.36491,0.55065,0.52993,0.43697,0.54718,0.54935,0.53785,0.50302,0.51744,0.35639,0.40032,0.44914,0.4453,0.33775,0.27331,0.32495,0.32444,0.46247,0.40483,0.20874,0.27479,0.19934,0.1887,0.24137,0.17912,0.30392,0.24235,0.32068,0.27279,0.50596,0.51839,0.53437,0.46384,0.58195,0.44018,0.44123,0.32814,0.43825,0.46913,0.60136,0.59308,0.53674,0.49819,0.40287,0.55921,0.32951,0.30978,0.32873,0.22386,0.14281,0.10497,0.28211,0.29627,0.027105,0.18232,0.18961,0.1642,0.48484,0.40465,0.55808,0.51373,0.53203,0.47877,0.55562,0.40686,0.51297,0.44313,0.61325,0.70454,0.51878,0.39319,0.38665,0.24842,0.27269,0.26731,0.33741,0.23707,0.49917,0.34661,0.37296,0.23638,0.35308,0.24301,0.29916,0.20877,0.09476,0.23624,0.054505,0.18636,0.30995,0.37011,0.25139,0.17076,0.14623,0.11552
0.6994,0.4995,0.69891,0.55807,0.5444,0.46828,0.69821,0.59801,0.63022,0.44637,0.8077,0.67722,1,0.68742,0.79672,0.60865,0.59929,0.4601,0.70645,0.61536,0.46223,0.45898,0.6876,0.5682,0.57988,0.56792,0.6205,0.49878,0.56211,0.47689,0.48718,0.44886,0.50157,0.49776,0.40926,0.35444,0.48323,0.45287,0.55508,0.50828,0.32227,0.40553,0.39243,0.33786,0.41238,0.34903,0.46591,0.39574,0.47061,0.39317,0.5997,0.57518,0.51393,0.39606,0.66236,0.51195,0.51054,0.32208,0.45834,0.42039,0.63943,0.44633,0.61957,0.32782,0.4909,0.51332,0.46249,0.37089,0.41691,0.35966,0.074496,0.26194,0.39771,0.39888,0.24724,0.39559,0.29452,0.2211,0.564,0.53069,0.64679,0.59973,0.65552,0.51926,0.63783,0.40367,0.49397,0.35855,0.70403,0.50184,0.54191,0.50361,0.37303,0.41978,0.38004,0.33004,0.40857,0.36404,0.5748,0.5204,0.44494,0.43752,0.42886,0.40127,0.42783,0.364,0.24673,0.33053,0.234,0.30735,0.39921,0.49401,0.41526,0.2952,0.31275,0.12507
0.62164,0.40912,0.55405,0.66759,0.42267,0.58371,0.53617,0.60716,0.51342,0.62264,0.64375,0.85253,0.68742,1,0.58295,0.68876,0.53511,0.38129,0.57845,0.52309,0.3678,0.38519,0.62602,0.6559,0.50945,0.60479,0.60574,0.60393,0.48362,0.44597,0.38435,0.45765,0.43821,0.45942,0.44859,0.40663,0.39839,0.37353,0.5163,0.43263,0.26531,0.31679,0.20269,0.19191,0.2854,0.21812,0.3007,0.25856,0.28441,0.24212,0.52919,0.47839,0.44473,0.4459,0.58365,0.41743,0.44745,0.36581,0.36869,0.4749,0.57676,0.60194,0.58638,0.49769,0.55593,0.6358,0.42513,0.4266,0.31936,0.20895,0.16559,0.12625,0.32175,0.3439,0.085177,0.21212,0.31595,0.26963,0.44852,0.33722,0.58363,0.56071,0.59949,0.46338,0.63579,0.54112,0.54211,0.50078,0.59062,0.69308,0.57541,0.43372,0.51155,0.35325,0.29213,0.34466,0.37082,0.30023,0.48217,0.40834,0.46088,0.30459,0.4445,0.34151,0.45401,0.35627,0.15483,0.30483,0.17555,0.29855,0.38285,0.41908,0.29078,0.17585,0.26231,0.1498
0.65389,0.61739,0.64707,0.56248,0.60919,0.51,0.55913,0.52206,0.68754,0.45834,0.62312,0.52832,0.79672,0.58295,1,0.7333,0.65937,0.57427,0.65681,0.65851,0.6103,0.61154,0.69596,0.60689,0.70771,0.69439,0.77052,0.67,0.62231,0.55043,0.58057,0.54985,0.62234,0.61329,0.6253,0.55036,0.59442,0.50149,0.68636,0.63535,0.38501,0.47863,0.58536,0.53996,0.60308,0.54253,0.62296,0.58072,0.56246,0.5096,0.53541,0.54602,0.35333,0.32642,0.69973,0.60922,0.60796,0.47018,0.42387,0.49068,0.5626,0.39698,0.67943,0.33016,0.55197,0.4894,0.64501,0.58513,0.55472,0.48456,0.018506,0.23,0.41503,0.44081,0.30476,0.40228,0.35639,0.26124,0.58917,0.62859,0.62584,0.64005,0.73844,0.5891,0.54908,0.34435,0.54607,0.38581,0.66178,0.37752,0.49975,0.47171,0.37858,0.40528,0.5103,0.54526,0.58256,0.51418,0.58926,0.5639,0.44125,0.38721,0.48343,0.4291,0.48012,0.4713,0.30675,0.32443,0.32098,0.44234,0.54618,0.59116,0.44475,0.45041,0.50359,0.029289
0.46297,0.42453,0.41688,0.51464,0.38658,0.40463,0.42603,0.45966,0.57178,0.55733,0.57209,0.56826,0.60865,0.68876,0.7333,1,0.55382,0.43216,0.52709,0.50429,0.44884,0.44769,0.48987,0.51869,0.44858,0.50283,0.55431,0.55159,0.61505,0.54222,0.47383,0.54966,0.47979,0.50838,0.49505,0.47787,0.51377,0.42222,0.5809,0.48147,0.39401,0.38175,0.2947,0.2831,0.35311,0.31396,0.38133,0.34559,0.37626,0.3462,0.39487,0.41793,0.35438,0.27797,0.5504,0.40903,0.45176,0.35946,0.32517,0.44703,0.49483,0.42934,0.58532,0.40219,0.49708,0.42648,0.46201,0.47034,0.37408,0.30006,0.046488,0.1369,0.42907,0.41397,0.19996,0.26902,0.38748,0.28741,0.51379,0.45979,0.55747,0.57219,0.72053,0.59105,0.47086,0.41938,0.48386,0.46112,0.47013,0.44309,0.45312,0.35358,0.4142,0.27365,0.40487,0.4203,0.45887,0.4277,0.44831,0.39966,0.39344,0.23226,0.43859,0.32385,0.46619,0.39903,0.15816,0.28042,0.21018,0.35031,0.47601,0.48541,0.34638,0.35274,0.3634,0.1087
0.72818,0.79562,0.54736,0.56031,0.32139,0.29002,0.49975,0.53099,0.55291,0.25037,0.66016,0.56409,0.59929,0.53511,0.65937,0.55382,1,0.90582,0.72315,0.79909,0.54559,0.57699,0.51006,0.40712,0.59449,0.63721,0.52855,0.43791,0.87241,0.84427,0.66993,0.69184,0.79199,0.79462,0.55271,0.52853,0.4431,0.36633,0.61133,0.60868,0.40948,0.60773,0.59932,0.57726,0.58215,0.54184,0.69035,0.64244,0.47867,0.46531,0.31445,0.39802,0.21736,0.38469,0.67197,0.64301,0.80334,0.71868,0.45005,0.47577,0.47346,0.2926,0.8038,0.61259,0.33313,0.35582,0.62035,0.62407,0.67482,0.61297,0.18731,0.15415,0.53747,0.6087,0.26775,0.40498,0.47703,0.47287,0.90266,0.87523,0.77441,0.77972,0.75972,0.84963,0.41681,0.29625,0.44884,0.39899,0.43513,0.25756,0.35347,0.2921,0.18325,0.22193,0.6571,0.62754,0.69221,0.61382,0.60008,0.5845,0.3977,0.29933,0.48518,0.35381,0.42372,0.33358,0.25991,0.36033,0.32382,0.45537,0.61358,0.67046,0.47964,0.5545,0.45678,0.13386
0.70056,0.8748,0.42906,0.50365,0.24255,0.21329,0.40497,0.49432,0.47512,0.19292,0.48408,0.44633,0.4601,0.38129,0.57427,0.43216,0.90582,1,0.63917,0.8071,0.47354,0.51284,0.38043,0.28044,0.50422,0.56073,0.41554,0.3301,0.77632,0.83641,0.5772,0.59872,0.78361,0.78928,0.48757,0.5008,0.33546,0.30897,0.51821,0.59563,0.28181,0.57826,0.66689,0.65473,0.60081,0.59619,0.73829,0.70029,0.56999,0.56387,0.25946,0.41875,0.14478,0.31023,0.67046,0.67029,0.83897,0.81997,0.46192,0.48531,0.41887,0.23708,0.72393,0.6472,0.2298,0.27431,0.59396,0.63266,0.73974,0.71496,0.129,0.10076,0.51345,0.6402,0.2224,0.35785,0.43597,0.49661,0.77177,0.91199,0.59017,0.67011,0.63105,0.80878,0.25172,0.11805,0.34909,0.252,0.37572,0.16514,0.21721,0.13207,0.043281,0.11168,0.68202,0.62668,0.74919,0.62852,0.55055,0.50637,0.29177,0.18711,0.4176,0.24754,0.27724,0.18471,0.26897,0.31734,0.23218,0.40735,0.6004,0.63723,0.51353,0.62905,0.43352,0.069328
0.87337,0.75413,0.76251,0.69461,0.42462,0.41915,0.69205,0.67207,0.59405,0.41061,0.71707,0.63268,0.70645,0.57845,0.65681,0.52709,0.72315,0.63917,1,0.87757,0.59821,0.55973,0.69463,0.60726,0.59458,0.59374,0.60912,0.54122,0.6701,0.60796,0.61839,0.64157,0.69683,0.71338,0.58684,0.50264,0.5293,0.49628,0.63703,0.59346,0.47531,0.50459,0.51025,0.46896,0.54044,0.45397,0.52052,0.47891,0.48935,0.38049,0.43273,0.42224,0.38374,0.38291,0.5973,0.44361,0.75127,0.54015,0.55773,0.56183,0.61828,0.42638,0.72908,0.44409,0.49979,0.51638,0.64177,0.59007,0.62857,0.53318,0.14079,0.29213,0.5781,0.56947,0.33196,0.49764,0.48911,0.44048,0.64139,0.65757,0.69205,0.71013,0.66913,0.5857,0.60745,0.39379,0.56747,0.40863,0.59386,0.38239,0.56288,0.52027,0.39728,0.42425,0.52648,0.46796,0.5721,0.53874,0.65768,0.57994,0.54958,0.44642,0.54652,0.5112,0.52819,0.38922,0.28227,0.31933,0.19448,0.36802,0.59423,0.67515,0.57806,0.50423,0.44274,0.015115
0.86201,0.9001,0.68325,0.72253,0.43521,0.43682,0.62966,0.67826,0.60709,0.38341,0.54989,0.56305,0.61536,0.52309,0.65851,0.50429,0.79909,0.8071,0.87757,1,0.61127,0.62493,0.64135,0.55925,0.64834,0.68039,0.6077,0.55328,0.70413,0.70265,0.66305,0.69142,0.84451,0.87354,0.64171,0.63695,0.51943,0.51377,0.64441,0.67837,0.42946,0.60616,0.65799,0.63762,0.65971,0.61228,0.67889,0.66694,0.57997,0.52162,0.4553,0.4588,0.2712,0.3517,0.64055,0.55823,0.8302,0.69911,0.54686,0.60105,0.55104,0.38411,0.72526,0.55907,0.43829,0.49114,0.7713,0.75273,0.84819,0.78453,0.11514,0.32093,0.6313,0.68461,0.34363,0.49101,0.5807,0.5828,0.66858,0.77846,0.63866,0.72933,0.66311,0.70367,0.46775,0.30724,0.461,0.30195,0.56762,0.28596,0.5011,0.42922,0.3399,0.41611,0.69135,0.66175,0.77027,0.72017,0.6973,0.61228,0.55454,0.41594,0.58712,0.45015,0.5263,0.43095,0.41988,0.35065,0.36266,0.52811,0.76075,0.78904,0.63566,0.66596,0.57693,0.017358
0.51435,0.4808,0.61145,0.53378,0.46406,0.28057,0.57082,0.48153,0.53386,0.19733,0.38449,0.39157,0.46223,0.3678,0.6103,0.44884,0.54559,0.47354,0.59821,0.61127,1,0.87314,0.65437,0.56571,0.70062,0.70797,0.70387,0.62137,0.62954,0.5717,0.79323,0.76533,0.66703,0.6732,0.57156,0.56022,0.58372,0.49195,0.62614,0.55838,0.59686,0.55245,0.48822,0.4716,0.48759,0.41111,0.50324,0.47654,0.27867,0.26404,0.33959,0.29514,0.19432,0.29639,0.56024,0.50565,0.48096,0.34329,0.31059,0.36959,0.3395,0.25333,0.49647,0.29276,0.39577,0.42004,0.62939,0.57052,0.46493,0.42474,0.26516,0.40652,0.6149,0.52055,0.49846,0.47274,0.33959,0.3219,0.4793,0.48761,0.49593,0.53109,0.46108,0.45247,0.35869,0.28144,0.33916,0.32296,0.4186,0.20745,0.48406,0.45496,0.38216,0.36938,0.47413,0.4803,0.53343,0.47353,0.55822,0.47274,0.4361,0.31852,0.47719,0.34241,0.38073,0.41883,0.22702,0.11331,0.33997,0.31914,0.46319,0.57911,0.49495,0.4882,0.46668,-0.041344
0.53729,0.51949,0.5929,0.52903,0.45477,0.32797,0.54199,0.50148,0.51377,0.21009,0.35155,0.36491,0.45898,0.38519,0.61154,0.44769,0.57699,0.51284,0.55973,0.62493,0.87314,1,0.66209,0.59101,0.77983,0.80009,0.70007,0.69115,0.62624,0.60554,0.78837,0.77516,0.70286,0.7017,0.60149,0.60518,0.66244,0.56616,0.71719,0.68295,0.61742,0.66241,0.56625,0.55968,0.54419,0.4838,0.59875,0.59196,0.32504,0.36994,0.42694,0.36124,0.18233,0.34504,0.62451,0.62288,0.50011,0.41316,0.33917,0.39418,0.35086,0.25472,0.51646,0.35996,0.43316,0.46857,0.6923,0.6414,0.54214,0.49704,0.25258,0.52092,0.64921,0.62134,0.57499,0.59972,0.39221,0.35873,0.48731,0.52306,0.53137,0.59845,0.55704,0.55309,0.40955,0.32947,0.41649,0.33445,0.46176,0.24069,0.52594,0.51795,0.43,0.47547,0.52124,0.55838,0.61748,0.58321,0.62045,0.58471,0.53793,0.44833,0.55834,0.41755,0.46893,0.5043,0.3673,0.22302,0.38766,0.41584,0.56581,0.65134,0.52321,0.49802,0.54623,-0.054388
0.68916,0.54145,0.90656,0.74193,0.58799,0.49519,0.69109,0.56921,0.62499,0.40838,0.58404,0.55065,0.6876,0.62602,0.69596,0.48987,0.51006,0.38043,0.69463,0.64135,0.65437,0.66209,1,0.92855,0.85212,0.77223,0.83018,0.75752,0.44967,0.33678,0.6946,0.625,0.53274,0.53968,0.66188,0.5117,0.55564,0.50628,0.63014,0.54868,0.42606,0.43205,0.47535,0.44695,0.56501,0.45315,0.46502,0.45207,0.33987,0.33509,0.60942,0.46476,0.41787,0.50446,0.59587,0.48102,0.51482,0.37464,0.25424,0.34405,0.46723,0.32236,0.5477,0.2172,0.6604,0.56406,0.64199,0.54305,0.44141,0.31799,0.15499,0.36168,0.40905,0.36619,0.30353,0.40986,0.26182,0.17793,0.38659,0.3674,0.56956,0.6056,0.59376,0.41873,0.68146,0.53687,0.61123,0.48549,0.58306,0.38318,0.6218,0.61415,0.5557,0.57291,0.37801,0.43178,0.47824,0.44308,0.61103,0.5732,0.5153,0.44633,0.53114,0.48883,0.58105,0.55162,0.24398,0.28497,0.32946,0.37867,0.48804,0.55088,0.3732,0.30518,0.41145,-0.036509
0.61817,0.47269,0.81202,0.76451,0.53011,0.51097,0.58269,0.52222,0.54107,0.42216,0.52739,0.52993,0.5682,0.6559,0.60689,0.51869,0.40712,0.28044,0.60726,0.55925,0.56571,0.59101,0.92855,1,0.77806,0.72769,0.80133,0.78474,0.33465,0.22337,0.57745,0.55568,0.43767,0.46635,0.67472,0.53268,0.51785,0.51715,0.59956,0.54025,0.41256,0.42774,0.4039,0.38432,0.52675,0.40689,0.39842,0.39988,0.27615,0.29,0.58408,0.42015,0.38588,0.51585,0.49511,0.41031,0.44087,0.34816,0.20126,0.36255,0.40925,0.33275,0.48017,0.20179,0.71317,0.59297,0.62389,0.56581,0.37508,0.25947,0.093084,0.28193,0.36122,0.34486,0.21827,0.37546,0.24031,0.1626,0.28001,0.26414,0.53719,0.60547,0.53463,0.34738,0.69783,0.6344,0.63616,0.59481,0.49349,0.40173,0.64297,0.62964,0.63023,0.58298,0.34782,0.43226,0.43581,0.44053,0.56359,0.56101,0.5298,0.42362,0.5391,0.50986,0.62388,0.6063,0.25022,0.26552,0.30965,0.3475,0.4847,0.50491,0.35806,0.30859,0.40802,-0.063871
0.64366,0.60894,0.77729,0.64059,0.59161,0.44038,0.60052,0.53523,0.61034,0.30723,0.46169,0.43697,0.57988,0.50945,0.70771,0.44858,0.59449,0.50422,0.59458,0.64834,0.70062,0.77983,0.85212,0.77806,1,0.91813,0.82614,0.76075,0.52613,0.46835,0.75999,0.67424,0.65725,0.62907,0.74969,0.63775,0.62094,0.49648,0.69799,0.63899,0.43468,0.52682,0.62553,0.60196,0.669,0.57551,0.63123,0.61912,0.40569,0.42878,0.55557,0.45271,0.26423,0.41908,0.65745,0.61273,0.58461,0.52073,0.31317,0.39557,0.43236,0.25666,0.58193,0.29683,0.58078,0.53977,0.76709,0.694,0.54286,0.47241,0.15148,0.38293,0.46555,0.48268,0.38439,0.4596,0.32894,0.28549,0.47176,0.51163,0.57857,0.6379,0.59391,0.50003,0.54904,0.40218,0.52089,0.38473,0.53209,0.25997,0.55853,0.55842,0.4823,0.56368,0.49249,0.549,0.65117,0.58738,0.65826,0.62427,0.5364,0.50965,0.58529,0.47681,0.56227,0.54916,0.36427,0.33192,0.35258,0.43426,0.58396,0.63413,0.47544,0.478,0.54579,-0.093722
0.65402,0.62725,0.69449,0.68722,0.58526,0.5486,0.60687,0.64993,0.61586,0.41749,0.44961,0.54718,0.56792,0.60479,0.69439,0.50283,0.63721,0.56073,0.59374,0.68039,0.70797,0.80009,0.77223,0.72769,0.91813,1,0.79681,0.77949,0.59856,0.57904,0.73012,0.70627,0.74283,0.72543,0.70111,0.66498,0.55691,0.46057,0.69094,0.67182,0.41002,0.53932,0.62232,0.61525,0.65503,0.57499,0.66037,0.63417,0.43022,0.42185,0.5474,0.46853,0.23249,0.33417,0.69021,0.65313,0.58847,0.53784,0.34703,0.46733,0.43475,0.39149,0.58527,0.44128,0.52045,0.62659,0.76409,0.7436,0.57989,0.52977,0.16232,0.33857,0.52436,0.54323,0.35973,0.46766,0.40099,0.38483,0.48219,0.52614,0.54321,0.6187,0.59345,0.54859,0.47043,0.33164,0.4927,0.32708,0.54717,0.32237,0.51631,0.44442,0.43787,0.44543,0.5386,0.61329,0.70679,0.64884,0.65687,0.57848,0.50991,0.40736,0.5694,0.38086,0.51891,0.47901,0.37318,0.34835,0.32704,0.45871,0.6305,0.64111,0.459,0.49353,0.57417,-0.087037
0.63783,0.5174,0.73968,0.63862,0.73058,0.64014,0.52981,0.44515,0.56432,0.44692,0.55574,0.54935,0.6205,0.60574,0.77052,0.55431,0.52855,0.41554,0.60912,0.6077,0.70387,0.70007,0.83018,0.80133,0.82614,0.79681,1,0.8972,0.45176,0.35131,0.57389,0.5177,0.53211,0.51555,0.66579,0.53926,0.57073,0.53871,0.68775,0.62375,0.38902,0.43258,0.45477,0.42699,0.51068,0.40909,0.4672,0.47007,0.34192,0.33383,0.60628,0.53635,0.4132,0.50894,0.63495,0.55214,0.54819,0.41373,0.29957,0.4176,0.4927,0.34039,0.57942,0.26791,0.59537,0.56343,0.64581,0.57269,0.49841,0.38651,-0.028369,0.20807,0.34449,0.3629,0.23683,0.354,0.19364,0.15426,0.41106,0.38896,0.59055,0.64,0.60027,0.47083,0.62637,0.53364,0.61209,0.54834,0.65518,0.47062,0.55207,0.56816,0.49876,0.47034,0.49322,0.50478,0.51921,0.45595,0.52798,0.50204,0.40363,0.33344,0.42148,0.37817,0.47022,0.48784,0.22364,0.12657,0.28272,0.38712,0.51131,0.52511,0.38167,0.32593,0.41369,-0.10052
0.5736,0.43947,0.61565,0.56446,0.60928,0.67595,0.41381,0.40412,0.46955,0.47178,0.48229,0.53785,0.49878,0.60393,0.67,0.55159,0.43791,0.3301,0.54122,0.55328,0.62137,0.69115,0.75752,0.78474,0.76075,0.77949,0.8972,1,0.37511,0.30685,0.49431,0.48015,0.4738,0.465,0.63401,0.52553,0.59205,0.56797,0.67977,0.62216,0.41514,0.41426,0.39528,0.38581,0.4499,0.36241,0.4175,0.44661,0.23907,0.27447,0.54883,0.43935,0.36475,0.48535,0.56906,0.518,0.45934,0.32905,0.25173,0.402,0.43086,0.36827,0.48726,0.17687,0.58152,0.62087,0.62454,0.58044,0.44064,0.35297,-0.009062,0.25322,0.29369,0.3361,0.22214,0.35195,0.22698,0.15624,0.30638,0.29881,0.53712,0.58729,0.52934,0.38097,0.63406,0.52525,0.63624,0.56269,0.60066,0.4822,0.5781,0.58821,0.545,0.50646,0.46407,0.47501,0.50492,0.45268,0.52645,0.52659,0.42664,0.33069,0.42955,0.382,0.48805,0.52331,0.27188,0.15265,0.27126,0.39857,0.52168,0.53027,0.33648,0.28572,0.44723,-0.19249
0.60794,0.65529,0.49147,0.47381,0.24702,0.18682,0.50312,0.52446,0.54163,0.14172,0.58444,0.50302,0.56211,0.48362,0.62231,0.61505,0.87241,0.77632,0.6701,0.70413,0.62954,0.62624,0.44967,0.33465,0.52613,0.59856,0.45176,0.37511,1,0.91811,0.76925,0.80211,0.74371,0.76833,0.43607,0.45804,0.47146,0.34094,0.61411,0.56178,0.53549,0.60355,0.50857,0.50445,0.4905,0.48621,0.60234,0.53601,0.46257,0.44088,0.25926,0.37173,0.21822,0.28868,0.65017,0.58681,0.65174,0.57515,0.41392,0.40846,0.39903,0.22948,0.73473,0.53886,0.16478,0.24796,0.52218,0.55021,0.5358,0.49856,0.28231,0.2197,0.6356,0.60426,0.35251,0.38789,0.50385,0.48666,0.82509,0.78308,0.68094,0.6674,0.75472,0.81746,0.2803,0.213,0.36517,0.29643,0.37597,0.23474,0.31841,0.25212,0.13924,0.15164,0.53298,0.52233,0.62682,0.52912,0.53901,0.51387,0.38545,0.25277,0.4432,0.28305,0.34436,0.25229,0.17536,0.35199,0.30764,0.41438,0.50761,0.62415,0.43312,0.47626,0.3663,0.17793
0.55556,0.64951,0.39269,0.43881,0.23115,0.19662,0.4718,0.5328,0.49592,0.16631,0.45895,0.51744,0.47689,0.44597,0.55043,0.54222,0.84427,0.83641,0.60796,0.70265,0.5717,0.60554,0.33678,0.22337,0.46835,0.57904,0.35131,0.30685,0.91811,1,0.6873,0.74297,0.75571,0.78534,0.35801,0.42864,0.4,0.31096,0.51354,0.51987,0.38977,0.57478,0.478,0.47994,0.41955,0.43468,0.59551,0.5173,0.45289,0.43891,0.21639,0.37877,0.1942,0.24456,0.65359,0.606,0.59272,0.56707,0.44671,0.4181,0.36826,0.25911,0.64077,0.59699,0.090297,0.21435,0.47736,0.52441,0.55952,0.55461,0.31592,0.25879,0.59146,0.66218,0.31098,0.39873,0.48919,0.52296,0.79402,0.82893,0.57408,0.6082,0.65018,0.83068,0.16002,0.060076,0.26964,0.15696,0.36057,0.23112,0.26611,0.16484,0.065404,0.099219,0.54482,0.50183,0.65633,0.51555,0.54601,0.43305,0.34618,0.18721,0.41643,0.18915,0.24856,0.1571,0.22091,0.33854,0.22206,0.36224,0.50087,0.59233,0.45052,0.50435,0.36136,0.13712
0.52207,0.57372,0.66407,0.55103,0.30169,0.15625,0.61995,0.54774,0.56947,0.08869,0.42244,0.35639,0.48718,0.38435,0.58057,0.47383,0.66993,0.5772,0.61839,0.66305,0.79323,0.78837,0.6946,0.57745,0.75999,0.73012,0.57389,0.49431,0.76925,0.6873,1,0.94145,0.74199,0.76313,0.60278,0.58076,0.56082,0.41823,0.59492,0.517,0.57615,0.53942,0.49491,0.48952,0.52691,0.46628,0.53848,0.49184,0.3239,0.34386,0.30315,0.30081,0.20604,0.32241,0.56029,0.50085,0.52823,0.45752,0.27565,0.31695,0.32357,0.19004,0.54143,0.36647,0.34423,0.31763,0.62914,0.6056,0.47889,0.45634,0.33792,0.43357,0.67823,0.60274,0.50439,0.48776,0.47487,0.43167,0.61113,0.60494,0.55303,0.56756,0.60607,0.59676,0.29538,0.20979,0.27581,0.20367,0.31636,0.083511,0.44913,0.40844,0.31952,0.35836,0.43651,0.49439,0.60395,0.53657,0.59987,0.54705,0.46261,0.36066,0.53818,0.38039,0.43576,0.46311,0.20977,0.29796,0.378,0.35172,0.51458,0.64312,0.47043,0.51965,0.47061,0.068332
0.54471,0.58957,0.5894,0.58856,0.25299,0.16628,0.608,0.59888,0.57241,0.1519,0.42323,0.40032,0.44886,0.45765,0.54985,0.54966,0.69184,0.59872,0.64157,0.69142,0.76533,0.77516,0.625,0.55568,0.67424,0.70627,0.5177,0.48015,0.80211,0.74297,0.94145,1,0.77113,0.816,0.59629,0.61646,0.55128,0.44746,0.59079,0.51925,0.58049,0.57661,0.4826,0.46917,0.50837,0.45031,0.52943,0.49657,0.33268,0.34117,0.29019,0.27508,0.17313,0.30338,0.54129,0.48524,0.5324,0.47763,0.32671,0.39431,0.34058,0.23269,0.60522,0.44911,0.36004,0.35012,0.64632,0.65231,0.49163,0.46502,0.36924,0.43175,0.70995,0.64304,0.46009,0.50179,0.5509,0.51056,0.6457,0.62266,0.59739,0.6173,0.62923,0.63019,0.32411,0.27065,0.29923,0.2613,0.28916,0.12294,0.48516,0.41154,0.37384,0.35758,0.46601,0.51914,0.62584,0.56228,0.60092,0.55884,0.51648,0.35834,0.57003,0.38953,0.47648,0.44546,0.22795,0.34192,0.37253,0.39006,0.56246,0.66639,0.51882,0.52554,0.49859,0.078283
0.7086,0.79177,0.55722,0.65974,0.45122,0.39651,0.63572,0.71296,0.65637,0.34034,0.39528,0.44914,0.50157,0.43821,0.62234,0.47979,0.79199,0.78361,0.69683,0.84451,0.66703,0.70286,0.53274,0.43767,0.65725,0.74283,0.53211,0.4738,0.74371,0.75571,0.74199,0.77113,1,0.97112,0.72569,0.77675,0.44386,0.36344,0.55998,0.59431,0.33313,0.5669,0.68084,0.66405,0.67568,0.60948,0.70574,0.6907,0.57862,0.50379,0.37915,0.36911,0.1281,0.19961,0.6126,0.58051,0.75032,0.6716,0.5757,0.59279,0.52443,0.45774,0.66044,0.633,0.41066,0.52089,0.82463,0.82777,0.7774,0.73574,0.14014,0.28566,0.64734,0.69115,0.38993,0.51446,0.62027,0.6539,0.64383,0.74155,0.51006,0.58937,0.58472,0.69506,0.26372,0.13956,0.28674,0.14567,0.47621,0.19795,0.41573,0.29665,0.28088,0.30955,0.61596,0.66079,0.76748,0.71998,0.64388,0.53881,0.49396,0.36969,0.54493,0.35829,0.41863,0.35129,0.38333,0.32635,0.36906,0.4711,0.72345,0.74753,0.56875,0.66827,0.59555,0.010284
0.69434,0.80361,0.55478,0.68216,0.42606,0.37941,0.62943,0.71623,0.66386,0.33258,0.39773,0.4453,0.49776,0.45942,0.61329,0.50838,0.79462,0.78928,0.71338,0.87354,0.6732,0.7017,0.53968,0.46635,0.62907,0.72543,0.51555,0.465,0.76833,0.78534,0.76313,0.816,0.97112,1,0.69153,0.76919,0.44798,0.4,0.56194,0.59754,0.37233,0.60032,0.66011,0.65245,0.65363,0.60376,0.69097,0.67632,0.54647,0.50309,0.37275,0.37458,0.12022,0.20665,0.60442,0.56521,0.72842,0.66816,0.51677,0.57882,0.46689,0.41971,0.66699,0.64035,0.39738,0.4827,0.80477,0.82604,0.77706,0.74358,0.18935,0.31433,0.69663,0.73119,0.40636,0.54328,0.66691,0.68959,0.66421,0.76078,0.53473,0.62603,0.60973,0.72167,0.27168,0.16928,0.29124,0.16728,0.43659,0.18292,0.42493,0.30538,0.29747,0.32132,0.6464,0.68481,0.78311,0.73793,0.65763,0.55196,0.51925,0.35597,0.57413,0.36705,0.44953,0.39122,0.39723,0.34267,0.41215,0.52219,0.74729,0.76404,0.59636,0.67166,0.59959,0.00076776
0.58321,0.65563,0.58683,0.64785,0.50029,0.41488,0.51311,0.54573,0.59071,0.35659,0.3873,0.33775,0.40926,0.44859,0.6253,0.49505,0.55271,0.48757,0.58684,0.64171,0.57156,0.60149,0.66188,0.67472,0.74969,0.70111,0.66579,0.63401,0.43607,0.35801,0.60278,0.59629,0.72569,0.69153,1,0.90266,0.55138,0.4966,0.60212,0.58816,0.37867,0.48758,0.59626,0.5619,0.69791,0.55058,0.54712,0.57699,0.38297,0.37692,0.38394,0.26131,0.13706,0.31486,0.40057,0.37756,0.64635,0.58119,0.33944,0.47265,0.45168,0.40463,0.52819,0.33843,0.71814,0.59317,0.85367,0.84469,0.58509,0.51093,-0.0088307,0.24825,0.4845,0.5109,0.36792,0.48678,0.52907,0.49462,0.38934,0.46723,0.49794,0.59151,0.52176,0.45128,0.47402,0.44146,0.41504,0.41458,0.38375,0.18633,0.56719,0.50529,0.55644,0.51059,0.46278,0.55449,0.58782,0.55801,0.57124,0.5288,0.53812,0.47862,0.6085,0.54222,0.63253,0.62159,0.35178,0.32034,0.36375,0.39138,0.63659,0.63914,0.48849,0.55881,0.60795,-0.072653
0.50513,0.64717,0.43689,0.58496,0.44664,0.34005,0.47886,0.55443,0.56493,0.32825,0.26896,0.27331,0.35444,0.40663,0.55036,0.47787,0.52853,0.5008,0.50264,0.63695,0.56022,0.60518,0.5117,0.53268,0.63775,0.66498,0.53926,0.52553,0.45804,0.42864,0.58076,0.61646,0.77675,0.76919,0.90266,1,0.53643,0.54267,0.57075,0.61882,0.36785,0.54497,0.60167,0.59289,0.67052,0.56549,0.57118,0.61087,0.36218,0.37337,0.32351,0.23001,0.0035107,0.18026,0.38912,0.41954,0.60043,0.54955,0.29168,0.46494,0.35294,0.39652,0.44683,0.37045,0.60182,0.56772,0.85436,0.89444,0.64291,0.62601,0.043292,0.2651,0.52842,0.58651,0.35659,0.51164,0.6627,0.64939,0.35715,0.49098,0.41989,0.54515,0.47361,0.46461,0.3285,0.3244,0.28105,0.28459,0.31298,0.12897,0.47481,0.37563,0.48728,0.42099,0.52165,0.58897,0.62723,0.59797,0.5251,0.45774,0.52983,0.42578,0.59971,0.44566,0.58213,0.54266,0.3593,0.30354,0.41674,0.43404,0.67575,0.65205,0.52327,0.61037,0.65954,-0.047261
0.51343,0.4229,0.51859,0.42104,0.40903,0.25975,0.44541,0.35955,0.44418,0.22417,0.4016,0.32495,0.48323,0.39839,0.59442,0.51377,0.4431,0.33546,0.5293,0.51943,0.58372,0.66244,0.55564,0.51785,0.62094,0.55691,0.57073,0.59205,0.47146,0.4,0.56082,0.55128,0.44386,0.44798,0.55138,0.53643,1,0.84063,0.82964,0.7197,0.74592,0.66956,0.39276,0.39148,0.41756,0.36492,0.42806,0.44907,0.26012,0.31831,0.45467,0.34443,0.34376,0.40832,0.54648,0.49723,0.45607,0.29056,0.28956,0.34641,0.40386,0.2543,0.50229,0.1832,0.50159,0.45196,0.57415,0.52367,0.44184,0.4305,0.23909,0.48952,0.53763,0.50001,0.48907,0.5078,0.52682,0.39889,0.44116,0.45399,0.57663,0.6374,0.64051,0.46284,0.56955,0.54058,0.57129,0.49404,0.49906,0.35025,0.64494,0.65069,0.56112,0.59901,0.35322,0.3851,0.42526,0.43453,0.55011,0.58344,0.60341,0.52529,0.5833,0.53426,0.60114,0.55613,0.31635,0.23941,0.23301,0.38221,0.50742,0.58023,0.49261,0.36,0.44597,0.060894
0.49949,0.4143,0.43218,0.38826,0.37978,0.25393,0.3616,0.31217,0.34054,0.19407,0.38576,0.32444,0.45287,0.37353,0.50149,0.42222,0.36633,0.30897,0.49628,0.51377,0.49195,0.56616,0.50628,0.51715,0.49648,0.46057,0.53871,0.56797,0.34094,0.31096,0.41823,0.44746,0.36344,0.4,0.4966,0.54267,0.84063,1,0.71537,0.7231,0.62145,0.6856,0.34977,0.33254,0.34909,0.28435,0.38043,0.40554,0.15819,0.25708,0.40212,0.33099,0.29981,0.42608,0.45528,0.44153,0.41172,0.24322,0.20778,0.28999,0.30738,0.2206,0.3573,0.10076,0.46345,0.46028,0.50573,0.48066,0.45176,0.44332,0.21852,0.51163,0.45041,0.51013,0.40507,0.52176,0.50018,0.40846,0.31631,0.38985,0.521,0.60926,0.51977,0.39651,0.53881,0.555,0.5091,0.53029,0.45426,0.36944,0.62557,0.67337,0.55801,0.60734,0.44473,0.35372,0.39113,0.39072,0.53405,0.5245,0.55129,0.48546,0.53722,0.52157,0.58253,0.54857,0.29351,0.17147,0.27963,0.3775,0.49313,0.51448,0.50374,0.32029,0.44294,0.028328
0.67792,0.60303,0.58294,0.52352,0.40655,0.35545,0.46016,0.42806,0.45899,0.30951,0.53847,0.46247,0.55508,0.5163,0.68636,0.5809,0.61133,0.51821,0.63703,0.64441,0.62614,0.71719,0.63014,0.59956,0.69799,0.69094,0.68775,0.67977,0.61411,0.51354,0.59492,0.59079,0.55998,0.56194,0.60212,0.57075,0.82964,0.71537,1,0.88881,0.77917,0.74773,0.5849,0.58612,0.5836,0.53795,0.65533,0.64264,0.40578,0.43217,0.4286,0.37995,0.2092,0.40449,0.70178,0.6842,0.63622,0.4915,0.35426,0.4162,0.45486,0.27681,0.64993,0.32002,0.50636,0.48198,0.65195,0.63334,0.55518,0.49401,0.21945,0.37935,0.54621,0.52873,0.39742,0.45736,0.44553,0.38442,0.54188,0.57127,0.68719,0.74389,0.76439,0.6088,0.61671,0.54353,0.7062,0.59787,0.53064,0.38205,0.5162,0.51749,0.42775,0.45976,0.524,0.57416,0.60685,0.58019,0.57757,0.62949,0.50936,0.45106,0.5381,0.49718,0.56935,0.54529,0.19707,0.2952,0.29738,0.50135,0.60362,0.67373,0.49971,0.46307,0.52199,0.040686
0.66711,0.67062,0.49698,0.49235,0.36722,0.32392,0.3891,0.41783,0.40381,0.26589,0.45294,0.40483,0.50828,0.43263,0.63535,0.48147,0.60868,0.59563,0.59346,0.67837,0.55838,0.68295,0.54868,0.54025,0.63899,0.67182,0.62375,0.62216,0.56178,0.51987,0.517,0.51925,0.59431,0.59754,0.58816,0.61882,0.7197,0.7231,0.88881,1,0.63571,0.72171,0.69862,0.70552,0.67824,0.65423,0.74707,0.74597,0.46336,0.48342,0.40419,0.38606,0.11252,0.32154,0.67766,0.74785,0.66815,0.53689,0.32254,0.43379,0.34907,0.221,0.58722,0.33055,0.4204,0.46998,0.69427,0.70545,0.68308,0.65645,0.0961,0.28249,0.4712,0.54989,0.29546,0.41659,0.43158,0.42446,0.48122,0.59301,0.62649,0.71053,0.66065,0.59255,0.521,0.45188,0.63186,0.52267,0.50708,0.32251,0.41867,0.40722,0.33534,0.40473,0.64171,0.68356,0.66623,0.66687,0.55658,0.60156,0.48786,0.42388,0.52762,0.45015,0.54754,0.52176,0.31068,0.33867,0.33654,0.5313,0.64872,0.6575,0.51774,0.52802,0.59192,0.057263
0.40328,0.33869,0.39559,0.3222,0.10791,0.049856,0.31216,0.24593,0.28363,0.055324,0.36409,0.20874,0.32227,0.26531,0.38501,0.39401,0.40948,0.28181,0.47531,0.42946,0.59686,0.61742,0.42606,0.41256,0.43468,0.41002,0.38902,0.41514,0.53549,0.38977,0.57615,0.58049,0.33313,0.37233,0.37867,0.36785,0.74592,0.62145,0.77917,0.63571,1,0.70505,0.31339,0.30377,0.32546,0.27529,0.36255,0.34649,0.12311,0.15179,0.16136,0.08049,0.10881,0.30544,0.39944,0.36263,0.36368,0.23825,0.15074,0.20814,0.21484,0.097156,0.42553,0.15299,0.32496,0.24537,0.40244,0.37915,0.29325,0.273,0.35352,0.46482,0.65486,0.47717,0.56181,0.45739,0.43645,0.34018,0.42885,0.35353,0.5441,0.54924,0.54586,0.40152,0.44568,0.4388,0.45166,0.46657,0.18186,0.10702,0.42363,0.43585,0.34678,0.37587,0.26046,0.33393,0.34709,0.37729,0.41681,0.4988,0.42892,0.35706,0.45416,0.45717,0.52966,0.55334,0.12056,0.25578,0.22587,0.26998,0.38032,0.51933,0.44779,0.37948,0.4077,0.17139
0.55483,0.57328,0.4283,0.43088,0.26855,0.17271,0.37918,0.35531,0.43775,0.12972,0.39704,0.27479,0.40553,0.31679,0.47863,0.38175,0.60773,0.57826,0.50459,0.60616,0.55245,0.66241,0.43205,0.42774,0.52682,0.53932,0.43258,0.41426,0.60355,0.57478,0.53942,0.57661,0.5669,0.60032,0.48758,0.54497,0.66956,0.6856,0.74773,0.72171,0.70505,1,0.56486,0.55923,0.49411,0.45875,0.63608,0.6222,0.34572,0.40763,0.31199,0.29581,0.15185,0.4074,0.58187,0.58882,0.56387,0.46208,0.31563,0.34681,0.30924,0.17794,0.53964,0.33585,0.37135,0.35767,0.58933,0.58618,0.56364,0.56787,0.29912,0.48356,0.69633,0.74995,0.54772,0.61769,0.52515,0.5296,0.54144,0.63043,0.56102,0.65828,0.62631,0.63844,0.40651,0.38781,0.46633,0.45488,0.3335,0.16628,0.46523,0.45288,0.33972,0.41864,0.51872,0.51852,0.56266,0.55096,0.5652,0.60123,0.51559,0.45706,0.55635,0.48299,0.55794,0.51378,0.38375,0.32496,0.38866,0.45874,0.56783,0.62767,0.56991,0.55701,0.54981,0.099339
0.62386,0.77689,0.48546,0.43685,0.32404,0.22462,0.39826,0.42899,0.46329,0.14088,0.26587,0.19934,0.39243,0.20269,0.58536,0.2947,0.59932,0.66689,0.51025,0.65799,0.48822,0.56625,0.47535,0.4039,0.62553,0.62232,0.45477,0.39528,0.50857,0.478,0.49491,0.4826,0.68084,0.66011,0.59626,0.60167,0.39276,0.34977,0.5849,0.69862,0.31339,0.56486,1,0.96879,0.93972,0.9202,0.94791,0.94929,0.69681,0.66995,0.33363,0.3311,-0.13625,0.080448,0.59014,0.72112,0.7207,0.64077,0.34072,0.38065,0.2515,0.064759,0.60751,0.34313,0.33232,0.32037,0.76563,0.74546,0.70342,0.71637,0.086735,0.16215,0.43095,0.48589,0.31808,0.44781,0.40227,0.41189,0.45138,0.65791,0.45791,0.54592,0.52278,0.49764,0.31058,0.18066,0.4325,0.28239,0.31729,0.0011178,0.2401,0.21433,0.1623,0.30219,0.6494,0.69002,0.77112,0.75551,0.60595,0.62094,0.44539,0.42686,0.5073,0.38022,0.46469,0.34881,0.35318,0.43262,0.34441,0.53436,0.67507,0.67656,0.52832,0.65543,0.67495,-0.093489
