1,0.65339,0.7039,0.68288,0.52414,0.50281,0.68348,0.6088,0.57687,0.48657,0.68619,0.52467,0.66308,0.50037,0.66228,0.58238,0.65623,0.57468,0.80606,0.69352,0.38444,0.28416,0.66052,0.5952,0.43198,0.52712,0.33916,0.36127,0.53056,0.47195,0.62691,0.58389,0.69405,0.68213,0.47183,0.48439,0.50613,0.40245,0.49189,0.37635,0.44245,0.31994,0.44756,0.42848,0.47213,0.4689,0.43149,0.4921,0.55396,0.45613,0.46553,0.25899,0.26613,0.064288,0.39203,0.28704,0.69501,0.51202,0.73939,0.6152,0.69094,0.53624,0.78253,0.59404,0.36183,0.43435,0.62899,0.575,0.56817,0.51213,0.44992,0.46154,0.40109,0.35046,0.4092,0.43887,0.5111,0.48623,0.49629,0.50173,0.602,0.53455,0.41825,0.48792,0.48908,0.36501,0.3014,0.32677,0.56139,0.47293,0.36664,0.36369,0.39184,0.33878,0.35033,0.24089,0.46798,0.42805,0.35762,0.28425,0.31076,0.38248,0.238,0.34486,0.25145,0.32202,0.12011,-0.090353,0.36019,0.35175,0.47767,0.45757,0.28867,0.32796,0.17499,0.106
0.65339,1,0.51054,0.58254,0.46756,0.4414,0.45102,0.40734,0.48253,0.28548,0.44795,0.26512,0.52669,0.2262,0.58925,0.3985,0.71591,0.69262,0.71821,0.88498,0.31389,0.30296,0.58763,0.46301,0.34541,0.36164,0.2721,0.21085,0.47457,0.46689,0.60198,0.53997,0.74793,0.76671,0.51054,0.51435,0.50742,0.43578,0.36924,0.33396,0.39732,0.41433,0.6141,0.63674,0.69256,0.72778,0.51701,0.6387,0.58976,0.56673,0.088475,-0.052272,-0.038356,-0.15077,0.11042,0.11866,0.7969,0.90692,0.51707,0.61923,0.31825,0.2439,0.57131,0.34502,0.24707,0.13206,0.73362,0.73483,0.85373,0.82122,0.53073,0.49934,0.51051,0.58163,0.52971,0.63179,0.62893,0.65935,0.63989,0.64566,0.64549,0.59419,0.30521,0.43787,0.3549,0.30302,0.17116,0.1925,0.35162,0.20965,0.31534,0.38242,0.48157,0.46983,0.58123,0.44185,0.75133,0.59661,0.50439,0.2636,0.42434,0.4197,0.44156,0.40454,0.39168,0.40588,0.27942,-0.081668,0.4293,0.49741,0.75084,0.71261,0.51657,0.57039,0.39309,0.10408
0.7039,0.51054,1,0.76554,0.69449,0.67839,0.8393,0.73513,0.73027,0.63788,0.61213,0.39554,0.7074,0.56336,0.63466,0.50477,0.36974,0.29895,0.68027,0.60862,0.33014,0.25873,0.74638,0.6456,0.48902,0.53219,0.44781,0.47438,0.25351,0.23763,0.54227,0.49108,0.6287,0.57103,0.52461,0.48725,0.45253,0.3665,0.36289,0.29579,0.27478,0.21907,0.33875,0.32311,0.47209,0.40876,0.28181,0.38405,0.42321,0.27692,0.35422,0.20361,0.25773,0.17272,0.36491,0.26486,0.38278,0.35179,0.53231,0.53764,0.64135,0.61419,0.54083,0.5219,0.66901,0.6566,0.71659,0.62309,0.47891,0.51445,0.42236,0.4824,0.29982,0.33894,0.36965,0.47005,0.39836,0.38523,0.32961,0.28902,0.39847,0.40368,0.25744,0.2874,0.54794,0.34383,0.19578,0.19091,0.64898,0.48725,0.49681,0.57139,0.47568,0.52461,0.42405,0.36976,0.39312,0.41412,0.38578,0.27925,0.39782,0.5246,0.2344,0.32475,0.2549,0.33716,0.18941,-0.063592,0.43911,0.41213,0.46915,0.42072,0.30673,0.28934,0.19344,0.21368
0.68288,0.58254,0.76554,1,0.49781,0.63914,0.69327,0.85468,0.63742,0.70623,0.55474,0.53071,0.69174,0.64312,0.64251,0.62714,0.47414,0.42721,0.62734,0.64454,0.32542,0.23788,0.79429,0.87282,0.5659,0.67384,0.30844,0.43964,0.36862,0.38957,0.65668,0.67989,0.5884,0.6357,0.57404,0.53497,0.48807,0.4082,0.41562,0.40897,0.3482,0.25199,0.46442,0.47509,0.55638,0.56159,0.42061,0.52979,0.52453,0.43664,0.33251,0.23454,0.28039,0.12912,0.28304,0.30441,0.49237,0.44377,0.5563,0.5972,0.51269,0.62598,0.54848,0.56287,0.50242,0.65866,0.74527,0.75551,0.49183,0.51903,0.31869,0.40618,0.21495,0.24472,0.35596,0.43239,0.38379,0.35989,0.41541,0.39422,0.52066,0.49677,0.38475,0.4206,0.59427,0.46295,0.19488,0.33174,0.53953,0.51059,0.48974,0.43114,0.51612,0.39254,0.39136,0.29991,0.42918,0.40638,0.26933,0.17064,0.35502,0.32818,0.14762,0.17336,0.20385,0.22489,0.14477,-0.23722,0.35009,0.34193,0.50671,0.38509,0.23646,0.22003,0.033202,0.1066
0.52414,0.46756,0.69449,0.49781,1,0.64105,0.70184,0.51688,0.76489,0.51529,0.50398,0.34702,0.53705,0.40451,0.53467,0.44445,0.35512,0.27856,0.52748,0.45032,0.27526,0.26453,0.41468,0.33349,0.12832,0.17708,0.45518,0.27428,0.32729,0.27743,0.34454,0.31693,0.51317,0.44697,0.26327,0.28832,0.41722,0.36349,0.30746,0.27674,0.21453,0.20016,0.28751,0.2846,0.36295,0.35116,0.24934,0.33932,0.40831,0.31946,0.35079,0.25806,0.2476,0.14221,0.36029,0.25247,0.29459,0.3203,0.49681,0.53258,0.5341,0.45771,0.40688,0.45811,0.42434,0.41837,0.49552,0.43272,0.41236,0.42708,0.43738,0.45918,0.28189,0.29056,0.3536,0.32907,0.35909,0.36171,0.26525,0.21575,0.33448,0.28548,0.16958,0.29255,0.23627,0.17181,0.11095,0.0292,0.61442,0.46639,0.39411,0.46907,0.34794,0.42012,0.4646,0.40464,0.40998,0.40547,0.45207,0.34859,0.38688,0.47444,0.28053,0.34488,0.32217,0.35381,0.26417,0.0062352,0.46851,0.442,0.40901,0.48631,0.40801,0.34522,0.33514,0.39676
0.50281,0.4414,0.67839,0.63914,0.64105,1,0.62866,0.64394,0.6065,0.67145,0.4996,0.39307,0.57698,0.51656,0.49084,0.48075,0.39326,0.30516,0.48466,0.4679,0.412,0.40227,0.50061,0.51609,0.29686,0.38136,0.3416,0.40976,0.27995,0.28407,0.46875,0.44076,0.53984,0.53525,0.42676,0.45952,0.44909,0.41496,0.29991,0.31014,0.25954,0.18199,0.36244,0.33214,0.45684,0.43679,0.32659,0.40266,0.51573,0.36232,0.38325,0.3291,0.24598,0.2187,0.34366,0.3129,0.3205,0.33652,0.50031,0.52944,0.47684,0.53585,0.41038,0.52402,0.41699,0.55821,0.57575,0.59278,0.3991,0.44646,0.45547,0.5078,0.26423,0.30878,0.33726,0.42888,0.45517,0.45001,0.36466,0.30727,0.42061,0.34873,0.16608,0.29844,0.36993,0.2101,0.11058,0.13355,0.52181,0.46333,0.5838,0.53495,0.54765,0.48926,0.45112,0.3568,0.40695,0.42241,0.46023,0.35864,0.51294,0.51062,0.30216,0.36017,0.28324,0.35447,0.28699,-0.038212,0.47009,0.46401,0.43786,0.445,0.40893,0.37692,0.30045,0.27568
0.68348,0.45102,0.8393,0.69327,0.70184,0.62866,1,0.77512,0.79209,0.67667,0.67461,0.52545,0.7442,0.61593,0.6096,0.55783,0.35155,0.30348,0.59982,0.45936,0.22507,0.13152,0.5814,0.52301,0.28772,0.33246,0.27341,0.24869,0.37166,0.33474,0.45022,0.41475,0.50506,0.45957,0.31218,0.3101,0.35597,0.26861,0.29455,0.1908,0.24368,0.1461,0.27289,0.28958,0.35273,0.36011,0.25797,0.35156,0.37051,0.27508,0.35161,0.22319,0.25445,0.16206,0.2863,0.20887,0.30797,0.26369,0.50982,0.47504,0.70686,0.59959,0.55122,0.58714,0.55257,0.54428,0.53375,0.44018,0.3487,0.34935,0.35684,0.37237,0.16516,0.1992,0.30384,0.34642,0.32683,0.29722,0.28955,0.2973,0.45061,0.43813,0.24886,0.35638,0.46085,0.38638,0.1491,0.18374,0.60307,0.4885,0.34211,0.41651,0.32941,0.34702,0.32687,0.25079,0.30298,0.30742,0.2932,0.21034,0.31658,0.39086,0.16786,0.26828,0.1747,0.22499,0.07973,-0.087743,0.30179,0.253,0.30964,0.33232,0.20554,0.17264,0.11811,0.19118
0.6088,0.40734,0.73513,0.85468,0.51688,0.64394,0.77512,1,0.66137,0.80412,0.55625,0.58152,0.69892,0.75541,0.5383,0.56843,0.34609,0.2839,0.49406,0.42086,0.1814,0.10488,0.55968,0.67872,0.3734,0.46148,0.1343,0.2426,0.3174,0.30766,0.46542,0.50756,0.44389,0.46455,0.33172,0.3554,0.32359,0.23536,0.22138,0.19393,0.19051,0.098114,0.34659,0.34422,0.39754,0.41787,0.33449,0.40296,0.42603,0.31736,0.38351,0.28866,0.3292,0.13145,0.29512,0.24326,0.29605,0.22148,0.52194,0.50203,0.58906,0.70839,0.47227,0.62204,0.50851,0.74966,0.5456,0.55184,0.26901,0.30804,0.29717,0.36401,0.11282,0.15419,0.22586,0.33462,0.29092,0.25893,0.3112,0.30518,0.43727,0.43683,0.27,0.32806,0.53009,0.3991,0.10071,0.1588,0.56069,0.47199,0.49068,0.362,0.46073,0.31043,0.24242,0.14995,0.27133,0.25163,0.24546,0.14488,0.32576,0.31448,0.10695,0.18451,0.15506,0.16285,0.088115,-0.18507,0.24216,0.22227,0.3067,0.25986,0.14707,0.11721,-0.0030085,0.11156
0.57687,0.48253,0.73027,0.63742,0.76489,0.6065,0.79209,0.66137,1,0.69419,0.53759,0.3658,0.64312,0.48372,0.62053,0.51118,0.39773,0.36315,0.50519,0.46404,0.16066,0.16204,0.54954,0.49311,0.26385,0.30899,0.31405,0.31433,0.38596,0.34993,0.44126,0.43829,0.52543,0.48027,0.32924,0.31469,0.37901,0.27914,0.22067,0.18159,0.26281,0.18161,0.31296,0.31873,0.40073,0.42158,0.25461,0.3559,0.402,0.31895,0.28003,0.15436,0.23815,0.068411,0.19325,0.15611,0.33616,0.33051,0.45112,0.46591,0.57115,0.52513,0.43375,0.48882,0.53064,0.44181,0.4995,0.4394,0.43461,0.41386,0.40719,0.42141,0.23685,0.25264,0.35488,0.33322,0.40077,0.36695,0.32447,0.32046,0.382,0.32696,0.23323,0.32108,0.36216,0.2397,0.10471,0.10507,0.58745,0.46075,0.3883,0.44702,0.3637,0.4464,0.37265,0.30704,0.34077,0.36599,0.32401,0.23452,0.35155,0.43982,0.22862,0.29988,0.32027,0.33264,0.19262,-0.082899,0.42108,0.31402,0.40585,0.40096,0.33096,0.29416,0.21809,0.30804
0.48657,0.28548,0.63788,0.70623,0.51529,0.67145,0.67667,0.80412,0.69419,1,0.43138,0.39932,0.56715,0.63026,0.43256,0.47238,0.20592,0.15676,0.39693,0.29728,0.091805,0.036212,0.45345,0.58045,0.22622,0.35262,0.17586,0.29242,0.14403,0.13376,0.30784,0.36593,0.38578,0.35973,0.29909,0.33711,0.28895,0.24514,0.15641,0.14366,0.080813,-0.030216,0.18289,0.1783,0.26782,0.27194,0.1543,0.23939,0.31312,0.20966,0.33137,0.24096,0.28823,0.15542,0.24782,0.17055,0.20167,0.14802,0.41814,0.42206,0.56371,0.70956,0.36217,0.54544,0.58917,0.6813,0.44159,0.42987,0.23117,0.26375,0.2167,0.30175,0.012423,0.075056,0.1296,0.22839,0.23735,0.20319,0.17333,0.14875,0.26486,0.21934,0.15819,0.15446,0.44181,0.26058,0.065861,0.045313,0.61137,0.49601,0.44238,0.3786,0.40324,0.32154,0.222,0.19891,0.1425,0.1697,0.18073,0.13684,0.33225,0.30965,0.15431,0.19758,0.15729,0.17017,0.087082,-0.080435,0.26737,0.21103,0.20267,0.19514,0.18099,0.13333,0.080367,0.17278
0.68619,0.44795,0.61213,0.55474,0.50398,0.4996,0.67461,0.55625,0.53759,0.43138,1,0.56708,0.82395,0.55053,0.68719,0.52903,0.56443,0.48872,0.59146,0.53902,0.36245,0.26334,0.56851,0.4671,0.37811,0.41285,0.32297,0.31594,0.51529,0.50598,0.53249,0.48413,0.50544,0.50262,0.33144,0.31877,0.4169,0.32882,0.3447,0.30578,0.29597,0.18084,0.40177,0.38857,0.37709,0.3829,0.40857,0.44691,0.41677,0.31102,0.29097,0.2099,0.16552,0.12061,0.33722,0.28184,0.41008,0.33404,0.43251,0.40711,0.47177,0.38037,0.64527,0.41744,0.35385,0.41538,0.444,0.44071,0.40185,0.41472,0.37405,0.35815,0.22725,0.22475,0.29549,0.35647,0.35315,0.34096,0.41945,0.45636,0.5266,0.51382,0.34676,0.47127,0.43724,0.36001,0.16924,0.26284,0.46835,0.40156,0.36425,0.33938,0.32592,0.28137,0.39413,0.24254,0.43499,0.39826,0.36077,0.28416,0.31692,0.35367,0.19719,0.27689,0.18976,0.24162,0.082593,-0.11664,0.33382,0.32052,0.38823,0.37174,0.21124,0.20323,0.19324,0.19451
0.52467,0.26512,0.39554,0.53071,0.34702,0.39307,0.52545,0.58152,0.3658,0.39932,0.56708,1,0.61602,0.77831,0.43946,0.69327,0.33111,0.34658,0.29536,0.22173,0.26093,0.14402,0.33994,0.467,0.31574,0.34386,0.12395,0.21362,0.46156,0.4826,0.32128,0.33509,0.18929,0.22661,0.13042,0.061294,0.36161,0.27777,0.27295,0.29274,0.32521,0.22267,0.22861,0.29024,0.14599,0.21503,0.34782,0.3714,0.26521,0.31721,0.47605,0.40015,0.38195,0.34159,0.35656,0.42279,0.17681,0.056964,0.36452,0.28131,0.43025,0.43611,0.51803,0.46446,0.090456,0.39545,0.25351,0.27997,0.051313,0.060636,0.1874,0.15625,0.09137,0.10603,0.20406,0.14443,0.13564,0.083724,0.22447,0.25978,0.4828,0.49535,0.33689,0.52408,0.37298,0.56259,0.097171,0.28306,0.31578,0.48289,0.31805,0.18868,0.24653,0.049599,0.15989,0.060183,0.18075,0.17602,0.13916,0.20155,0.21292,0.15063,-0.01052,0.071753,0.058152,0.017126,-0.1259,-0.20971,0.22859,0.20203,0.14541,0.1538,0.031248,-0.035473,-0.13,0.13196
0.66308,0.52669,0.7074,0.69174,0.53705,0.57698,0.7442,0.69892,0.64312,0.56715,0.82395,0.61602,1,0.65017,0.78627,0.67789,0.55445,0.46416,0.61672,0.58253,0.27681,0.17794,0.6769,0.62605,0.50681,0.50082,0.27831,0.31387,0.54948,0.52088,0.55465,0.53622,0.56136,0.56731,0.42303,0.38485,0.47286,0.36682,0.38315,0.35483,0.35725,0.27539,0.47155,0.45919,0.46333,0.47262,0.46316,0.53553,0.47715,0.40176,0.29913,0.2486,0.19412,0.17803,0.33133,0.34043,0.41842,0.37891,0.44805,0.46799,0.48415,0.4799,0.60427,0.44807,0.42772,0.50279,0.55882,0.53804,0.42088,0.43655,0.35456,0.35104,0.23587,0.28012,0.34725,0.48382,0.43431,0.41462,0.50709,0.50863,0.63386,0.61861,0.49212,0.53469,0.57499,0.45479,0.21576,0.31334,0.5135,0.45994,0.40372,0.34955,0.38014,0.32346,0.35008,0.23511,0.42239,0.36826,0.32168,0.20659,0.34889,0.3977,0.21459,0.25398,0.27329,0.262,0.11797,-0.10639,0.29031,0.29315,0.39765,0.36409,0.18263,0.19377,0.10713,0.096414
0.50037,0.2262,0.56336,0.64312,0.40451,0.51656,0.61593,0.75541,0.48372,0.63026,0.55053,0.77831,0.65017,1,0.47842,0.73325,0.23969,0.17104,0.29377,0.24008,0.22636,0.087238,0.43284,0.5676,0.35934,0.40676,0.20616,0.28919,0.29197,0.31232,0.28544,0.29864,0.2392,0.21555,0.27768,0.20913,0.38595,0.33279,0.22921,0.25527,0.24477,0.15835,0.20357,0.21768,0.19719,0.21412,0.27734,0.29507,0.24693,0.18504,0.42092,0.32709,0.41298,0.35506,0.37589,0.37193,0.12408,0.020162,0.3158,0.24346,0.43078,0.54531,0.44304,0.43456,0.38253,0.60765,0.36674,0.36622,0.10954,0.13364,0.29191,0.28579,0.067963,0.12519,0.21877,0.23729,0.1836,0.15134,0.16311,0.14634,0.37789,0.37086,0.26807,0.38114,0.4985,0.50663,0.10546,0.26196,0.43583,0.50057,0.51289,0.37231,0.43136,0.26063,0.25638,0.17452,0.15587,0.21028,0.20814,0.23167,0.32026,0.31415,0.084586,0.17962,0.16629,0.15568,-0.019548,-0.15659,0.27442,0.23489,0.14909,0.17963,0.10073,0.045535,-0.016092,0.22129
0.66228,0.58925,0.63466,0.64251,0.53467,0.49084,0.6096,0.5383,0.62053,0.43256,0.68719,0.43946,0.78627,0.47842,1,0.73091,0.60603,0.49186,0.62922,0.63636,0.35199,0.25294,0.75648,0.61296,0.56682,0.57378,0.47488,0.385,0.54933,0.52203,0.63947,0.60473,0.59871,0.59135,0.50806,0.46004,0.45984,0.35112,0.44676,0.35903,0.41626,0.33115,0.55065,0.51176,0.55653,0.56349,0.51198,0.54664,0.52576,0.46756,0.1992,0.1604,0.15572,0.075924,0.27913,0.27063,0.55512,0.49304,0.40234,0.42283,0.36756,0.35909,0.60848,0.35204,0.39408,0.36901,0.58428,0.56277,0.52857,0.50588,0.37991,0.35744,0.27326,0.31066,0.29102,0.46065,0.44464,0.43831,0.55141,0.55986,0.59474,0.5605,0.59798,0.54896,0.57073,0.42312,0.34794,0.4065,0.42303,0.35735,0.34274,0.34776,0.34092,0.34941,0.36986,0.22259,0.49599,0.40486,0.33621,0.23431,0.29242,0.35157,0.21619,0.27196,0.3149,0.32578,0.15189,0.010569,0.29465,0.3412,0.48386,0.4238,0.21092,0.24475,0.20599,0.070896
0.58238,0.3985,0.50477,0.62714,0.44445,0.48075,0.55783,0.56843,0.51118,0.47238,0.52903,0.69327,0.67789,0.73325,0.73091,1,0.45732,0.38085,0.4216,0.40599,0.3263,0.22637,0.57259,0.62728,0.50791,0.54692,0.39932,0.40112,0.50125,0.52522,0.4748,0.4736,0.39627,0.3991,0.3654,0.27207,0.42916,0.35191,0.41907,0.41698,0.38181,0.29788,0.3907,0.39986,0.35953,0.41407,0.45875,0.47592,0.41321,0.39372,0.32391,0.26107,0.2559,0.18468,0.31444,0.362,0.36414,0.22467,0.38871,0.30916,0.38494,0.38637,0.57329,0.39936,0.2265,0.3805,0.43994,0.43049,0.3009,0.27478,0.30784,0.24679,0.1574,0.19029,0.22834,0.31348,0.31032,0.27615,0.39,0.4024,0.56669,0.54035,0.58121,0.64806,0.49571,0.5555,0.3384,0.46298,0.36095,0.46043,0.35242,0.24669,0.35522,0.23018,0.30984,0.19825,0.34428,0.31681,0.22769,0.20206,0.26931,0.27685,0.10846,0.20373,0.26072,0.23462,0.042237,-0.078471,0.27588,0.29789,0.31245,0.30675,0.13684,0.12317,0.060453,0.17202
0.65623,0.71591,0.36974,0.47414,0.35512,0.39326,0.35155,0.34609,0.39773,0.20592,0.56443,0.33111,0.55445,0.23969,0.60603,0.45732,1,0.81729,0.65024,0.72532,0.46698,0.35995,0.54458,0.46761,0.37305,0.39926,0.22217,0.2074,0.80522,0.76316,0.72496,0.69823,0.71776,0.78157,0.44011,0.45101,0.53049,0.42023,0.46313,0.40666,0.52287,0.40692,0.67565,0.64328,0.64327,0.67485,0.63861,0.67766,0.64436,0.57716,0.18218,0.063939,0.02693,-0.09263,0.1995,0.24192,0.80289,0.70385,0.51593,0.49515,0.27234,0.15497,0.57105,0.37769,0.040227,0.099786,0.56908,0.60564,0.67292,0.62617,0.46932,0.43087,0.42579,0.41074,0.42553,0.48063,0.64013,0.60422,0.88826,0.83236,0.83079,0.69566,0.42038,0.61968,0.29584,0.24569,0.17621,0.28836,0.23017,0.2013,0.23328,0.15456,0.30481,0.23681,0.37333,0.14167,0.61422,0.46905,0.35627,0.19663,0.24467,0.23714,0.21262,0.24937,0.29232,0.28296,0.14427,-0.16906,0.30861,0.37702,0.5882,0.51744,0.27541,0.39089,0.22072,0.043951
0.57468,0.69262,0.29895,0.42721,0.27856,0.30516,0.30348,0.2839,0.36315,0.15676,0.48872,0.34658,0.46416,0.17104,0.49186,0.38085,0.81729,1,0.54172,0.62359,0.33388,0.30047,0.49664,0.40362,0.29052,0.33157,0.17506,0.20121,0.63054,0.70688,0.61797,0.6061,0.55973,0.65157,0.36061,0.31552,0.42452,0.30422,0.34596,0.30667,0.41922,0.34088,0.5143,0.52372,0.48979,0.54568,0.49962,0.55297,0.5019,0.49674,0.14408,0.075257,0.043303,-0.097334,0.12262,0.17245,0.74966,0.7249,0.4565,0.4938,0.27473,0.22753,0.51509,0.4478,0.060482,0.033676,0.41995,0.45856,0.55207,0.49791,0.3717,0.33155,0.32096,0.33727,0.36846,0.37899,0.45826,0.45405,0.68916,0.76148,0.66365,0.63029,0.3185,0.59158,0.26624,0.21585,0.12129,0.25145,0.21167,0.23332,0.15971,0.18996,0.24348,0.25019,0.30165,0.10147,0.54855,0.39061,0.36039,0.1882,0.16024,0.19228,0.17911,0.17067,0.19591,0.182,0.094549,-0.165,0.28075,0.28706,0.52617,0.46495,0.32147,0.33507,0.15561,0.044298
0.80606,0.71821,0.68027,0.62734,0.52748,0.48466,0.59982,0.49406,0.50519,0.39693,0.59146,0.29536,0.61672,0.29377,0.62922,0.4216,0.65024,0.54172,1,0.85276,0.31086,0.28775,0.65075,0.53456,0.37707,0.44138,0.31712,0.31675,0.49636,0.4318,0.62108,0.56951,0.79154,0.7832,0.46689,0.50901,0.47926,0.43261,0.47902,0.39314,0.38036,0.32765,0.4884,0.45945,0.53114,0.50269,0.40693,0.50424,0.56615,0.43941,0.28613,0.12283,0.10248,-0.03651,0.29166,0.21762,0.71224,0.61458,0.66516,0.68089,0.54075,0.37398,0.66645,0.46691,0.30832,0.3004,0.71842,0.64317,0.70612,0.66852,0.39268,0.43037,0.39985,0.4115,0.47209,0.52566,0.60382,0.6067,0.55457,0.52271,0.57205,0.49295,0.35343,0.41934,0.39333,0.22991,0.24424,0.22126,0.51119,0.34757,0.2611,0.31433,0.35385,0.32936,0.43195,0.31915,0.52506,0.43447,0.36433,0.20945,0.34572,0.36488,0.30402,0.32442,0.25854,0.32521,0.21798,-0.068748,0.36381,0.39995,0.53699,0.52869,0.32746,0.37469,0.25777,0.038643
0.69352,0.88498,0.60862,0.64454,0.45032,0.4679,0.45936,0.42086,0.46404,0.29728,0.53902,0.22173,0.58253,0.24008,0.63636,0.40599,0.72532,0.62359,0.85276,1,0.35494,0.35777,0.70091,0.56532,0.44846,0.47575,0.33039,0.33308,0.46948,0.44571,0.68868,0.63551,0.82479,0.84972,0.58422,0.57593,0.51826,0.48065,0.42899,0.40248,0.42196,0.4261,0.60346,0.60054,0.68129,0.67277,0.47719,0.60589,0.56597,0.47188,0.082817,-0.060865,-0.050476,-0.14614,0.13906,0.13781,0.79219,0.81794,0.52255,0.64138,0.31751,0.2457,0.5861,0.31572,0.31551,0.21547,0.82295,0.80355,0.89202,0.88526,0.49319,0.50244,0.5254,0.57544,0.56681,0.67421,0.6644,0.68287,0.64839,0.59933,0.63334,0.57297,0.34392,0.43445,0.42802,0.28835,0.20293,0.24072,0.3935,0.22152,0.33121,0.39058,0.51805,0.49369,0.59935,0.4608,0.7138,0.60702,0.46897,0.22338,0.4338,0.44499,0.41555,0.38896,0.3577,0.39617,0.34277,-0.098645,0.46149,0.52044,0.76284,0.67146,0.47662,0.54645,0.37465,0.075085
0.38444,0.31389,0.33014,0.32542,0.27526,0.412,0.22507,0.1814,0.16066,0.091805,0.36245,0.26093,0.27681,0.22636,0.35199,0.3263,0.46698,0.33388,0.31086,0.35494,1,0.77592,0.35503,0.34463,0.36789,0.38925,0.44494,0.39511,0.43772,0.50279,0.58777,0.49652,0.48322,0.49013,0.43844,0.38317,0.5491,0.49416,0.59587,0.56701,0.53329,0.45804,0.34057,0.32667,0.36717,0.34015,0.42518,0.41868,0.38453,0.34327,0.25234,0.2707,0.16031,0.17816,0.43593,0.43745,0.30664,0.25911,0.32239,0.26969,0.16897,0.16924,0.32554,0.23623,0.075355,0.23298,0.39262,0.44196,0.32062,0.34431,0.46024,0.4444,0.3543,0.29818,0.31377,0.27519,0.3428,0.29507,0.38721,0.32425,0.42052,0.30477,0.28616,0.46554,0.14928,0.10442,0.29279,0.29694,0.20089,0.23443,0.31243,0.24754,0.21019,0.15792,0.4099,0.35003,0.4384,0.43042,0.32353,0.28097,0.19651,0.16949,0.10706,0.14122,0.11442,0.1759,0.13037,-0.11805,0.26725,0.39187,0.35907,0.29948,0.18381,0.18268,0.18161,0.18004
0.28416,0.30296,0.25873,0.23788,0.26453,0.40227,0.13152,0.10488,0.16204,0.036212,0.26334,0.14402,0.17794,0.087238,0.25294,0.22637,0.35995,0.30047,0.28775,0.35777,0.77592,1,0.26264,0.20802,0.26609,0.29203,0.41942,0.4525,0.33173,0.37382,0.44743,0.36883,0.41752,0.43672,0.28455,0.29051,0.41176,0.41228,0.49673,0.52839,0.47545,0.56941,0.3246,0.30577,0.35058,0.32481,0.38204,0.37602,0.37398,0.323,0.15623,0.16024,0.025672,0.039065,0.32939,0.31375,0.29311,0.28284,0.28147,0.25491,0.12605,0.079832,0.19398,0.16764,0.031085,0.11083,0.31228,0.36039,0.33554,0.35739,0.49589,0.51678,0.48327,0.46968,0.3604,0.34259,0.37146,0.34795,0.29021,0.2435,0.23946,0.16266,0.26996,0.3814,0.035865,-0.025861,0.36759,0.20712,0.22951,0.19022,0.31176,0.24465,0.26833,0.20006,0.50907,0.51204,0.52269,0.50858,0.48671,0.34457,0.31537,0.20816,0.3055,0.27035,0.25614,0.31874,0.38683,0.073387,0.3547,0.44916,0.41985,0.42536,0.3402,0.30961,0.35368,0.24402
0.66052,0.58763,0.74638,0.79429,0.41468,0.50061,0.5814,0.55968,0.54954,0.45345,0.56851,0.33994,0.6769,0.43284,0.75648,0.57259,0.54458,0.49664,0.65075,0.70091,0.35503,0.26264,1,0.88177,0.74607,0.78316,0.51628,0.59441,0.36121,0.40506,0.7669,0.73151,0.65354,0.66533,0.76265,0.62697,0.47134,0.36397,0.40516,0.34609,0.37737,0.28294,0.50204,0.457,0.59883,0.55128,0.41856,0.50096,0.4658,0.35804,0.18413,0.067039,0.19605,0.10799,0.2293,0.25624,0.5694,0.52605,0.42892,0.46131,0.39888,0.42908,0.5919,0.36441,0.53852,0.45899,0.74588,0.7099,0.55077,0.55573,0.35691,0.41399,0.29774,0.31277,0.4007,0.46364,0.42123,0.4055,0.53727,0.51075,0.56044,0.54098,0.46531,0.43316,0.65436,0.45237,0.2907,0.4431,0.46589,0.40631,0.37968,0.47162,0.42792,0.46498,0.34217,0.24507,0.45116,0.39181,0.26844,0.16096,0.25592,0.35832,0.1353,0.19099,0.19556,0.2832,0.10302,-0.17029,0.3018,0.30699,0.53083,0.40311,0.21728,0.23632,0.086103,0.08344
0.5952,0.46301,0.6456,0.87282,0.33349,0.51609,0.52301,0.67872,0.49311,0.58045,0.4671,0.467,0.62605,0.5676,0.61296,0.62728,0.46761,0.40362,0.53456,0.56532,0.34463,0.20802,0.88177,1,0.71901,0.81004,0.41485,0.57833,0.33943,0.40881,0.69435,0.73082,0.56943,0.60943,0.71418,0.60359,0.45165,0.36336,0.39175,0.39535,0.32884,0.21538,0.44618,0.40799,0.51134,0.48911,0.39982,0.47497,0.4411,0.35657,0.28846,0.18997,0.30628,0.1916,0.25669,0.3277,0.44725,0.35731,0.45154,0.44982,0.42171,0.54266,0.55231,0.43161,0.49216,0.59313,0.69202,0.6996,0.39585,0.42356,0.21788,0.30944,0.15479,0.15683,0.30944,0.34529,0.33047,0.28499,0.46925,0.43864,0.56208,0.5273,0.46066,0.46553,0.65967,0.50293,0.24056,0.45253,0.4588,0.4773,0.41121,0.36614,0.43167,0.33219,0.23852,0.1534,0.31846,0.28512,0.12828,0.06684,0.21102,0.24436,0.010566,0.08791,0.10896,0.16125,0.057241,-0.28235,0.2278,0.22208,0.40341,0.25588,0.10111,0.10648,-0.07829,0.054405
0.43198,0.34541,0.48902,0.5659,0.12832,0.29686,0.28772,0.3734,0.26385,0.22622,0.37811,0.31574,0.50681,0.35934,0.56682,0.50791,0.37305,0.29052,0.37707,0.44846,0.36789,0.26609,0.74607,0.71901,1,0.86784,0.52372,0.66036,0.27325,0.30356,0.62267,0.56045,0.42323,0.45532,0.67635,0.49497,0.34704,0.23314,0.33692,0.3147,0.36232,0.24457,0.44847,0.38371,0.491,0.43575,0.40591,0.41734,0.41705,0.35727,0.25053,0.1962,0.23395,0.19015,0.25803,0.33677,0.35047,0.29086,0.32672,0.30127,0.19802,0.27828,0.46448,0.21679,0.31383,0.37237,0.55213,0.53749,0.32019,0.35485,0.22581,0.24291,0.18388,0.18935,0.17205,0.3179,0.2985,0.23693,0.39533,0.38944,0.46634,0.43021,0.51744,0.40287,0.58933,0.45586,0.37337,0.49582,0.22214,0.31073,0.35813,0.29718,0.3251,0.27238,0.24449,0.15476,0.34308,0.30054,0.18423,0.15027,0.20394,0.24883,0.11899,0.1708,0.2122,0.28042,0.12396,-0.10839,0.22424,0.22205,0.36156,0.22174,0.073744,0.15063,0.041481,0.068447
0.52712,0.36164,0.53219,0.67384,0.17708,0.38136,0.33246,0.46148,0.30899,0.35262,0.41285,0.34386,0.50082,0.40676,0.57378,0.54692,0.39926,0.33157,0.44138,0.47575,0.38925,0.29203,0.78316,0.81004,0.86784,1,0.47658,0.68714,0.29763,0.31163,0.67835,0.66706,0.50213,0.52152,0.69869,0.57734,0.33125,0.24645,0.35347,0.34516,0.30739,0.19954,0.41308,0.35853,0.49176,0.43093,0.37899,0.40495,0.43197,0.33378,0.29766,0.19526,0.27431,0.17429,0.29382,0.30368,0.40891,0.2989,0.39952,0.35896,0.31287,0.37961,0.52721,0.33723,0.37085,0.4693,0.58795,0.59419,0.34205,0.3691,0.2077,0.25291,0.1853,0.15876,0.17698,0.28165,0.31164,0.25641,0.40009,0.39062,0.45317,0.42618,0.51217,0.41172,0.58546,0.43038,0.3534,0.45594,0.30495,0.36062,0.38005,0.28066,0.3512,0.25659,0.26184,0.17416,0.33266,0.28879,0.15065,0.12077,0.19972,0.2278,0.11455,0.14681,0.18367,0.25844,0.11521,-0.12677,0.23958,0.26107,0.37288,0.22796,0.092798,0.12683,0.046271,0.08667
0.33916,0.2721,0.44781,0.30844,0.45518,0.3416,0.27341,0.1343,0.31405,0.17586,0.32297,0.12395,0.27831,0.20616,0.47488,0.39932,0.22217,0.17506,0.31712,0.33039,0.44494,0.41942,0.51628,0.41485,0.52372,0.47658,1,0.6698,0.057085,0.15283,0.31057,0.20883,0.37771,0.31166,0.51381,0.42551,0.38879,0.35715,0.43149,0.38869,0.23582,0.24549,0.32967,0.28669,0.38122,0.31201,0.28933,0.30972,0.32389,0.27357,0.21565,0.13814,0.14757,0.16342,0.33157,0.2882,0.25036,0.23631,0.27099,0.24379,0.21519,0.20666,0.37636,0.13126,0.38825,0.2654,0.45799,0.41549,0.32933,0.33025,0.33093,0.33712,0.18685,0.19474,0.12484,0.2644,0.26525,0.24908,0.21048,0.18831,0.25234,0.25945,0.36752,0.36782,0.40739,0.27077,0.53473,0.48422,0.38246,0.3114,0.2687,0.38247,0.22924,0.30952,0.3785,0.36126,0.38737,0.39319,0.29006,0.28437,0.20518,0.27905,0.19671,0.28094,0.30786,0.40968,0.23468,0.13323,0.32314,0.35332,0.37046,0.35791,0.22251,0.2345,0.30039,0.36455
0.36127,0.21085,0.47438,0.43964,0.27428,0.40976,0.24869,0.2426,0.31433,0.29242,0.31594,0.21362,0.31387,0.28919,0.385,0.40112,0.2074,0.20121,0.31675,0.33308,0.39511,0.4525,0.59441,0.57833,0.66036,0.68714,0.6698,1,0.099083,0.1505,0.4207,0.38907,0.38619,0.35378,0.53947,0.42414,0.31757,0.29912,0.36588,0.36859,0.35569,0.27273,0.2255,0.19411,0.30553,0.24045,0.19287,0.23613,0.2862,0.19566,0.25527,0.17412,0.20552,0.20476,0.30222,0.30774,0.21783,0.16001,0.25997,0.24735,0.28517,0.32529,0.37876,0.22742,0.40428,0.36477,0.42372,0.40011,0.24243,0.27861,0.26013,0.29088,0.23969,0.22307,0.19507,0.22433,0.21356,0.18596,0.19924,0.15595,0.21346,0.2086,0.42089,0.33101,0.42878,0.27726,0.46391,0.40855,0.38886,0.35445,0.37388,0.35964,0.32379,0.2839,0.3024,0.30701,0.24669,0.31286,0.23638,0.23712,0.26048,0.29818,0.21014,0.22329,0.25425,0.35252,0.24123,0.033508,0.32922,0.30119,0.2859,0.24499,0.18105,0.17415,0.14943,0.26041
0.53056,0.47457,0.25351,0.36862,0.32729,0.27995,0.37166,0.3174,0.38596,0.14403,0.51529,0.46156,0.54948,0.29197,0.54933,0.50125,0.80522,0.63054,0.49636,0.46948,0.43772,0.33173,0.36121,0.33943,0.27325,0.29763,0.057085,0.099083,1,0.87898,0.65933,0.65659,0.55782,0.63037,0.19785,0.20836,0.45253,0.35126,0.49847,0.45913,0.58961,0.44714,0.51491,0.48909,0.4123,0.4635,0.57514,0.56148,0.49359,0.48515,0.20706,0.1913,0.076808,0.0023986,0.27103,0.35206,0.50988,0.40274,0.40065,0.32558,0.26017,0.10245,0.43665,0.37616,-0.12348,0.046099,0.30516,0.33375,0.40635,0.34039,0.35549,0.28111,0.35561,0.28149,0.32157,0.28935,0.45388,0.41497,0.71476,0.70414,0.72389,0.55409,0.54475,0.69269,0.083873,0.15905,0.20271,0.25973,0.15637,0.19876,0.094288,-0.064989,0.081831,-0.039533,0.2693,0.074829,0.43766,0.35411,0.21588,0.15728,0.113,0.049187,0.064647,0.11274,0.20224,0.090598,0.021892,-0.092254,0.2123,0.3027,0.32224,0.33778,0.10978,0.16786,0.03309,0.010098
0.47195,0.46689,0.23763,0.38957,0.27743,0.28407,0.33474,0.30766,0.34993,0.13376,0.50598,0.4826,0.52088,0.31232,0.52203,0.52522,0.76316,0.70688,0.4318,0.44571,0.50279,0.37382,0.40506,0.40881,0.30356,0.31163,0.15283,0.1505,0.87898,1,0.66239,0.67718,0.51213,0.60465,0.26797,0.24674,0.48832,0.39404,0.4914,0.49158,0.52039,0.44899,0.51227,0.4732,0.40783,0.46793,0.5729,0.56995,0.46217,0.47181,0.16395,0.21736,0.10977,0.084331,0.27555,0.43089,0.47615,0.39775,0.33507,0.27536,0.20863,0.13349,0.40615,0.36336,-0.062782,0.072811,0.29846,0.34643,0.37084,0.31319,0.34325,0.29678,0.28772,0.25225,0.30804,0.26263,0.42929,0.39113,0.69519,0.73928,0.71452,0.59823,0.48019,0.796,0.15698,0.18697,0.20886,0.36762,0.16041,0.2643,0.14076,0.038985,0.10105,0.018331,0.27125,0.053649,0.4414,0.35208,0.21636,0.20297,0.073769,0.066771,0.0024142,0.074252,0.1249,0.053975,0.027894,-0.11119,0.18631,0.26013,0.30569,0.3367,0.12988,0.13385,-0.0010454,0.022844
0.62691,0.60198,0.54227,0.65668,0.34454,0.46875,0.45022,0.46542,0.44126,0.30784,0.53249,0.32128,0.55465,0.28544,0.63947,0.4748,0.72496,0.61797,0.62108,0.68868,0.58777,0.44743,0.7669,0.69435,0.62267,0.67835,0.31057,0.4207,0.65933,0.66239,1,0.93313,0.7346,0.82085,0.60046,0.542,0.48734,0.3587,0.4637,0.43352,0.4657,0.32365,0.54646,0.49971,0.59696,0.58291,0.51001,0.55853,0.55284,0.45452,0.18425,0.15492,0.15905,-0.0020677,0.2793,0.31396,0.61496,0.56587,0.49505,0.51041,0.32853,0.28835,0.53329,0.42192,0.18983,0.29222,0.62523,0.64569,0.56429,0.56333,0.46433,0.43529,0.37824,0.32561,0.3834,0.38982,0.49036,0.45915,0.6817,0.63139,0.66673,0.53454,0.45268,0.55225,0.32644,0.19889,0.19192,0.27349,0.27058,0.29304,0.29997,0.25848,0.33413,0.28238,0.40209,0.22646,0.54467,0.45246,0.31169,0.16411,0.21184,0.23509,0.13895,0.1805,0.1676,0.16939,0.13435,-0.23103,0.30879,0.36438,0.53259,0.42583,0.24163,0.26809,0.098033,0.056783
0.58389,0.53997,0.49108,0.67989,0.31693,0.44076,0.41475,0.50756,0.43829,0.36593,0.48413,0.33509,0.53622,0.29864,0.60473,0.4736,0.69823,0.6061,0.56951,0.63551,0.49652,0.36883,0.73151,0.73082,0.56045,0.66706,0.20883,0.38907,0.65659,0.67718,0.93313,1,0.69746,0.80636,0.5592,0.51385,0.44032,0.32712,0.4207,0.40421,0.43006,0.28378,0.53337,0.47776,0.57192,0.56913,0.49826,0.54,0.54514,0.43784,0.1721,0.16046,0.17553,-0.016797,0.22637,0.28824,0.56235,0.50504,0.47444,0.47901,0.31765,0.32015,0.48532,0.435,0.1966,0.32789,0.57878,0.62131,0.50503,0.52039,0.37014,0.38659,0.32516,0.26795,0.35233,0.33708,0.42877,0.40391,0.67548,0.62282,0.6286,0.51349,0.4548,0.53132,0.32827,0.20024,0.15633,0.2547,0.27089,0.28049,0.27643,0.20621,0.32175,0.23867,0.32099,0.12756,0.48456,0.39611,0.24486,0.11356,0.1679,0.18373,0.082338,0.12996,0.14707,0.11062,0.12619,-0.22955,0.27631,0.32007,0.49706,0.36742,0.20223,0.22596,0.024373,0.0176
0.69405,0.74793,0.6287,0.5884,0.51317,0.53984,0.50506,0.44389,0.52543,0.38578,0.50544,0.18929,0.56136,0.2392,0.59871,0.39627,0.71776,0.55973,0.79154,0.82479,0.48322,0.41752,0.65354,0.56943,0.42323,0.50213,0.37771,0.38619,0.55782,0.51213,0.7346,0.69746,1,0.94421,0.66668,0.70746,0.53494,0.45645,0.50941,0.44637,0.42898,0.3855,0.57915,0.49742,0.68586,0.63956,0.4775,0.55645,0.63201,0.4596,0.18728,0.044466,0.056312,-0.094626,0.29756,0.23511,0.68029,0.66807,0.59799,0.57344,0.45388,0.34079,0.59964,0.43298,0.40237,0.3404,0.77108,0.74519,0.79527,0.76761,0.52668,0.52642,0.48426,0.47471,0.44953,0.54762,0.66763,0.66696,0.65896,0.63007,0.63253,0.52304,0.40297,0.47865,0.35414,0.14255,0.29577,0.21269,0.48744,0.2944,0.31339,0.31119,0.40236,0.39942,0.54051,0.39796,0.63944,0.56922,0.42669,0.20681,0.34033,0.39832,0.3441,0.37045,0.36163,0.37672,0.35518,-0.024354,0.4185,0.48221,0.6303,0.58201,0.40856,0.47514,0.33438,0.1122
0.68213,0.76671,0.57103,0.6357,0.44697,0.53525,0.45957,0.46455,0.48027,0.35973,0.50262,0.22661,0.56731,0.21555,0.59135,0.3991,0.78157,0.65157,0.7832,0.84972,0.49013,0.43672,0.66533,0.60943,0.45532,0.52152,0.31166,0.35378,0.63037,0.60465,0.82085,0.80636,0.94421,1,0.62062,0.65871,0.52872,0.44444,0.51756,0.48924,0.4644,0.40575,0.62826,0.55966,0.70511,0.6837,0.53737,0.62114,0.6828,0.54452,0.18738,0.10174,0.05227,-0.12195,0.25796,0.26426,0.72916,0.71566,0.62132,0.63529,0.40676,0.32432,0.57709,0.47016,0.27046,0.28562,0.75027,0.75659,0.77459,0.75261,0.48681,0.48694,0.45795,0.44129,0.43772,0.53307,0.66495,0.66124,0.72391,0.69306,0.67713,0.55348,0.44021,0.52947,0.30421,0.11741,0.26845,0.22432,0.38636,0.27482,0.28259,0.2388,0.3948,0.3372,0.50658,0.33563,0.66358,0.56415,0.4103,0.17816,0.30328,0.32053,0.29031,0.30361,0.32692,0.30692,0.32836,-0.10113,0.40492,0.46217,0.66157,0.56734,0.39059,0.45932,0.25376,0.055095
0.47183,0.51054,0.52461,0.57404,0.26327,0.42676,0.31218,0.33172,0.32924,0.29909,0.33144,0.13042,0.42303,0.27768,0.50806,0.3654,0.44011,0.36061,0.46689,0.58422,0.43844,0.28455,0.76265,0.71418,0.67635,0.69869,0.51381,0.53947,0.19785,0.26797,0.60046,0.5592,0.66668,0.62062,1,0.84374,0.46687,0.41307,0.34825,0.31199,0.29979,0.29035,0.44938,0.3686,0.61875,0.53913,0.33595,0.38797,0.45613,0.28757,0.17389,0.02367,0.18675,0.11653,0.17365,0.1915,0.49737,0.4927,0.39075,0.38092,0.2767,0.32524,0.46589,0.23129,0.49641,0.37064,0.76667,0.75201,0.55432,0.56197,0.34624,0.38821,0.29394,0.29645,0.36178,0.41642,0.48934,0.44794,0.46386,0.41331,0.45645,0.40733,0.32818,0.28646,0.54434,0.30853,0.29067,0.38292,0.29815,0.29286,0.34191,0.43565,0.43056,0.45756,0.33804,0.26496,0.412,0.3769,0.22824,0.11338,0.24688,0.36031,0.19648,0.2172,0.21877,0.34209,0.21821,-0.11241,0.25203,0.29127,0.50029,0.36874,0.25852,0.32212,0.2126,0.11451
0.48439,0.51435,0.48725,0.53497,0.28832,0.45952,0.3101,0.3554,0.31469,0.33711,0.31877,0.061294,0.38485,0.20913,0.46004,0.27207,0.45101,0.31552,0.50901,0.57593,0.38317,0.29051,0.62697,0.60359,0.49497,0.57734,0.42551,0.42414,0.20836,0.24674,0.542,0.51385,0.70746,0.65871,0.84374,1,0.39392,0.36022,0.37613,0.31314,0.20276,0.22058,0.49646,0.37346,0.65495,0.5668,0.35811,0.40273,0.55854,0.33787,0.17746,0.046472,0.10068,0.044936,0.1857,0.14581,0.51136,0.49721,0.46868,0.40507,0.29587,0.30665,0.43722,0.27462,0.43951,0.35713,0.72668,0.73479,0.57533,0.55673,0.33247,0.37022,0.24886,0.26866,0.27041,0.40069,0.52958,0.51602,0.45446,0.41043,0.40143,0.30822,0.28699,0.23309,0.40525,0.1149,0.28052,0.24122,0.27599,0.19196,0.28861,0.33472,0.37728,0.35059,0.35956,0.28588,0.43413,0.36497,0.22557,0.082585,0.23843,0.27724,0.19257,0.24183,0.23749,0.35341,0.27072,-0.051884,0.25148,0.31292,0.48953,0.40584,0.27427,0.35012,0.25148,0.1139
0.50613,0.50742,0.45253,0.48807,0.41722,0.44909,0.35597,0.32359,0.37901,0.28895,0.4169,0.36161,0.47286,0.38595,0.45984,0.42916,0.53049,0.42452,0.47926,0.51826,0.5491,0.41176,0.47134,0.45165,0.34704,0.33125,0.38879,0.31757,0.45253,0.48832,0.48734,0.44032,0.53494,0.52872,0.46687,0.39392,1,0.8367,0.70192,0.73065,0.61247,0.57255,0.3867,0.40768,0.3806,0.37548,0.4306,0.50306,0.44862,0.46457,0.37714,0.31482,0.21909,0.2911,0.51586,0.56149,0.43389,0.41391,0.44107,0.43441,0.26353,0.20721,0.35921,0.22456,0.17555,0.23169,0.54153,0.55103,0.47063,0.45978,0.46405,0.50822,0.40532,0.37822,0.48029,0.42735,0.51952,0.50179,0.40444,0.3427,0.46001,0.38606,0.30205,0.48261,0.33266,0.26932,0.19546,0.38425,0.41944,0.39801,0.40918,0.46679,0.34526,0.38123,0.49844,0.42691,0.48121,0.50663,0.37519,0.38972,0.34192,0.36303,0.216,0.25494,0.25853,0.30113,0.17826,-0.078509,0.38091,0.47015,0.4366,0.47481,0.30787,0.30957,0.22607,0.12748
0.40245,0.43578,0.3665,0.4082,0.36349,0.41496,0.26861,0.23536,0.27914,0.24514,0.32882,0.27777,0.36682,0.33279,0.35112,0.35191,0.42023,0.30422,0.43261,0.48065,0.49416,0.41228,0.36397,0.36336,0.23314,0.24645,0.35715,0.29912,0.35126,0.39404,0.3587,0.32712,0.45645,0.44444,0.41307,0.36022,0.8367,1,0.58813,0.73039,0.54749,0.60128,0.28333,0.31718,0.31216,0.31302,0.29726,0.38388,0.33428,0.37311,0.29998,0.24031,0.14665,0.2361,0.43173,0.46176,0.344,0.32596,0.32045,0.3623,0.15928,0.11916,0.28877,0.11606,0.1614,0.19603,0.50847,0.52716,0.47929,0.45942,0.41439,0.51301,0.37648,0.42427,0.51468,0.44884,0.52999,0.54825,0.29291,0.1967,0.37418,0.29172,0.26593,0.43064,0.27707,0.27645,0.25355,0.43355,0.39171,0.39476,0.44235,0.48713,0.45409,0.44206,0.57229,0.57266,0.47069,0.57902,0.39367,0.42062,0.46702,0.44232,0.37596,0.38196,0.34467,0.41129,0.28613,0.017271,0.4836,0.5465,0.4559,0.52479,0.43011,0.45326,0.38625,0.20404
0.49189,0.36924,0.36289,0.41562,0.30746,0.29991,0.29455,0.22138,0.22067,0.15641,0.3447,0.27295,0.38315,0.22921,0.44676,0.41907,0.46313,0.34596,0.47902,0.42899,0.59587,0.49673,0.40516,0.39175,0.33692,0.35347,0.43149,0.36588,0.49847,0.4914,0.4637,0.4207,0.50941,0.51756,0.34825,0.37613,0.70192,0.58813,1,0.79289,0.6258,0.5658,0.42597,0.41992,0.37147,0.36921,0.50635,0.5176,0.49173,0.47577,0.31437,0.31394,0.15387,0.2043,0.57836,0.54304,0.42765,0.32351,0.4499,0.36397,0.24653,0.15721,0.34137,0.19966,0.063709,0.14837,0.41963,0.41748,0.36573,0.32435,0.24381,0.27987,0.31007,0.25425,0.20487,0.29955,0.30376,0.28883,0.38914,0.38751,0.41034,0.33286,0.56479,0.51239,0.21359,0.15499,0.52839,0.48068,0.3368,0.26186,0.1205,0.086923,0.022137,-0.028737,0.36394,0.31231,0.43841,0.39621,0.21988,0.21566,0.05428,-0.0072543,0.033025,0.055264,0.14822,0.13821,0.10449,0.043686,0.18867,0.35653,0.31152,0.27241,0.053592,0.074531,0.0086194,0.0099298
0.37635,0.33396,0.29579,0.40897,0.27674,0.31014,0.1908,0.19393,0.18159,0.14366,0.30578,0.29274,0.35483,0.25527,0.35903,0.41698,0.40666,0.30667,0.39314,0.40248,0.56701,0.52839,0.34609,0.39535,0.3147,0.34516,0.38869,0.36859,0.45913,0.49158,0.43352,0.40421,0.44637,0.48924,0.31199,0.31314,0.73065,0.73039,0.79289,1,0.57416,0.62915,0.37317,0.38509,0.33851,0.36189,0.44565,0.4946,0.41874,0.46296,0.27854,0.28952,0.14795,0.16593,0.52538,0.62653,0.33347,0.2605,0.35434,0.32427,0.1617,0.096591,0.25982,0.14262,0.025888,0.14767,0.38803,0.44188,0.35611,0.34646,0.23384,0.28176,0.25447,0.24712,0.27997,0.28098,0.32026,0.318,0.30889,0.26253,0.35679,0.28098,0.4732,0.56609,0.15914,0.16167,0.37508,0.47616,0.33203,0.31752,0.20799,0.14118,0.12263,0.059568,0.42987,0.46617,0.42267,0.50439,0.22551,0.24564,0.11061,0.075597,0.06536,0.084187,0.18056,0.1284,0.17697,-0.062709,0.22769,0.45284,0.32262,0.32112,0.14662,0.13554,0.067248,0.033518
0.44245,0.39732,0.27478,0.3482,0.21453,0.25954,0.24368,0.19051,0.26281,0.080813,0.29597,0.32521,0.35725,0.24477,0.41626,0.38181,0.52287,0.41922,0.38036,0.42196,0.53329,0.47545,0.37737,0.32884,0.36232,0.30739,0.23582,0.35569,0.58961,0.52039,0.4657,0.43006,0.42898,0.4644,0.29979,0.20276,0.61247,0.54749,0.6258,0.57416,1,0.75932,0.33529,0.3423,0.29589,0.31868,0.3712,0.41314,0.36143,0.40601,0.29034,0.25498,0.17547,0.19243,0.43218,0.43092,0.37308,0.31834,0.30025,0.22176,0.17128,0.10719,0.35739,0.19838,0.068314,0.081577,0.31729,0.30328,0.35268,0.30298,0.4308,0.41526,0.52681,0.48436,0.42707,0.3774,0.39089,0.36023,0.39076,0.38426,0.45233,0.35994,0.54748,0.50927,0.24056,0.25999,0.38979,0.42735,0.2394,0.26334,0.28449,0.18426,0.20365,0.1265,0.31481,0.28941,0.34639,0.4058,0.31132,0.31618,0.20194,0.16483,0.17388,0.15839,0.2491,0.20205,0.13865,-0.031092,0.24326,0.30601,0.31998,0.3216,0.17278,0.20314,0.10526,-0.011062
0.31994,0.41433,0.21907,0.25199,0.20016,0.18199,0.1461,0.098114,0.18161,-0.030216,0.18084,0.22267,0.27539,0.15835,0.33115,0.29788,0.40692,0.34088,0.32765,0.4261,0.45804,0.56941,0.28294,0.21538,0.24457,0.19954,0.24549,0.27273,0.44714,0.44899,0.32365,0.28378,0.3855,0.40575,0.29035,0.22058,0.57255,0.60128,0.5658,0.62915,0.75932,1,0.35718,0.35446,0.34648,0.34856,0.3698,0.40071,0.31372,0.35152,0.1549,0.10892,0.074755,0.10797,0.3551,0.37846,0.35195,0.34073,0.21546,0.1917,0.10885,0.040546,0.23176,0.069386,0.073908,0.026305,0.34303,0.34643,0.39409,0.34551,0.47554,0.50406,0.64523,0.66963,0.49897,0.43918,0.42095,0.42008,0.29471,0.29537,0.34503,0.29282,0.43766,0.44174,0.19994,0.22325,0.37698,0.41308,0.25655,0.22201,0.25973,0.21333,0.25313,0.186,0.42312,0.42948,0.43464,0.49004,0.37756,0.29858,0.24495,0.22872,0.2831,0.25206,0.27736,0.28891,0.27393,0.043306,0.23672,0.3924,0.37949,0.43723,0.29211,0.31454,0.22584,-0.011635
0.44756,0.6141,0.33875,0.46442,0.28751,0.36244,0.27289,0.34659,0.31296,0.18289,0.40177,0.22861,0.47155,0.20357,0.55065,0.3907,0.67565,0.5143,0.4884,0.60346,0.34057,0.3246,0.50204,0.44618,0.44847,0.41308,0.32967,0.2255,0.51491,0.51227,0.54646,0.53337,0.57915,0.62826,0.44938,0.49646,0.3867,0.28333,0.42597,0.37317,0.33529,0.35718,1,0.93001,0.90094,0.89418,0.91834,0.92123,0.82953,0.79434,0.15188,0.14809,-0.0097411,-0.062832,0.19657,0.33259,0.62377,0.60062,0.37917,0.38882,0.05419,0.049844,0.38569,0.17749,0.047517,0.13529,0.5761,0.65735,0.5864,0.56096,0.44729,0.42196,0.39441,0.4061,0.33639,0.5208,0.54759,0.54075,0.70509,0.70146,0.63951,0.57803,0.38009,0.45662,0.30863,0.27126,0.29184,0.36636,0.1133,0.095171,0.22677,0.15221,0.24077,0.16574,0.3843,0.16341,0.72988,0.56182,0.42982,0.25685,0.18977,0.13553,0.18736,0.20259,0.36445,0.34891,0.20537,-0.074546,0.19092,0.44053,0.65773,0.58487,0.21148,0.30943,0.23535,0.070329
