1,0.80451,0.79026,0.84061,0.73398,0.6923,0.76571,0.7938,0.6019,0.63243,0.83789,0.72651,0.77695,0.76151,0.76762,0.67822,0.70656,0.6826,0.86359,0.76928,0.54481,0.43772,0.78777,0.76899,0.65722,0.55841,0.63571,0.65188,0.65931,0.62851,0.62224,0.61862,0.74298,0.73894,0.77294,0.61877,0.67369,0.65839,0.71477,0.67841,0.67775,0.65316,0.63896,0.59761,0.52963,0.55298,0.55482,0.61089,0.57632,0.583,0.50731,0.4114,0.61753,0.52258,0.53255,0.54052,0.83717,0.74821,0.60782,0.53389,0.75809,0.55354,0.73494,0.60604,0.56298,0.45048,0.71509,0.65993,0.60464,0.54292,0.46911,0.36497,0.59196,0.48378,0.47581,0.40752,0.4952,0.44784,0.5373,0.66771,0.72527,0.66693,0.71581,0.69627,0.64323,0.50265,0.66453,0.58519,0.6129,0.60947,0.35975,0.2788,0.1162,0.23147,0.35672,0.30131,0.14741,0.13553,0.080211,0.21164,0.26479,0.11538,0.19363,0.12964,0.17936,0.13801,0.14446,0.010166,0.32258,0.37491,0.07209,0.27188,0.12952,0.31433,0.28382,0.019909
0.80451,1,0.68933,0.78701,0.6208,0.58941,0.55279,0.68134,0.4231,0.48754,0.58067,0.60983,0.53062,0.60838,0.58075,0.61821,0.73816,0.7682,0.82035,0.86214,0.59392,0.44588,0.66099,0.69672,0.53883,0.51725,0.53287,0.55887,0.66786,0.67283,0.62507,0.61042,0.75209,0.801,0.70144,0.65149,0.66967,0.6742,0.69878,0.70225,0.69773,0.69169,0.75929,0.72548,0.63958,0.6896,0.6642,0.7099,0.70829,0.7248,0.54561,0.43662,0.60768,0.57426,0.56491,0.63152,0.88394,0.93108,0.64953,0.4911,0.58591,0.32613,0.71626,0.51936,0.20873,0.15029,0.72593,0.68564,0.74757,0.74324,0.41232,0.31946,0.59225,0.52506,0.45763,0.42821,0.55108,0.51946,0.56499,0.72896,0.69233,0.67129,0.62296,0.6462,0.37919,0.32868,0.52535,0.48298,0.3809,0.42424,0.30942,0.12648,0.0050887,0.015424,0.35612,0.36104,0.22839,0.11579,0.12462,0.22563,0.19784,-0.061137,0.23138,0.054545,0.15594,0.021038,0.1185,-0.006651,0.3335,0.33538,0.07019,0.32141,0.088141,0.38264,0.27791,-0.013188
0.79026,0.68933,1,0.8416,0.73353,0.72432,0.90243,0.80994,0.75892,0.63363,0.68189,0.59582,0.71069,0.62907,0.69857,0.61077,0.63884,0.60345,0.78558,0.67993,0.53189,0.50422,0.78411,0.72276,0.56765,0.63025,0.51482,0.58783,0.63485,0.58317,0.66924,0.63482,0.78989,0.71692,0.72639,0.62321,0.63372,0.58978,0.68796,0.63712,0.58365,0.54302,0.60623,0.55416,0.5454,0.55481,0.55463,0.6035,0.61029,0.61029,0.60837,0.45051,0.60142,0.48403,0.58285,0.58378,0.73017,0.66664,0.64256,0.4873,0.72332,0.46766,0.71596,0.61723,0.55344,0.44276,0.76,0.69703,0.54381,0.52191,0.55877,0.45957,0.56431,0.45631,0.4551,0.42687,0.50704,0.44983,0.49067,0.61851,0.62131,0.58538,0.64956,0.60209,0.51434,0.41757,0.55996,0.45333,0.57275,0.58139,0.40978,0.37324,0.23169,0.32904,0.39688,0.34754,0.25255,0.23079,0.18626,0.31914,0.36543,0.19166,0.30083,0.22336,0.30648,0.24148,0.27098,0.17903,0.36565,0.39274,0.19789,0.36228,0.24387,0.41423,0.3808,0.056429
0.84061,0.78701,0.8416,1,0.71215,0.77351,0.7951,0.91795,0.64558,0.72493,0.72456,0.7367,0.69858,0.7579,0.69978,0.70182,0.67482,0.67915,0.76098,0.71687,0.53159,0.51051,0.80548,0.84802,0.64275,0.6602,0.64349,0.68276,0.6289,0.65587,0.68382,0.70173,0.77218,0.78224,0.74845,0.65108,0.6668,0.67598,0.6921,0.70353,0.65178,0.66016,0.6287,0.58238,0.53092,0.57093,0.55813,0.62032,0.59059,0.6249,0.55061,0.4538,0.61377,0.52566,0.577,0.59594,0.76101,0.75341,0.5759,0.51205,0.69013,0.51507,0.71895,0.69256,0.52551,0.48503,0.70339,0.71883,0.54495,0.53123,0.50352,0.40367,0.55305,0.47446,0.42922,0.3887,0.5012,0.45669,0.51003,0.63155,0.65831,0.63921,0.6691,0.68648,0.57936,0.53304,0.59448,0.53502,0.58208,0.60992,0.42924,0.32068,0.21195,0.25673,0.35561,0.2808,0.18915,0.13682,0.15775,0.27629,0.32845,0.15169,0.25143,0.17499,0.29627,0.22637,0.22912,0.081963,0.33044,0.34133,0.087058,0.30243,0.18453,0.31471,0.3335,0.014423
0.73398,0.6208,0.73353,0.71215,1,0.8546,0.67478,0.62441,0.79285,0.71098,0.60555,0.48565,0.6785,0.58177,0.71941,0.53,0.47997,0.46119,0.6103,0.53393,0.65474,0.48689,0.59106,0.5599,0.44364,0.36852,0.56923,0.63305,0.48853,0.43616,0.39637,0.36544,0.59936,0.51713,0.68487,0.47938,0.71731,0.66579,0.7644,0.6998,0.58783,0.56598,0.5013,0.42917,0.3768,0.39675,0.41179,0.46208,0.50609,0.51292,0.57784,0.44513,0.6241,0.43402,0.56495,0.57217,0.63267,0.61807,0.62744,0.53373,0.73829,0.54218,0.64066,0.50305,0.52255,0.46706,0.6178,0.52308,0.47825,0.43004,0.35247,0.28143,0.41234,0.3273,0.3729,0.29046,0.35321,0.35479,0.31996,0.48618,0.49995,0.41512,0.59416,0.50105,0.46635,0.31113,0.62361,0.56678,0.65018,0.66282,0.29523,0.19752,0.10166,0.18099,0.32951,0.26079,0.1007,0.1218,0.016289,0.14461,0.17729,0.033663,0.16267,0.071941,0.13077,0.013974,0.15496,0.099744,0.32885,0.33113,0.093213,0.28243,0.16683,0.33112,0.24691,0.056701
0.6923,0.58941,0.72432,0.77351,0.8546,1,0.6959,0.72039,0.77725,0.81761,0.57195,0.50448,0.65374,0.62102,0.65508,0.53978,0.45892,0.45332,0.55235,0.49402,0.58289,0.50744,0.57856,0.58383,0.428,0.45551,0.55297,0.65947,0.43647,0.4234,0.42138,0.42263,0.61523,0.54641,0.65459,0.51091,0.68295,0.65545,0.69812,0.6624,0.54066,0.54608,0.44061,0.36184,0.32935,0.36477,0.34836,0.41128,0.45381,0.47734,0.53546,0.4297,0.60916,0.42329,0.51973,0.51524,0.59163,0.59612,0.57317,0.52776,0.71862,0.59893,0.59546,0.56243,0.5672,0.57109,0.57517,0.54416,0.42792,0.39053,0.392,0.3319,0.37743,0.29426,0.35505,0.28479,0.35123,0.34694,0.30827,0.43236,0.4386,0.36851,0.55543,0.49151,0.4414,0.32477,0.54849,0.50241,0.6447,0.64801,0.37968,0.26866,0.21118,0.26128,0.28354,0.21859,0.099671,0.091683,0.040645,0.1603,0.24257,0.11873,0.18455,0.11906,0.2286,0.11907,0.19575,0.12914,0.2927,0.30584,0.088221,0.26823,0.18758,0.28363,0.26673,0.1195
0.76571,0.55279,0.90243,0.7951,0.67478,0.6959,1,0.86581,0.80199,0.71249,0.77659,0.6564,0.83225,0.72556,0.69495,0.58695,0.59173,0.5653,0.67148,0.54207,0.34728,0.39971,0.73157,0.67575,0.60268,0.61069,0.51782,0.53321,0.59571,0.56521,0.63473,0.62706,0.71836,0.64464,0.63827,0.50167,0.46648,0.42747,0.54964,0.47946,0.42768,0.42518,0.47119,0.43781,0.42882,0.42155,0.46613,0.48908,0.45248,0.45413,0.51677,0.39,0.51318,0.38841,0.4826,0.45805,0.61778,0.55126,0.52,0.46301,0.76557,0.62348,0.67933,0.70466,0.72693,0.6228,0.64171,0.59404,0.3627,0.35298,0.52185,0.43511,0.49432,0.37685,0.36438,0.35021,0.4095,0.3489,0.46938,0.56404,0.59056,0.56298,0.62492,0.61017,0.60897,0.48509,0.48127,0.35696,0.62509,0.60543,0.351,0.38495,0.19408,0.35279,0.33898,0.24815,0.20252,0.17312,0.15365,0.24776,0.3367,0.25814,0.204,0.20148,0.25561,0.27058,0.2123,0.10977,0.26791,0.36408,0.10175,0.20475,0.16167,0.25378,0.27796,0.10331
0.7938,0.68134,0.80994,0.91795,0.62441,0.72039,0.86581,1,0.63965,0.74629,0.78288,0.79431,0.77034,0.83138,0.6733,0.69259,0.66848,0.66112,0.70517,0.63126,0.3664,0.43571,0.7808,0.81858,0.67007,0.68818,0.61184,0.5984,0.64502,0.67656,0.69583,0.72619,0.71481,0.73459,0.6464,0.56801,0.49608,0.50618,0.55257,0.55579,0.50976,0.52917,0.5517,0.52954,0.47271,0.5084,0.51708,0.56014,0.48448,0.51391,0.45895,0.38832,0.50146,0.4354,0.46964,0.48504,0.69236,0.64376,0.46918,0.47695,0.67887,0.59513,0.67119,0.76507,0.57343,0.56727,0.61644,0.67117,0.40944,0.42017,0.49302,0.39841,0.51327,0.41469,0.34586,0.32695,0.43775,0.38173,0.54048,0.61344,0.64362,0.64985,0.64865,0.7011,0.57901,0.5592,0.47259,0.39517,0.51523,0.55158,0.37245,0.31627,0.17577,0.25283,0.31507,0.2019,0.16089,0.10811,0.14981,0.23809,0.30895,0.1923,0.18481,0.14724,0.26787,0.26806,0.19286,0.057488,0.26355,0.31705,0.020078,0.18854,0.094367,0.19218,0.26245,0.037894
0.6019,0.4231,0.75892,0.64558,0.79285,0.77725,0.80199,0.63965,1,0.78467,0.554,0.43942,0.71359,0.55847,0.64888,0.426,0.39345,0.37883,0.50076,0.41213,0.43927,0.40544,0.46406,0.39869,0.29666,0.37529,0.34116,0.45003,0.46431,0.42426,0.41279,0.38306,0.61798,0.4897,0.4895,0.33567,0.52271,0.47041,0.58445,0.49359,0.4427,0.43088,0.29304,0.23173,0.18231,0.20612,0.26297,0.28775,0.32891,0.34863,0.5495,0.42072,0.52794,0.28163,0.50457,0.44351,0.45968,0.43755,0.557,0.46701,0.75611,0.64902,0.62579,0.58159,0.61419,0.60156,0.4763,0.40434,0.35713,0.3126,0.40724,0.35648,0.41399,0.3383,0.38275,0.31899,0.35303,0.35821,0.26291,0.41278,0.38466,0.29657,0.50454,0.43791,0.40187,0.19697,0.46925,0.33674,0.68126,0.60228,0.28085,0.26223,0.21201,0.28702,0.31634,0.28931,0.16836,0.18112,0.067639,0.15296,0.28622,0.16294,0.22907,0.19274,0.22024,0.11151,0.21894,0.17012,0.30191,0.32835,0.15517,0.24988,0.23154,0.33602,0.27083,0.14438
0.63243,0.48754,0.63363,0.72493,0.71098,0.81761,0.71249,0.74629,0.78467,1,0.59432,0.53038,0.70838,0.69655,0.58991,0.46765,0.39802,0.40155,0.48375,0.44081,0.39279,0.34762,0.43501,0.45834,0.34243,0.37301,0.44288,0.47635,0.40684,0.43686,0.39782,0.41024,0.59903,0.52418,0.49093,0.39762,0.5416,0.53942,0.55681,0.52316,0.46843,0.49807,0.30818,0.25082,0.19539,0.22386,0.26069,0.29714,0.3234,0.35507,0.49208,0.40441,0.49895,0.28458,0.4777,0.41515,0.47128,0.48745,0.53706,0.52253,0.71255,0.69382,0.58897,0.65727,0.5879,0.65249,0.4474,0.44646,0.37939,0.34627,0.39251,0.3531,0.42811,0.3758,0.38052,0.32926,0.35702,0.36452,0.26005,0.37278,0.37711,0.32006,0.4567,0.46806,0.44993,0.314,0.42904,0.35706,0.67655,0.60841,0.34602,0.28071,0.25809,0.28645,0.26352,0.21355,0.19287,0.12958,0.09938,0.15751,0.29985,0.22167,0.22496,0.18855,0.23459,0.14446,0.25709,0.13986,0.20185,0.2403,0.12544,0.23149,0.2374,0.28166,0.23805,0.086493
0.83789,0.58067,0.68189,0.72456,0.60555,0.57195,0.77659,0.78288,0.554,0.59432,1,0.8175,0.88833,0.81713,0.83201,0.74066,0.69134,0.6577,0.70469,0.5412,0.35079,0.32282,0.80246,0.75316,0.71668,0.56239,0.63159,0.58916,0.67136,0.6315,0.60098,0.60707,0.56186,0.57554,0.60182,0.42159,0.43473,0.41584,0.51701,0.46934,0.50379,0.47459,0.46397,0.45544,0.38834,0.3944,0.44565,0.46682,0.33953,0.35292,0.29399,0.23087,0.41425,0.35821,0.37755,0.36135,0.6307,0.55688,0.31986,0.35643,0.63385,0.53946,0.65198,0.64059,0.63416,0.50476,0.49953,0.45877,0.31443,0.28184,0.48666,0.37389,0.5388,0.41038,0.40693,0.33576,0.35425,0.30661,0.59167,0.68042,0.74152,0.73164,0.76219,0.75294,0.76468,0.65091,0.62884,0.55815,0.5696,0.55552,0.28447,0.29157,0.11126,0.26313,0.30831,0.20265,0.09027,0.075665,0.080636,0.13181,0.21689,0.16872,0.093042,0.085032,0.19179,0.23117,0.098143,-0.065266,0.2667,0.32654,-0.030832,0.10725,0.024462,0.12274,0.22256,0.11842
0.72651,0.60983,0.59582,0.7367,0.48565,0.50448,0.6564,0.79431,0.43942,0.53038,0.8175,1,0.78915,0.90452,0.7259,0.82599,0.71206,0.70715,0.59591,0.53467,0.33379,0.36436,0.7437,0.77863,0.68323,0.62525,0.6347,0.58087,0.7103,0.76195,0.66712,0.69031,0.51815,0.60534,0.47113,0.36803,0.4046,0.41705,0.43789,0.4853,0.51431,0.53407,0.46278,0.4787,0.34658,0.38766,0.45308,0.46151,0.33053,0.35986,0.30506,0.29376,0.43524,0.38206,0.42338,0.40183,0.59008,0.52348,0.26284,0.32331,0.55821,0.48273,0.62712,0.64634,0.41457,0.33222,0.37491,0.4034,0.27904,0.28782,0.48078,0.39339,0.5138,0.43161,0.34348,0.29923,0.39256,0.35059,0.6262,0.67135,0.71101,0.73601,0.71655,0.80656,0.60064,0.61915,0.49565,0.45921,0.45851,0.48653,0.32397,0.21172,0.11387,0.14657,0.31648,0.18885,0.11451,0.07299,0.12612,0.14501,0.22899,0.10263,0.12186,0.090569,0.25499,0.24794,0.091886,-0.080051,0.31646,0.3273,-0.050276,0.094761,0.0032983,0.09916,0.21732,0.1426
0.77695,0.53062,0.71069,0.69858,0.6785,0.65374,0.83225,0.77034,0.71359,0.70838,0.88833,0.78915,1,0.85867,0.84821,0.71901,0.62483,0.60777,0.61555,0.4786,0.39002,0.37684,0.69476,0.64669,0.64042,0.529,0.60003,0.57111,0.65738,0.62938,0.56637,0.55416,0.55839,0.54025,0.53118,0.34616,0.46062,0.44406,0.54544,0.51304,0.49317,0.49643,0.40948,0.39619,0.31702,0.33061,0.41203,0.41622,0.32029,0.34105,0.40375,0.31851,0.48061,0.3428,0.47519,0.41783,0.57133,0.51552,0.38541,0.40968,0.7464,0.65546,0.65611,0.64423,0.65285,0.56028,0.4536,0.40749,0.28557,0.26985,0.47189,0.38497,0.492,0.36435,0.37362,0.29478,0.3378,0.30699,0.53457,0.62931,0.66262,0.63204,0.72177,0.7247,0.67585,0.52852,0.55327,0.47954,0.65737,0.61813,0.2789,0.28407,0.12428,0.26241,0.3308,0.24404,0.12869,0.11132,0.074184,0.12522,0.22616,0.18162,0.11883,0.11048,0.21129,0.23676,0.094836,-0.032781,0.30253,0.35323,-0.0027656,0.099721,0.055309,0.15389,0.2254,0.14414
0.76151,0.60838,0.62907,0.7579,0.58177,0.62102,0.72556,0.83138,0.55847,0.69655,0.81713,0.90452,0.85867,1,0.75277,0.77754,0.63943,0.64409,0.57469,0.50612,0.3872,0.41056,0.67787,0.71651,0.67095,0.61517,0.6596,0.62628,0.65482,0.70219,0.60869,0.62158,0.53986,0.58175,0.47692,0.35017,0.44359,0.46425,0.50475,0.53489,0.53043,0.57103,0.42541,0.4325,0.30948,0.35223,0.40906,0.42572,0.32963,0.37222,0.38661,0.37702,0.48374,0.37281,0.46468,0.43034,0.58157,0.55228,0.36145,0.43239,0.65724,0.64309,0.6343,0.65007,0.52827,0.49505,0.41265,0.43158,0.30361,0.30187,0.45567,0.38075,0.49422,0.41958,0.33403,0.2938,0.35506,0.3345,0.55483,0.62534,0.65327,0.63421,0.68478,0.76034,0.60819,0.55005,0.50684,0.45924,0.55664,0.55374,0.28918,0.19742,0.10567,0.15537,0.28091,0.19024,0.098149,0.049943,0.053198,0.095987,0.20225,0.099973,0.099356,0.071243,0.21996,0.21646,0.055008,-0.062988,0.28465,0.31127,-0.067759,0.058048,-0.0015851,0.103,0.19212,0.10698
0.76762,0.58075,0.69857,0.69978,0.71941,0.65508,0.69495,0.6733,0.64888,0.58991,0.83201,0.7259,0.84821,0.75277,1,0.8361,0.71089,0.68857,0.63224,0.51539,0.5558,0.47997,0.79442,0.71817,0.72072,0.60645,0.72066,0.73671,0.708,0.65604,0.59791,0.5622,0.54974,0.55357,0.60133,0.41602,0.57351,0.5521,0.64788,0.62578,0.61602,0.58647,0.52718,0.50677,0.423,0.44238,0.52088,0.52654,0.41562,0.41294,0.38457,0.27573,0.50018,0.41696,0.55177,0.50448,0.64265,0.60349,0.34637,0.31388,0.60468,0.44636,0.68464,0.55328,0.54914,0.40509,0.49704,0.43046,0.3507,0.33029,0.53924,0.43819,0.55718,0.44496,0.46443,0.38346,0.40361,0.3885,0.62641,0.71443,0.75652,0.70698,0.84975,0.77095,0.72314,0.56999,0.72125,0.65957,0.62674,0.6017,0.38193,0.31881,0.21927,0.31896,0.41542,0.34615,0.20497,0.2258,0.17064,0.2236,0.27627,0.17471,0.2224,0.18101,0.33682,0.29802,0.16457,0.063694,0.43131,0.42539,0.10677,0.25964,0.14778,0.30815,0.39321,0.20235
0.67822,0.61821,0.61077,0.70182,0.53,0.53978,0.58695,0.69259,0.426,0.46765,0.74066,0.82599,0.71901,0.77754,0.8361,1,0.79166,0.78405,0.58625,0.53309,0.48703,0.50352,0.80681,0.81412,0.77417,0.73489,0.7252,0.71493,0.78476,0.78131,0.71245,0.69798,0.53132,0.60988,0.52965,0.45222,0.50857,0.51985,0.54543,0.59767,0.59002,0.59872,0.58908,0.59873,0.48195,0.51862,0.59273,0.59086,0.41537,0.40508,0.26656,0.18001,0.40646,0.39461,0.47811,0.44498,0.64076,0.61233,0.21021,0.20048,0.45293,0.27431,0.66135,0.56079,0.35308,0.22389,0.43759,0.45011,0.3016,0.324,0.57606,0.48847,0.56358,0.4723,0.44822,0.39199,0.45695,0.43857,0.73176,0.78077,0.80018,0.80626,0.85569,0.8667,0.61577,0.6106,0.59391,0.5847,0.42532,0.45443,0.40447,0.26966,0.18483,0.22014,0.42837,0.33055,0.23711,0.20325,0.22923,0.24686,0.27277,0.14119,0.23425,0.17749,0.36751,0.34503,0.16512,0.014132,0.46832,0.45385,0.049737,0.2406,0.1011,0.24089,0.38616,0.20744
0.70656,0.73816,0.63884,0.67482,0.47997,0.45892,0.59173,0.66848,0.39345,0.39802,0.69134,0.71206,0.62483,0.63943,0.71089,0.79166,1,0.94773,0.71959,0.7423,0.50822,0.51372,0.74198,0.73025,0.67126,0.68068,0.58163,0.56905,0.87989,0.86236,0.80798,0.77845,0.73874,0.81107,0.64189,0.60373,0.52755,0.51696,0.5755,0.56894,0.62921,0.58592,0.706,0.70291,0.59073,0.61753,0.70826,0.70261,0.51989,0.49344,0.30196,0.16589,0.41108,0.42335,0.50378,0.50832,0.79386,0.72949,0.32729,0.20782,0.43968,0.18361,0.75768,0.58447,0.26789,0.12098,0.58168,0.56116,0.54871,0.56739,0.57384,0.49665,0.69267,0.58155,0.52936,0.48855,0.65409,0.60728,0.90836,0.88994,0.91124,0.86005,0.79929,0.84509,0.53464,0.47219,0.49067,0.43086,0.33942,0.35923,0.38977,0.26013,0.12542,0.18095,0.54278,0.47741,0.36656,0.30811,0.30893,0.34362,0.34341,0.1341,0.32154,0.22488,0.36219,0.32862,0.25875,0.079278,0.45971,0.51027,0.18413,0.35227,0.14481,0.38465,0.45116,0.22145
0.6826,0.7682,0.60345,0.67915,0.46119,0.45332,0.5653,0.66112,0.37883,0.40155,0.6577,0.70715,0.60777,0.64409,0.68857,0.78405,0.94773,1,0.69054,0.7434,0.48804,0.50171,0.70899,0.7073,0.65996,0.67719,0.57647,0.5582,0.85415,0.88299,0.78381,0.76586,0.722,0.81563,0.60442,0.57929,0.49295,0.51001,0.54498,0.56446,0.60643,0.60581,0.6968,0.70549,0.58543,0.62436,0.70313,0.70123,0.5235,0.50763,0.30773,0.18002,0.40098,0.41411,0.49036,0.49659,0.7741,0.76898,0.33829,0.21923,0.43556,0.18701,0.74091,0.59368,0.2515,0.10648,0.55361,0.54305,0.53207,0.56761,0.55601,0.48446,0.67961,0.5925,0.51541,0.51319,0.62628,0.59622,0.87466,0.91822,0.88853,0.87049,0.77616,0.85162,0.51241,0.43047,0.46669,0.41288,0.31807,0.32864,0.37173,0.23343,0.09919,0.16191,0.49617,0.45217,0.3488,0.26364,0.29472,0.31505,0.33412,0.11327,0.31542,0.20761,0.35059,0.31103,0.23756,0.040223,0.44595,0.47797,0.1356,0.33438,0.13187,0.36724,0.43083,0.20293
0.86359,0.82035,0.78558,0.76098,0.6103,0.55235,0.67148,0.70517,0.50076,0.48375,0.70469,0.59591,0.61555,0.57469,0.63224,0.58625,0.71959,0.69054,1,0.91826,0.52301,0.41478,0.74908,0.71918,0.54293,0.52484,0.47602,0.49353,0.69567,0.63229,0.67316,0.65438,0.81441,0.81327,0.72799,0.68735,0.64352,0.63834,0.67283,0.62649,0.67019,0.62057,0.67918,0.63743,0.60428,0.60493,0.59289,0.66089,0.61534,0.59043,0.438,0.29801,0.51491,0.47492,0.48261,0.50209,0.83471,0.74454,0.58895,0.38946,0.59066,0.3195,0.68932,0.50376,0.35083,0.2321,0.7654,0.68765,0.75313,0.69833,0.48446,0.37328,0.62814,0.52707,0.50428,0.49777,0.6083,0.55805,0.54163,0.66975,0.69561,0.66037,0.65566,0.63814,0.46182,0.36519,0.52947,0.46251,0.42773,0.43062,0.3681,0.29967,0.1523,0.22483,0.39874,0.3951,0.27386,0.21295,0.17795,0.2878,0.33053,0.12686,0.31344,0.1839,0.20977,0.14323,0.24677,0.095543,0.32128,0.38378,0.20296,0.39094,0.21218,0.43391,0.35195,0.01859
0.76928,0.86214,0.67993,0.71687,0.53393,0.49402,0.54207,0.63126,0.41213,0.44081,0.5412,0.53467,0.4786,0.50612,0.51539,0.53309,0.7423,0.7434,0.91826,1,0.54694,0.44643,0.63601,0.65214,0.46709,0.50331,0.41123,0.4384,0.70459,0.68082,0.69705,0.68355,0.85314,0.89256,0.68959,0.72366,0.63392,0.6486,0.64414,0.6168,0.68679,0.65797,0.72666,0.68835,0.63495,0.64907,0.63794,0.70112,0.66124,0.62845,0.43621,0.27622,0.4908,0.46024,0.50474,0.52245,0.83128,0.77577,0.60874,0.3459,0.49596,0.20315,0.68093,0.46884,0.18662,0.084755,0.75148,0.68616,0.87713,0.85535,0.44732,0.36614,0.66189,0.59766,0.52308,0.51524,0.68775,0.66053,0.54987,0.6722,0.67501,0.631,0.596,0.62111,0.32528,0.23763,0.4375,0.37379,0.33799,0.31589,0.38536,0.22709,0.13861,0.13947,0.44278,0.47089,0.37356,0.26111,0.23314,0.32497,0.34475,0.079303,0.37213,0.19071,0.22333,0.10617,0.31909,0.15342,0.31737,0.38186,0.27529,0.46385,0.25561,0.51917,0.37777,-0.012261
0.54481,0.59392,0.53189,0.53159,0.65474,0.58289,0.34728,0.3664,0.43927,0.39279,0.35079,0.33379,0.39002,0.3872,0.5558,0.48703,0.50822,0.48804,0.52301,0.54694,1,0.75302,0.45433,0.45691,0.36408,0.4071,0.52108,0.60899,0.54063,0.49948,0.49966,0.41546,0.54332,0.5246,0.55466,0.48261,0.75611,0.73129,0.80748,0.78638,0.76315,0.70888,0.48665,0.43726,0.35897,0.38427,0.41636,0.45785,0.42228,0.4503,0.45449,0.34966,0.54342,0.39844,0.61688,0.60766,0.57146,0.56892,0.45045,0.30572,0.4352,0.23465,0.4896,0.19877,0.18815,0.19771,0.55778,0.48372,0.53,0.47324,0.35004,0.31229,0.48777,0.42426,0.46034,0.35801,0.42927,0.44327,0.40294,0.52291,0.51902,0.38942,0.59436,0.49937,0.26965,0.14922,0.59568,0.57739,0.41848,0.44563,0.24195,0.047914,0.081589,0.029108,0.41268,0.38874,0.18889,0.19788,0.025026,0.1383,0.14401,-0.078941,0.20378,0.084559,0.18787,0.05493,0.092166,0.10563,0.43604,0.3628,0.16041,0.3374,0.15398,0.40449,0.33488,0.14089
0.43772,0.44588,0.50422,0.51051,0.48689,0.50744,0.39971,0.43571,0.40544,0.34762,0.32282,0.36436,0.37684,0.41056,0.47997,0.50352,0.51372,0.50171,0.41478,0.44643,0.75302,1,0.46881,0.49076,0.4414,0.58093,0.49737,0.59834,0.55195,0.54527,0.6105,0.55849,0.53991,0.53337,0.45987,0.47903,0.59244,0.62561,0.63654,0.69308,0.59084,0.66154,0.39395,0.36904,0.33363,0.34051,0.38045,0.42662,0.31425,0.33794,0.32149,0.25496,0.39745,0.30427,0.49091,0.49271,0.45745,0.45317,0.32057,0.23897,0.37976,0.21737,0.41526,0.26004,0.2515,0.25693,0.50546,0.51349,0.37315,0.34809,0.40552,0.41128,0.43543,0.37144,0.36242,0.32737,0.43252,0.43667,0.45776,0.49013,0.49612,0.40147,0.56921,0.54407,0.29049,0.20668,0.37125,0.39192,0.34101,0.35606,0.25633,0.1479,0.12943,0.13508,0.42882,0.37448,0.20849,0.22884,0.10273,0.18494,0.255,0.065237,0.22319,0.21438,0.27531,0.27134,0.18151,0.20765,0.44472,0.4459,0.13474,0.28015,0.11436,0.29007,0.3558,0.15927
0.78777,0.66099,0.78411,0.80548,0.59106,0.57856,0.73157,0.7808,0.46406,0.43501,0.80246,0.7437,0.69476,0.67787,0.79442,0.80681,0.74198,0.70899,0.74908,0.63601,0.45433,0.46881,1,0.9422,0.84671,0.75646,0.73891,0.74066,0.67965,0.63923,0.75165,0.74718,0.63345,0.67659,0.73562,0.61157,0.55348,0.55081,0.58465,0.58771,0.57371,0.53172,0.64794,0.63472,0.62129,0.61198,0.60769,0.66037,0.53267,0.51399,0.33825,0.23804,0.47865,0.51378,0.45408,0.47232,0.73228,0.65818,0.32839,0.26921,0.51175,0.28079,0.61499,0.54432,0.51667,0.32667,0.67197,0.63294,0.40676,0.3946,0.547,0.43679,0.51148,0.39993,0.39111,0.35976,0.43395,0.36446,0.6464,0.68151,0.78174,0.77201,0.78487,0.74685,0.7195,0.68579,0.64873,0.60172,0.47707,0.52531,0.42792,0.37562,0.2054,0.32778,0.34984,0.23125,0.15707,0.1461,0.19616,0.28654,0.30009,0.19068,0.196,0.14962,0.31029,0.32786,0.18018,0.045265,0.3307,0.34947,0.053426,0.27385,0.11299,0.24562,0.35719,0.063113
0.76899,0.69672,0.72276,0.84802,0.5599,0.58383,0.67575,0.81858,0.39869,0.45834,0.75316,0.77863,0.64669,0.71651,0.71817,0.81412,0.73025,0.7073,0.71918,0.65214,0.45691,0.49076,0.9422,1,0.83789,0.76339,0.74606,0.74223,0.67802,0.66854,0.75951,0.78404,0.62163,0.69892,0.70749,0.62424,0.56386,0.57653,0.58353,0.61852,0.59841,0.57648,0.64435,0.63439,0.60591,0.61348,0.59956,0.65874,0.53732,0.543,0.35575,0.28416,0.49401,0.53723,0.44903,0.49206,0.71736,0.67256,0.34396,0.31208,0.49912,0.28387,0.60641,0.56336,0.42832,0.28852,0.65224,0.65872,0.42001,0.41969,0.49757,0.39943,0.48358,0.39268,0.34712,0.32107,0.42599,0.36636,0.62445,0.66485,0.7558,0.76651,0.7565,0.76254,0.65229,0.68983,0.59126,0.58814,0.4334,0.50311,0.40849,0.3134,0.16223,0.23644,0.32506,0.19662,0.12189,0.089256,0.15782,0.2554,0.26535,0.14949,0.16254,0.11261,0.27259,0.2852,0.15271,0.009538,0.32308,0.35069,-0.00651,0.21859,0.070321,0.18795,0.30466,0.034017
0.65722,0.53883,0.56765,0.64275,0.44364,0.428,0.60268,0.67007,0.29666,0.34243,0.71668,0.68323,0.64042,0.67095,0.72072,0.77417,0.67126,0.65996,0.54293,0.46709,0.36408,0.4414,0.84671,0.83789,1,0.81622,0.8486,0.76446,0.61279,0.58877,0.68698,0.67008,0.46982,0.54309,0.56311,0.46592,0.37649,0.38882,0.45038,0.46655,0.43565,0.4517,0.56259,0.58484,0.58366,0.56129,0.5674,0.59007,0.44855,0.43526,0.27102,0.21049,0.3686,0.44667,0.37835,0.38537,0.61207,0.56979,0.21059,0.22738,0.41463,0.27049,0.51334,0.45922,0.47914,0.33217,0.55813,0.56016,0.26521,0.27808,0.4514,0.379,0.43449,0.34023,0.29086,0.25729,0.28699,0.23837,0.63788,0.64972,0.74458,0.75475,0.74882,0.71411,0.71559,0.69379,0.53292,0.50324,0.38315,0.44342,0.29726,0.28319,0.075305,0.23211,0.28199,0.16368,0.12574,0.10277,0.13861,0.19834,0.20522,0.1627,0.089515,0.099154,0.25163,0.31989,0.038424,-0.071221,0.28706,0.36328,-0.064058,0.077575,-0.060455,0.080973,0.22621,0.089536
0.55841,0.51725,0.63025,0.6602,0.36852,0.45551,0.61069,0.68818,0.37529,0.37301,0.56239,0.62525,0.529,0.61517,0.60645,0.73489,0.68068,0.67719,0.52484,0.50331,0.4071,0.58093,0.75646,0.76339,0.81622,1,0.68397,0.70578,0.66918,0.68377,0.81936,0.79885,0.59015,0.65354,0.51281,0.5363,0.3862,0.4139,0.41069,0.46076,0.44833,0.47595,0.55767,0.56559,0.53488,0.54115,0.56439,0.58408,0.43066,0.43691,0.3021,0.24494,0.35013,0.41439,0.40758,0.40091,0.58286,0.53079,0.22012,0.19132,0.37249,0.23407,0.5062,0.45394,0.38054,0.31998,0.55484,0.6165,0.30347,0.3245,0.558,0.5147,0.51947,0.46608,0.38747,0.42157,0.45426,0.42368,0.6488,0.64479,0.66162,0.65962,0.68042,0.68531,0.49205,0.48975,0.38264,0.32679,0.28345,0.34523,0.39379,0.3291,0.21023,0.27951,0.38423,0.28014,0.25983,0.22767,0.26063,0.30879,0.33004,0.21506,0.24911,0.24784,0.40526,0.41123,0.19413,0.092574,0.38424,0.42915,0.068045,0.21697,0.075082,0.22003,0.35562,0.18175
0.63571,0.53287,0.51482,0.64349,0.56923,0.55297,0.51782,0.61184,0.34116,0.44288,0.63159,0.6347,0.60003,0.6596,0.72066,0.7252,0.58163,0.57647,0.47602,0.41123,0.52108,0.49737,0.73891,0.74606,0.8486,0.68397,1,0.84915,0.49139,0.5022,0.52894,0.51554,0.42138,0.46448,0.56224,0.44507,0.51866,0.52178,0.55535,0.59118,0.48717,0.52639,0.51418,0.51044,0.49541,0.4896,0.48698,0.51976,0.43256,0.43856,0.3137,0.28127,0.4155,0.43895,0.43891,0.44826,0.57591,0.56658,0.25129,0.29972,0.43404,0.33862,0.4557,0.3795,0.48895,0.3808,0.5083,0.51257,0.262,0.25796,0.37032,0.32523,0.34675,0.27656,0.24229,0.18405,0.23842,0.20472,0.53238,0.54944,0.6433,0.62493,0.67679,0.63382,0.67641,0.6182,0.58432,0.60628,0.47462,0.55271,0.31267,0.25474,0.12627,0.22703,0.23999,0.089068,0.087242,0.066414,0.079749,0.16552,0.16703,0.11339,0.062436,0.061881,0.23803,0.2478,0.014426,-0.03679,0.25058,0.31423,-0.052467,0.11303,-0.015151,0.082132,0.20912,0.082889
0.65188,0.55887,0.58783,0.68276,0.63305,0.65947,0.53321,0.5984,0.45003,0.47635,0.58916,0.58087,0.57111,0.62628,0.73671,0.71493,0.56905,0.5582,0.49353,0.4384,0.60899,0.59834,0.74066,0.74223,0.76446,0.70578,0.84915,1,0.47984,0.47204,0.51301,0.48936,0.47013,0.48443,0.63489,0.52774,0.65379,0.64647,0.63216,0.688,0.56872,0.56044,0.52299,0.50694,0.48755,0.48921,0.46621,0.52177,0.44241,0.4523,0.37933,0.31409,0.52865,0.49298,0.50945,0.52,0.60559,0.59486,0.30223,0.28509,0.46202,0.30687,0.49417,0.34835,0.49941,0.39876,0.57399,0.57291,0.3403,0.32082,0.41826,0.37656,0.35577,0.28674,0.30853,0.25098,0.31294,0.28955,0.50707,0.53541,0.6239,0.57921,0.65751,0.59633,0.65471,0.60098,0.63597,0.69024,0.56282,0.59246,0.4004,0.29421,0.2465,0.29936,0.31824,0.20644,0.12591,0.1645,0.10897,0.20777,0.23839,0.13157,0.16553,0.15218,0.3551,0.28603,0.11208,0.076219,0.33659,0.34447,0.066218,0.24882,0.095329,0.23493,0.3479,0.13052
0.65931,0.66786,0.63485,0.6289,0.48853,0.43647,0.59571,0.64502,0.46431,0.40684,0.67136,0.7103,0.65738,0.65482,0.708,0.78476,0.87989,0.85415,0.69567,0.70459,0.54063,0.55195,0.67965,0.67802,0.61279,0.66918,0.49139,0.47984,1,0.93147,0.8465,0.79932,0.69917,0.76665,0.5051,0.47624,0.49315,0.49918,0.57514,0.5725,0.67867,0.64637,0.60745,0.60321,0.47434,0.5162,0.64174,0.61076,0.45809,0.45596,0.32592,0.21533,0.38534,0.34269,0.50963,0.48629,0.6673,0.59864,0.34686,0.24033,0.46768,0.25437,0.74151,0.5817,0.18387,0.099794,0.49557,0.49062,0.49203,0.5035,0.57261,0.50139,0.76239,0.64179,0.58004,0.50601,0.63753,0.61025,0.79033,0.8499,0.84206,0.79218,0.86135,0.87976,0.41956,0.35405,0.47401,0.3793,0.29744,0.3179,0.29672,0.17645,0.041659,0.087992,0.56411,0.51584,0.35203,0.27667,0.25921,0.26616,0.30946,0.078023,0.30673,0.20159,0.30228,0.28208,0.21497,0.049545,0.54198,0.57147,0.13356,0.29748,0.12473,0.34918,0.39309,0.24763
0.62851,0.67283,0.58317,0.65587,0.43616,0.4234,0.56521,0.67656,0.42426,0.43686,0.6315,0.76195,0.62938,0.70219,0.65604,0.78131,0.86236,0.88299,0.63229,0.68082,0.49948,0.54527,0.63923,0.66854,0.58877,0.68377,0.5022,0.47204,0.93147,1,0.8363,0.82075,0.68435,0.78617,0.4657,0.46042,0.46078,0.49746,0.52583,0.56698,0.65853,0.67603,0.58612,0.6011,0.44917,0.50455,0.61893,0.59485,0.44007,0.45014,0.33039,0.24794,0.38671,0.33441,0.5021,0.47781,0.63614,0.59864,0.32939,0.26155,0.45403,0.28853,0.70849,0.60385,0.19068,0.13025,0.44772,0.48188,0.45417,0.47967,0.55257,0.49426,0.72851,0.66669,0.52327,0.51226,0.62445,0.61103,0.78604,0.83455,0.80874,0.78059,0.79523,0.89063,0.40352,0.34749,0.42933,0.34323,0.28798,0.30902,0.29531,0.15833,0.040012,0.070657,0.52772,0.46197,0.32949,0.24611,0.25974,0.25283,0.30033,0.07355,0.28952,0.18867,0.3144,0.27487,0.19986,0.0090289,0.51338,0.51256,0.090948,0.2721,0.1106,0.29897,0.36531,0.26436
0.62224,0.62507,0.66924,0.68382,0.39637,0.42138,0.63473,0.69583,0.41279,0.39782,0.60098,0.66712,0.56637,0.60869,0.59791,0.71245,0.80798,0.78381,0.67316,0.69705,0.49966,0.6105,0.75165,0.75951,0.68698,0.81936,0.52894,0.51301,0.8465,0.8363,1,0.95862,0.77007,0.84886,0.56027,0.60136,0.47449,0.50863,0.49475,0.5167,0.60746,0.59939,0.61414,0.60944,0.53197,0.54921,0.63712,0.64951,0.47031,0.48149,0.35338,0.27121,0.42539,0.4462,0.51554,0.49197,0.64941,0.57903,0.3269,0.22608,0.42979,0.22271,0.65183,0.54466,0.27013,0.19196,0.58384,0.60817,0.47304,0.47109,0.63493,0.57216,0.69521,0.61153,0.54282,0.54365,0.65237,0.61787,0.71753,0.72754,0.75172,0.72429,0.73492,0.77412,0.43164,0.42621,0.38577,0.29647,0.30945,0.34341,0.43616,0.3274,0.18574,0.2233,0.47822,0.42125,0.38794,0.31858,0.34825,0.38807,0.39919,0.21708,0.34088,0.29419,0.36748,0.36681,0.28477,0.11993,0.41452,0.46276,0.19188,0.345,0.18684,0.35184,0.41632,0.1807
0.61862,0.61042,0.63482,0.70173,0.36544,0.42263,0.62706,0.72619,0.38306,0.41024,0.60707,0.69031,0.55416,0.62158,0.5622,0.69798,0.77845,0.76586,0.65438,0.68355,0.41546,0.55849,0.74718,0.78404,0.67008,0.79885,0.51554,0.48936,0.79932,0.82075,0.95862,1,0.74101,0.84978,0.54691,0.61009,0.43302,0.48859,0.43984,0.46942,0.5562,0.57023,0.58742,0.59186,0.51717,0.53793,0.61153,0.63847,0.45115,0.45919,0.31898,0.24597,0.40285,0.43711,0.46489,0.44043,0.62135,0.55686,0.29976,0.20695,0.42075,0.23431,0.62206,0.54856,0.28268,0.20429,0.54516,0.5893,0.42914,0.44039,0.61276,0.56002,0.64221,0.58079,0.48222,0.52526,0.63701,0.60151,0.68376,0.68609,0.72135,0.70705,0.69488,0.77332,0.44321,0.44636,0.36342,0.27913,0.30741,0.34462,0.45624,0.36412,0.21586,0.25459,0.44486,0.36419,0.35722,0.27627,0.36289,0.39774,0.40582,0.25418,0.33282,0.29964,0.35045,0.36763,0.3047,0.13113,0.34934,0.42923,0.16257,0.33635,0.20486,0.31672,0.39162,0.15665
0.74298,0.75209,0.78989,0.77218,0.59936,0.61523,0.71836,0.71481,0.61798,0.59903,0.56186,0.51815,0.55839,0.53986,0.54974,0.53132,0.73874,0.722,0.81441,0.85314,0.54332,0.53991,0.63345,0.62163,0.46982,0.59015,0.42138,0.47013,0.69917,0.68435,0.77007,0.74101,1,0.94037,0.76501,0.77402,0.65367,0.65193,0.66037,0.61435,0.635,0.62189,0.69351,0.63888,0.60525,0.60716,0.64403,0.68315,0.63468,0.62031,0.53482,0.35757,0.54094,0.43597,0.58744,0.56279,0.77683,0.72085,0.6522,0.42099,0.61891,0.35961,0.76428,0.60017,0.39789,0.3337,0.79723,0.76453,0.74237,0.72592,0.54718,0.49052,0.67762,0.60569,0.57356,0.57664,0.75156,0.71326,0.56256,0.65546,0.65516,0.57585,0.59843,0.61249,0.40496,0.27115,0.43349,0.30434,0.49835,0.44747,0.48049,0.3665,0.2491,0.30018,0.49954,0.49254,0.43929,0.37473,0.32562,0.42844,0.47813,0.24685,0.46298,0.34716,0.35587,0.26362,0.41314,0.23446,0.36776,0.44249,0.34584,0.51683,0.362,0.56104,0.4844,0.10925
0.73894,0.801,0.71692,0.78224,0.51713,0.54641,0.64464,0.73459,0.4897,0.52418,0.57554,0.60534,0.54025,0.58175,0.55357,0.60988,0.81107,0.81563,0.81327,0.89256,0.5246,0.53337,0.67659,0.69892,0.54309,0.65354,0.46448,0.48443,0.76665,0.78617,0.84886,0.84978,0.94037,1,0.72361,0.76825,0.60594,0.62738,0.60423,0.5957,0.64462,0.64709,0.73283,0.69813,0.62593,0.64853,0.68852,0.72734,0.63239,0.62189,0.47189,0.32191,0.51226,0.45834,0.55822,0.54829,0.79185,0.74695,0.56242,0.3656,0.54222,0.28516,0.74731,0.59943,0.29556,0.22543,0.72526,0.73454,0.72279,0.72758,0.56768,0.50821,0.70532,0.65184,0.57044,0.60005,0.76302,0.73008,0.64374,0.72317,0.71088,0.66288,0.64195,0.70266,0.38282,0.30176,0.41595,0.31378,0.39607,0.37674,0.48692,0.33502,0.21409,0.23872,0.50669,0.48472,0.44032,0.34597,0.351,0.42967,0.44743,0.20622,0.43906,0.32031,0.35675,0.27634,0.38577,0.17417,0.37515,0.44251,0.2894,0.48946,0.31256,0.51308,0.47105,0.11662
0.77294,0.70144,0.72639,0.74845,0.68487,0.65459,0.63827,0.6464,0.4895,0.49093,0.60182,0.47113,0.53118,0.47692,0.60133,0.52965,0.64189,0.60442,0.72799,0.68959,0.55466,0.45987,0.73562,0.70749,0.56311,0.51281,0.56224,0.63489,0.5051,0.4657,0.56027,0.54691,0.76501,0.72361,1,0.85019,0.71053,0.67191,0.692,0.64119,0.57068,0.51843,0.69888,0.63499,0.65497,0.62556,0.60079,0.66818,0.59555,0.56202,0.40907,0.23263,0.51932,0.45462,0.4711,0.49258,0.78198,0.72036,0.5348,0.37232,0.56077,0.29101,0.62088,0.4429,0.50825,0.37759,0.85284,0.7888,0.59192,0.5795,0.40165,0.32174,0.44895,0.3705,0.42577,0.3843,0.53912,0.48639,0.49589,0.54821,0.6277,0.54509,0.57593,0.52442,0.55622,0.4341,0.59097,0.55485,0.55131,0.52915,0.46237,0.37463,0.23376,0.35591,0.38654,0.30112,0.20091,0.21301,0.18698,0.32386,0.3212,0.20043,0.27308,0.22112,0.2787,0.21411,0.27664,0.15894,0.29292,0.3338,0.21383,0.42687,0.27622,0.4392,0.40905,0.075168
0.61877,0.65149,0.62321,0.65108,0.47938,0.51091,0.50167,0.56801,0.33567,0.39762,0.42159,0.36803,0.34616,0.35017,0.41602,0.45222,0.60373,0.57929,0.68735,0.72366,0.48261,0.47903,0.61157,0.62424,0.46592,0.5363,0.44507,0.52774,0.47624,0.46042,0.60136,0.61009,0.77402,0.76825,0.85019,1,0.65445,0.67454,0.5782,0.5814,0.51147,0.49871,0.71592,0.66215,0.71103,0.67494,0.63344,0.72484,0.60255,0.55927,0.35352,0.18422,0.42535,0.44596,0.4613,0.47815,0.71073,0.64951,0.46024,0.24254,0.37415,0.1108,0.52224,0.34626,0.32427,0.24599,0.82977,0.83902,0.62364,0.63399,0.50157,0.48195,0.47353,0.45518,0.45,0.50226,0.66947,0.64507,0.47135,0.47313,0.54303,0.50306,0.4602,0.47106,0.40038,0.36187,0.39961,0.4002,0.39247,0.37744,0.62311,0.52064,0.42851,0.46672,0.42138,0.38867,0.41147,0.40534,0.42265,0.53237,0.49646,0.36729,0.48753,0.42556,0.41115,0.33417,0.48289,0.32949,0.24724,0.37147,0.41276,0.61002,0.46938,0.56298,0.5212,0.079713
0.67369,0.66967,0.63372,0.6668,0.71731,0.68295,0.46648,0.49608,0.52271,0.5416,0.43473,0.4046,0.46062,0.44359,0.57351,0.50857,0.52755,0.49295,0.64352,0.63392,0.75611,0.59244,0.55348,0.56386,0.37649,0.3862,0.51866,0.65379,0.49315,0.46078,0.47449,0.43302,0.65367,0.60594,0.71053,0.65445,1,0.91723,0.86524,0.87146,0.79114,0.725,0.61331,0.53904,0.48371,0.5055,0.53132,0.58784,0.5853,0.59343,0.57393,0.44914,0.69108,0.56264,0.69333,0.68561,0.65782,0.64305,0.5893,0.44761,0.53285,0.29208,0.58813,0.33528,0.30896,0.25889,0.68552,0.64609,0.61447,0.56342,0.44499,0.41143,0.45847,0.39049,0.45462,0.39421,0.53689,0.52645,0.38787,0.46692,0.54289,0.4414,0.5453,0.50939,0.41458,0.33089,0.61646,0.62423,0.59086,0.5956,0.45352,0.27168,0.23084,0.22663,0.43838,0.40084,0.23909,0.25909,0.1525,0.29548,0.30389,0.099021,0.31101,0.2104,0.29309,0.15143,0.23553,0.15946,0.41763,0.41262,0.24557,0.47859,0.30147,0.4858,0.42571,0.10549
0.65839,0.6742,0.58978,0.67598,0.66579,0.65545,0.42747,0.50618,0.47041,0.53942,0.41584,0.41705,0.44406,0.46425,0.5521,0.51985,0.51696,0.51001,0.63834,0.6486,0.73129,0.62561,0.55081,0.57653,0.38882,0.4139,0.52178,0.64647,0.49918,0.49746,0.50863,0.48859,0.65193,0.62738,0.67191,0.67454,0.91723,1,0.8225,0.90355,0.79159,0.80474,0.5911,0.5309,0.4879,0.50939,0.51528,0.59224,0.55388,0.57914,0.52448,0.43321,0.64373,0.53414,0.67785,0.67554,0.63999,0.63536,0.55896,0.40904,0.50535,0.28792,0.55193,0.31915,0.29856,0.26138,0.66938,0.65722,0.61449,0.56894,0.47228,0.44967,0.47233,0.4444,0.43956,0.44474,0.55227,0.55357,0.38488,0.46108,0.54566,0.45791,0.53506,0.53459,0.42316,0.3441,0.58462,0.62,0.57889,0.58954,0.46992,0.30033,0.26924,0.25397,0.43005,0.41442,0.25985,0.27417,0.19215,0.32268,0.34186,0.13894,0.34699,0.23711,0.31171,0.18188,0.27404,0.19409,0.41179,0.38598,0.24856,0.4863,0.3231,0.49422,0.43349,0.067837
0.71477,0.69878,0.68796,0.6921,0.7644,0.69812,0.54964,0.55257,0.58445,0.55681,0.51701,0.43789,0.54544,0.50475,0.64788,0.54543,0.5755,0.54498,0.67283,0.64414,0.80748,0.63654,0.58465,0.58353,0.45038,0.41069,0.55535,0.63216,0.57514,0.52583,0.49475,0.43984,0.66037,0.60423,0.692,0.5782,0.86524,0.8225,1,0.90505,0.80366,0.76326,0.59455,0.53842,0.4964,0.50243,0.53095,0.57555,0.57779,0.58138,0.58062,0.43616,0.63431,0.46902,0.69495,0.71179,0.68795,0.68016,0.61784,0.44634,0.60943,0.36419,0.64036,0.41045,0.35697,0.31119,0.71863,0.63193,0.61393,0.56463,0.3593,0.29721,0.51752,0.43032,0.44044,0.3464,0.4439,0.42807,0.41882,0.55452,0.59538,0.47823,0.68696,0.58916,0.42647,0.29395,0.70742,0.6587,0.56568,0.59101,0.27048,0.13474,0.060224,0.097809,0.4342,0.44692,0.2058,0.21661,0.029204,0.17534,0.20067,-0.039168,0.20844,0.067639,0.17265,0.068068,0.10547,0.10188,0.42765,0.4395,0.15457,0.33164,0.15708,0.42315,0.33946,0.12044
0.67841,0.70225,0.63712,0.70353,0.6998,0.6624,0.47946,0.55579,0.49359,0.52316,0.46934,0.4853,0.51304,0.53489,0.62578,0.59767,0.56894,0.56446,0.62649,0.6168,0.78638,0.69308,0.58771,0.61852,0.46655,0.46076,0.59118,0.688,0.5725,0.56698,0.5167,0.46942,0.61435,0.5957,0.64119,0.5814,0.87146,0.90355,0.90505,1,0.80362,0.82564,0.60352,0.56601,0.50328,0.5327,0.55871,0.6108,0.5602,0.59153,0.53816,0.44818,0.62567,0.50258,0.71985,0.76631,0.66979,0.67124,0.53635,0.43165,0.5358,0.32662,0.5804,0.37152,0.29685,0.26832,0.66365,0.65143,0.57339,0.54365,0.40332,0.35693,0.49425,0.42907,0.41127,0.35155,0.45344,0.43951,0.43589,0.55269,0.59679,0.52042,0.65394,0.61845,0.43514,0.37484,0.64796,0.68658,0.54447,0.60083,0.32194,0.1616,0.10503,0.11075,0.46529,0.45493,0.20286,0.2385,0.087766,0.23492,0.23394,-0.0073368,0.23261,0.11659,0.24951,0.14922,0.1376,0.11384,0.50005,0.45006,0.13544,0.36364,0.16777,0.39531,0.37334,0.11443
0.67775,0.69773,0.58365,0.65178,0.58783,0.54066,0.42768,0.50976,0.4427,0.46843,0.50379,0.51431,0.49317,0.53043,0.61602,0.59002,0.62921,0.60643,0.67019,0.68679,0.76315,0.59084,0.57371,0.59841,0.43565,0.44833,0.48717,0.56872,0.67867,0.65853,0.60746,0.5562,0.635,0.64462,0.57068,0.51147,0.79114,0.79159,0.80366,0.80362,1,0.87563,0.54506,0.50497,0.42021,0.44776,0.50925,0.54091,0.51243,0.5346,0.50124,0.39594,0.57778,0.43462,0.64841,0.62735,0.65777,0.63732,0.51896,0.36154,0.4742,0.24587,0.63631,0.38075,0.17379,0.1487,0.58553,0.52577,0.63462,0.56796,0.44299,0.37585,0.68317,0.61694,0.57279,0.48021,0.51702,0.51675,0.47971,0.58723,0.64721,0.54674,0.66953,0.64488,0.39722,0.30225,0.63811,0.59614,0.47162,0.46519,0.26696,0.080203,0.087873,0.040789,0.40189,0.43517,0.21508,0.19616,0.082661,0.18316,0.18804,-0.049617,0.23731,0.10637,0.2011,0.064041,0.13902,0.044091,0.42913,0.3613,0.15292,0.36671,0.18527,0.42365,0.32974,0.1022
0.65316,0.69169,0.54302,0.66016,0.56598,0.54608,0.42518,0.52917,0.43088,0.49807,0.47459,0.53407,0.49643,0.57103,0.58647,0.59872,0.58592,0.60581,0.62057,0.65797,0.70888,0.66154,0.53172,0.57648,0.4517,0.47595,0.52639,0.56044,0.64637,0.67603,0.59939,0.57023,0.62189,0.64709,0.51843,0.49871,0.725,0.80474,0.76326,0.82564,0.87563,1,0.51928,0.48636,0.41045,0.43491,0.49395,0.5262,0.49533,0.51338,0.48775,0.40215,0.55207,0.4219,0.63158,0.61455,0.61857,0.62887,0.51092,0.36066,0.4804,0.30163,0.58665,0.37863,0.21162,0.19781,0.55693,0.52613,0.58504,0.54055,0.44876,0.41716,0.66046,0.64322,0.54175,0.49278,0.51475,0.52563,0.44369,0.5714,0.59338,0.51748,0.65437,0.66865,0.37982,0.28633,0.59587,0.58221,0.47774,0.47665,0.27635,0.1118,0.08336,0.061097,0.39985,0.44434,0.23729,0.19498,0.10188,0.18298,0.23499,-0.021649,0.26159,0.13581,0.1907,0.09142,0.14169,0.059688,0.43379,0.39197,0.11755,0.32115,0.16138,0.37334,0.30483,0.068456
0.63896,0.75929,0.60623,0.6287,0.5013,0.44061,0.47119,0.5517,0.29304,0.30818,0.46397,0.46278,0.40948,0.42541,0.52718,0.58908,0.706,0.6968,0.67918,0.72666,0.48665,0.39395,0.64794,0.64435,0.56259,0.55767,0.51418,0.52299,0.60745,0.58612,0.61414,0.58742,0.69351,0.73283,0.69888,0.71592,0.61331,0.5911,0.59455,0.60352,0.54506,0.51928,1,0.96208,0.90638,0.92608,0.9368,0.94248,0.8654,0.7774,0.45692,0.25073,0.48045,0.52343,0.56751,0.60435,0.78479,0.73306,0.47206,0.25282,0.34308,0.073639,0.58086,0.34285,0.15062,0.025888,0.74702,0.7354,0.66605,0.70769,0.43753,0.38745,0.51987,0.46816,0.41119,0.43604,0.61088,0.57028,0.61537,0.67689,0.69695,0.66901,0.58665,0.5909,0.40729,0.34674,0.4673,0.40934,0.27689,0.29787,0.45648,0.2889,0.084074,0.14785,0.50436,0.46083,0.36306,0.32454,0.36919,0.47862,0.26736,0.099648,0.32488,0.20008,0.2805,0.2391,0.24761,0.079547,0.4207,0.43088,0.22942,0.51458,0.2314,0.49284,0.46023,0.031213
