1,0.83195,0.64781,0.47447,0.5662,0.57262,0.81733,0.69775,0.5836,0.54625,0.84357,0.75814,0.7537,0.76822,0.67992,0.65962,0.6075,0.48058,0.85027,0.81522,0.16195,0.24981,0.62805,0.53961,0.37357,0.15995,0.37866,0.35394,0.62279,0.62757,0.46771,0.41628,0.76752,0.7831,0.3194,0.15893,0.25362,0.25469,0.45808,0.34894,0.022082,0.13124,0.44202,0.48609,0.38045,0.40639,0.37181,0.43459,0.60108,0.50431,0.67153,0.57804,0.58955,0.54045,0.56594,0.50643,0.72048,0.62211,0.71685,0.70718,0.69303,0.61257,0.62169,0.59852,0.36679,0.54573,0.69308,0.66536,0.61351,0.68276,0.27242,0.37477,0.43673,0.35253,0.35649,0.47422,0.55929,0.56381,0.44775,0.53408,0.54563,0.48067,0.56267,0.58713,0.34656,0.25291,0.25469,0.29569,0.54287,0.39368,0.38943,0.5096,0.10249,0.20181,0.2418,0.1367,0.33557,0.30463,0.17436,0.30645,0.36962,0.29097,0.36791,0.17982,0.023006,0.15215,0.22609,0.18131,-0.11594,0.33836,0.48758,0.44765,0.42808,0.28575,0.13916,-0.049652
0.83195,1,0.46132,0.32792,0.40206,0.42655,0.57989,0.48018,0.36904,0.30655,0.65685,0.66786,0.56056,0.62943,0.55828,0.57177,0.71056,0.65986,0.74203,0.8773,0.19165,0.26539,0.50744,0.40371,0.36505,0.19275,0.25914,0.19862,0.69179,0.69099,0.48355,0.40417,0.74229,0.77105,0.29579,0.15586,0.25045,0.26382,0.45032,0.32639,0.20869,0.25036,0.44588,0.49939,0.38162,0.4136,0.3984,0.46131,0.56856,0.50567,0.55219,0.51381,0.49612,0.45493,0.512,0.48254,0.79503,0.81784,0.55559,0.5624,0.46664,0.38526,0.68209,0.53953,0.16001,0.27583,0.59121,0.56387,0.67088,0.73132,0.22856,0.33691,0.48313,0.43807,0.312,0.36441,0.562,0.59105,0.56245,0.64213,0.60385,0.56004,0.60299,0.61957,0.31993,0.26758,0.27757,0.31449,0.37774,0.34202,0.22428,0.32966,0.0031129,0.11066,0.27859,0.17511,0.44603,0.31468,0.29371,0.26559,0.26143,0.18503,0.28776,0.15986,0.092701,0.17634,0.19612,0.16059,-0.20243,0.34639,0.45332,0.40504,0.34535,0.265,0.13592,-0.025936
0.64781,0.46132,1,0.78815,0.60991,0.59032,0.76953,0.65788,0.76948,0.64203,0.54378,0.47805,0.57799,0.58088,0.64451,0.65766,0.31417,0.25647,0.57888,0.45143,0.14947,0.28942,0.88936,0.7962,0.49141,0.37384,0.56402,0.57451,0.26876,0.33007,0.50059,0.51423,0.56104,0.52939,0.4236,0.23855,0.18094,0.22076,0.42523,0.359,-0.0638,0.12094,0.42207,0.47326,0.4489,0.45486,0.38323,0.46446,0.48257,0.47258,0.49367,0.4483,0.41461,0.46442,0.45941,0.4878,0.43634,0.41157,0.43349,0.49832,0.47999,0.43657,0.4835,0.43428,0.59365,0.51582,0.70796,0.69028,0.26352,0.36388,0.23965,0.36202,0.20315,0.11201,0.23991,0.30982,0.3552,0.35868,0.28163,0.36846,0.46373,0.57236,0.46201,0.46669,0.55767,0.50401,0.32695,0.53066,0.54176,0.52887,0.45003,0.5507,0.30859,0.31921,0.063927,0.078177,0.31513,0.23488,0.26592,0.32327,0.27833,0.18464,0.32159,0.13447,0.11448,0.23106,0.13878,0.11256,-0.12082,0.29238,0.43773,0.35772,0.34843,0.24321,0.21599,-0.10424
0.47447,0.32792,0.78815,1,0.49194,0.53603,0.6331,0.69909,0.69082,0.6203,0.46072,0.48725,0.518,0.52609,0.554,0.63815,0.15061,0.040329,0.35749,0.25975,0.13455,0.19513,0.69168,0.79182,0.48996,0.4934,0.56359,0.60581,0.13079,0.13695,0.29714,0.43521,0.33851,0.35064,0.42422,0.38539,0.11105,0.16724,0.31467,0.2512,-0.087593,0.058057,0.222,0.27496,0.27063,0.2737,0.21597,0.24266,0.27668,0.28017,0.31015,0.34912,0.25102,0.36162,0.36805,0.38669,0.27599,0.2243,0.37975,0.41264,0.43271,0.41837,0.4785,0.50534,0.58375,0.53201,0.62737,0.66899,0.0078001,0.12147,0.12812,0.20157,-0.00021305,-0.13296,0.040936,0.09869,0.14735,0.13691,0.083824,0.13018,0.3453,0.56441,0.33976,0.36083,0.61229,0.69931,0.34858,0.57846,0.56273,0.66483,0.49208,0.46106,0.47911,0.39068,-0.11444,-0.14818,0.094566,-0.03518,0.11517,0.12798,0.28245,0.21991,0.24966,0.038758,0.040555,0.19259,0.011211,0.12249,-0.17637,0.072816,0.16516,0.14789,0.19322,-0.047258,-0.032636,-0.18152
0.5662,0.40206,0.60991,0.49194,1,0.84119,0.70735,0.5865,0.77972,0.70012,0.58512,0.41648,0.55356,0.41158,0.62723,0.53719,0.11274,0.044797,0.35619,0.31378,0.13318,0.20877,0.51504,0.60308,0.2925,0.18707,0.62825,0.68971,0.19341,0.15399,0.033363,0.015155,0.25912,0.28906,0.30111,0.2395,0.20109,0.13977,0.49177,0.40256,-0.11773,0.0017925,0.19138,0.23471,0.15599,0.19645,0.21247,0.24097,0.38059,0.30692,0.34387,0.50444,0.32865,0.5028,0.49367,0.489,0.21658,0.23179,0.6635,0.62187,0.61064,0.5687,0.22894,0.37723,0.44141,0.59807,0.55566,0.54467,0.1454,0.30373,0.020219,0.25317,0.18793,0.031743,0.10727,0.20325,0.33972,0.31645,0.018856,0.13567,0.15431,0.16449,0.3454,0.35223,0.12955,0.15584,0.25703,0.26695,0.65257,0.62496,0.58231,0.68346,0.56371,0.63649,0.2225,0.1525,0.28844,0.095781,0.13512,0.32356,0.56263,0.56046,0.51437,0.31011,0.10521,0.33624,0.072915,0.35484,0.12638,0.2934,0.32844,0.38043,0.596,0.26764,0.19895,0.073659
0.57262,0.42655,0.59032,0.53603,0.84119,1,0.73646,0.69824,0.77473,0.84101,0.60048,0.56234,0.54029,0.53318,0.6176,0.61503,0.12281,0.056499,0.37243,0.33237,0.13084,0.27062,0.54218,0.64431,0.23484,0.22455,0.50823,0.68007,0.20888,0.22779,0.030437,0.047088,0.23363,0.30482,0.16882,0.14703,0.15989,0.13988,0.4438,0.36737,-0.09197,0.056445,0.095096,0.15976,0.063948,0.1104,0.13361,0.17714,0.3358,0.25215,0.39821,0.54616,0.37173,0.55274,0.52589,0.50455,0.22051,0.19229,0.66999,0.62792,0.62652,0.6267,0.26914,0.46438,0.41025,0.63564,0.48882,0.49758,0.10972,0.24964,0.0024442,0.19101,0.14812,0.024169,0.065603,0.181,0.22957,0.23284,0.0033557,0.093416,0.13946,0.18914,0.35591,0.39086,0.14375,0.20288,0.29942,0.31071,0.67283,0.61992,0.56175,0.59982,0.55557,0.54584,0.061579,0.078013,0.19322,0.011163,0.04356,0.24392,0.46797,0.4892,0.39297,0.19624,-0.049565,0.15841,0.074847,0.31601,0.040716,0.2402,0.25813,0.2841,0.50311,0.1465,0.038813,-0.0085261
0.81733,0.57989,0.76953,0.6331,0.70735,0.73646,1,0.86684,0.81841,0.75658,0.75807,0.69174,0.69384,0.70176,0.65041,0.64423,0.32585,0.19122,0.68052,0.56769,0.15791,0.24492,0.65829,0.6491,0.23489,0.12116,0.35554,0.45036,0.42512,0.41221,0.34653,0.33374,0.59884,0.6606,0.30682,0.2127,0.22328,0.16411,0.44968,0.32555,-0.073733,0.074066,0.32842,0.3865,0.33853,0.37945,0.31914,0.37633,0.56039,0.4714,0.61238,0.60581,0.45709,0.49342,0.50722,0.47729,0.43541,0.37051,0.76261,0.78292,0.81342,0.7354,0.51079,0.65585,0.52118,0.7211,0.74809,0.75472,0.32349,0.44693,0.33701,0.44895,0.36548,0.23937,0.33098,0.40675,0.46925,0.46514,0.2096,0.31515,0.3436,0.36075,0.42687,0.44166,0.24023,0.30145,0.22316,0.33456,0.62389,0.51955,0.54795,0.62005,0.36203,0.42903,0.1049,0.066271,0.26454,0.17798,0.19126,0.32095,0.50562,0.44314,0.48173,0.24353,-0.018475,0.17292,0.16466,0.26624,-0.053225,0.26305,0.42894,0.40386,0.45747,0.25866,0.17713,-0.09921
0.69775,0.48018,0.65788,0.69909,0.5865,0.69824,0.86684,1,0.73853,0.8288,0.63199,0.74782,0.57947,0.70141,0.55307,0.61502,0.28518,0.13362,0.57528,0.47644,0.15903,0.19988,0.55685,0.63809,0.16594,0.088951,0.30988,0.42699,0.3253,0.35778,0.30923,0.37276,0.54153,0.61372,0.29946,0.23515,0.10285,0.072212,0.28249,0.18427,-0.17169,-0.050931,0.21667,0.27772,0.26942,0.30264,0.1962,0.24726,0.403,0.32491,0.55856,0.48295,0.40114,0.38252,0.40701,0.35559,0.35483,0.25375,0.67088,0.72718,0.78552,0.8298,0.52136,0.79772,0.57132,0.78472,0.6696,0.70551,0.19734,0.29337,0.30355,0.37146,0.21502,0.16193,0.14819,0.28583,0.32706,0.30376,0.15805,0.23859,0.29669,0.3681,0.3328,0.37386,0.29595,0.32923,0.18923,0.26602,0.58734,0.4713,0.55019,0.5369,0.37585,0.39995,-0.021553,-0.056103,0.080713,0.033556,0.072659,0.18346,0.50757,0.43711,0.4498,0.21898,-0.08744,0.15795,0.15894,0.26091,-0.15045,0.086755,0.24654,0.21815,0.30181,0.079333,0.050718,-0.18659
0.5836,0.36904,0.76948,0.69082,0.77972,0.77473,0.81841,0.73853,1,0.82616,0.58984,0.52241,0.57783,0.50637,0.6852,0.6339,0.14188,0.06225,0.46802,0.34875,0.078402,0.2309,0.70537,0.70818,0.26386,0.18016,0.48087,0.58119,0.22991,0.22105,0.2048,0.22351,0.37959,0.43198,0.35184,0.29442,0.16331,0.098575,0.35549,0.29075,-0.059363,0.045925,0.2223,0.27085,0.22292,0.26944,0.25827,0.29514,0.43688,0.36005,0.37784,0.51304,0.31958,0.44047,0.43901,0.42794,0.2597,0.21859,0.60464,0.62397,0.59879,0.58837,0.37625,0.48948,0.52732,0.60743,0.62991,0.63239,0.12333,0.25839,0.13558,0.31654,0.23797,0.092891,0.22994,0.31072,0.34166,0.31762,0.056812,0.16182,0.22822,0.31018,0.40881,0.37875,0.27094,0.30193,0.25732,0.35054,0.5951,0.56997,0.57847,0.66571,0.53317,0.53586,0.097949,0.11281,0.26333,0.12041,0.18574,0.31695,0.44285,0.44103,0.42322,0.2599,0.052184,0.24595,0.12486,0.30508,0.033611,0.28323,0.36696,0.39856,0.48713,0.27553,0.19805,-0.040477
0.54625,0.30655,0.64203,0.6203,0.70012,0.84101,0.75658,0.8288,0.82616,1,0.52949,0.60175,0.49655,0.54151,0.57224,0.60897,0.055804,-0.02147,0.39349,0.28149,0.092595,0.18704,0.58907,0.6736,0.16168,0.11393,0.43365,0.58551,0.12438,0.19766,0.10442,0.1647,0.29033,0.35899,0.14763,0.13316,0.038796,0.053936,0.23442,0.20358,-0.16275,-0.033059,0.079913,0.14913,0.076243,0.13145,0.091894,0.16647,0.31331,0.23352,0.42014,0.48138,0.35307,0.41903,0.37756,0.3668,0.17373,0.089255,0.60811,0.6417,0.64077,0.72018,0.33258,0.61637,0.49523,0.68551,0.46857,0.48885,0.036399,0.13806,0.078401,0.20187,0.08337,0.022953,0.053207,0.19267,0.17974,0.15981,-0.054969,0.038832,0.1414,0.22413,0.29876,0.32496,0.25724,0.23374,0.2507,0.27344,0.61729,0.51929,0.53757,0.57171,0.46179,0.44119,-0.047627,-0.019542,0.013155,-0.047678,-0.011169,0.20165,0.43013,0.40075,0.34841,0.16075,-0.11497,0.070092,0.076275,0.24466,-0.027828,0.12498,0.16774,0.18856,0.36804,0.076829,-0.00094714,-0.087673
0.84357,0.65685,0.54378,0.46072,0.58512,0.60048,0.75807,0.63199,0.58984,0.52949,1,0.72168,0.9172,0.79569,0.75732,0.68799,0.43061,0.33285,0.65072,0.60286,0.10018,0.14569,0.58719,0.52362,0.41009,0.24875,0.43165,0.45741,0.52547,0.47424,0.26952,0.22695,0.50837,0.53393,0.32019,0.18632,0.15701,0.096451,0.3485,0.19551,-0.064602,-0.032101,0.27174,0.32919,0.20431,0.243,0.24607,0.26441,0.38033,0.33024,0.46107,0.43633,0.46741,0.5143,0.46229,0.34703,0.51166,0.47403,0.59184,0.55301,0.71117,0.58117,0.50879,0.49221,0.43788,0.58404,0.54513,0.50929,0.38973,0.47589,0.21622,0.29198,0.34014,0.21333,0.33992,0.35358,0.39442,0.40486,0.31814,0.39214,0.42947,0.39265,0.52501,0.47479,0.34949,0.23534,0.32067,0.29752,0.56429,0.37319,0.31381,0.43333,0.1719,0.24052,0.22781,0.051731,0.2544,0.080055,0.034639,0.078708,0.28615,0.32706,0.25843,0.092671,-0.03013,0.10449,0.093418,0.11538,-0.038159,0.28464,0.33299,0.30294,0.34689,0.17599,0.10751,-0.024239
0.75814,0.66786,0.47805,0.48725,0.41648,0.56234,0.69174,0.74782,0.52241,0.60175,0.72168,1,0.60952,0.84547,0.60118,0.7281,0.46198,0.35934,0.57508,0.60199,0.16144,0.19462,0.49493,0.4594,0.26011,0.179,0.24895,0.30921,0.52892,0.58352,0.32617,0.35965,0.53578,0.60293,0.16431,0.12254,0.18235,0.14125,0.27592,0.16007,0.039083,0.097849,0.20201,0.24761,0.18591,0.19736,0.15597,0.19331,0.3526,0.26546,0.57815,0.42603,0.52236,0.46553,0.45908,0.39684,0.50951,0.37766,0.53027,0.56114,0.67255,0.67707,0.68632,0.7599,0.32864,0.5517,0.45948,0.496,0.31858,0.37688,0.22396,0.24549,0.26835,0.23537,0.18486,0.28034,0.32468,0.36023,0.32379,0.36911,0.45605,0.48633,0.47866,0.51089,0.38352,0.39631,0.27532,0.32429,0.50127,0.3935,0.33554,0.34317,0.14643,0.15257,0.015627,-0.030437,0.060829,0.019497,-0.011461,0.074833,0.27664,0.23058,0.21224,0.11441,-0.12322,0.038959,0.10123,0.16122,-0.21681,0.14577,0.18874,0.15199,0.23097,-0.02269,-0.046942,-0.10902
0.7537,0.56056,0.57799,0.518,0.55356,0.54029,0.69384,0.57947,0.57783,0.49655,0.9172,0.60952,1,0.7748,0.82735,0.69796,0.44446,0.37637,0.60385,0.54741,0.15449,0.23307,0.65104,0.61526,0.55813,0.3984,0.56804,0.55088,0.51415,0.45232,0.33099,0.29525,0.52328,0.50248,0.45217,0.27849,0.12997,0.093371,0.32087,0.20406,-0.10112,-0.075805,0.32096,0.36747,0.25035,0.27514,0.30342,0.29317,0.34428,0.31998,0.33082,0.34575,0.33778,0.44589,0.38681,0.29581,0.4888,0.47195,0.49134,0.46146,0.61453,0.49138,0.48127,0.41816,0.56164,0.55054,0.58587,0.50686,0.38057,0.43082,0.21222,0.29239,0.29208,0.13451,0.30344,0.32752,0.37563,0.3689,0.38008,0.45154,0.51395,0.48438,0.55745,0.51494,0.46822,0.27524,0.36487,0.353,0.50975,0.33525,0.21431,0.36689,0.14422,0.2168,0.2817,0.060081,0.28914,0.074255,0.03014,0.051089,0.20266,0.25311,0.18356,0.043667,0.022507,0.15227,0.091527,0.046688,-0.037753,0.32378,0.29849,0.27236,0.29023,0.16686,0.16585,0.034652
0.76822,0.62943,0.58088,0.52609,0.41158,0.53318,0.70176,0.70141,0.50637,0.54151,0.79569,0.84547,0.7748,1,0.7025,0.80455,0.50392,0.41532,0.60546,0.59499,0.21404,0.27819,0.66132,0.61931,0.44623,0.36173,0.40374,0.39866,0.55941,0.62004,0.4869,0.50285,0.59524,0.6145,0.28062,0.11699,0.19016,0.15018,0.30407,0.18813,0.013979,0.082343,0.30268,0.36746,0.27157,0.27576,0.2675,0.28584,0.35509,0.31084,0.5894,0.39865,0.51828,0.49305,0.52231,0.44386,0.50914,0.4256,0.47507,0.4875,0.64966,0.60261,0.63965,0.62643,0.47172,0.5422,0.51476,0.49365,0.34925,0.39079,0.32759,0.36557,0.23541,0.20596,0.22353,0.27325,0.32811,0.37687,0.42232,0.47637,0.5394,0.57951,0.53808,0.56105,0.46914,0.44468,0.25505,0.35249,0.46748,0.37626,0.27337,0.31484,0.065636,0.053158,0.11306,0.0045435,0.19899,0.1061,0.076973,0.083062,0.19669,0.13979,0.15195,0.016528,-0.06257,0.068059,0.13845,0.0084976,-0.1852,0.25161,0.23314,0.16163,0.19751,-0.020524,0.01758,-0.084142
0.67992,0.55828,0.64451,0.554,0.62723,0.6176,0.65041,0.55307,0.6852,0.57224,0.75732,0.60118,0.82735,0.7025,1,0.83336,0.49949,0.45109,0.57966,0.54321,0.28603,0.35761,0.76416,0.70551,0.62658,0.47012,0.683,0.67169,0.59333,0.55494,0.45384,0.43491,0.52694,0.52646,0.40931,0.2542,0.18803,0.21309,0.45231,0.34833,0.053243,0.043906,0.35837,0.40647,0.27356,0.27698,0.36405,0.36757,0.38503,0.34738,0.30952,0.36807,0.359,0.48929,0.45182,0.42735,0.51204,0.47205,0.45226,0.46014,0.47223,0.39771,0.55708,0.40916,0.45156,0.43274,0.56078,0.50996,0.34315,0.40095,0.12314,0.24207,0.32507,0.1552,0.31578,0.30991,0.36438,0.33315,0.46422,0.52844,0.60605,0.59228,0.74162,0.69728,0.47597,0.34955,0.43397,0.45798,0.50134,0.44121,0.26322,0.38024,0.20926,0.26231,0.30272,0.18689,0.34858,0.13616,0.0659,0.11381,0.15603,0.20342,0.17494,0.10325,0.085905,0.2255,0.073712,0.090485,-0.001047,0.4762,0.28366,0.26388,0.32395,0.14666,0.11578,0.12427
0.65962,0.57177,0.65766,0.63815,0.53719,0.61503,0.64423,0.61502,0.6339,0.60897,0.68799,0.7281,0.69796,0.80455,0.83336,1,0.49528,0.4375,0.50768,0.51806,0.30819,0.41445,0.7507,0.7314,0.59677,0.51864,0.62706,0.65679,0.54433,0.59182,0.46829,0.52142,0.50666,0.53089,0.32896,0.18457,0.23938,0.25061,0.45962,0.37978,0.12957,0.16031,0.36662,0.42894,0.30389,0.30701,0.35449,0.37304,0.35093,0.33654,0.40433,0.34772,0.42497,0.50431,0.53455,0.51622,0.51382,0.44179,0.35612,0.37918,0.43962,0.40106,0.66606,0.54425,0.41174,0.35534,0.51099,0.51048,0.27553,0.3637,0.15131,0.2237,0.20807,0.11067,0.17455,0.24163,0.27676,0.28478,0.4209,0.4915,0.61475,0.69389,0.70531,0.70148,0.57302,0.57188,0.38525,0.52897,0.54002,0.55463,0.32587,0.36924,0.26609,0.20807,0.17117,0.13477,0.28536,0.12915,0.094184,0.14375,0.12326,0.13471,0.15103,0.048737,0.067838,0.1787,0.047988,0.062958,-0.14825,0.3621,0.23899,0.23,0.28008,0.00079224,0.008216,0.02688
0.6075,0.71056,0.31417,0.15061,0.11274,0.12281,0.32585,0.28518,0.14188,0.055804,0.43061,0.46198,0.44446,0.50392,0.49949,0.49528,1,0.91233,0.6982,0.79929,0.30008,0.35267,0.42845,0.30195,0.4709,0.27438,0.20766,0.14233,0.85285,0.84922,0.72024,0.65161,0.80706,0.76928,0.34668,0.063987,0.19348,0.2856,0.39447,0.33176,0.20001,0.20461,0.6784,0.67707,0.59477,0.56806,0.60063,0.61027,0.51546,0.53842,0.30463,0.20347,0.24744,0.27816,0.28315,0.30186,0.87864,0.79833,0.20648,0.25335,0.14869,0.057666,0.65319,0.27432,0.072134,-0.030115,0.52778,0.45278,0.77915,0.76136,0.26639,0.29779,0.55651,0.51214,0.40386,0.41641,0.52212,0.48524,0.89935,0.88218,0.84041,0.69418,0.68645,0.74214,0.28384,0.20418,0.19699,0.28334,0.020039,0.014662,-0.028775,0.083838,-0.17763,-0.088132,0.44957,0.31828,0.5355,0.46805,0.27853,0.23477,-0.056409,-0.019305,0.075604,0.074862,0.21844,0.26902,0.21002,-0.05195,-0.1223,0.49124,0.46755,0.36853,0.15612,0.24107,0.19214,0.1151
0.48058,0.65986,0.25647,0.040329,0.044797,0.056499,0.19122,0.13362,0.06225,-0.02147,0.33285,0.35934,0.37637,0.41532,0.45109,0.4375,0.91233,1,0.5791,0.70333,0.28104,0.32604,0.41356,0.24729,0.47442,0.27593,0.19937,0.10424,0.78861,0.82366,0.69902,0.60731,0.71606,0.65036,0.36648,0.086054,0.17883,0.24977,0.32518,0.29565,0.20397,0.18071,0.63908,0.63626,0.5512,0.52627,0.56497,0.57667,0.44069,0.47504,0.20447,0.11297,0.17831,0.23246,0.23102,0.25347,0.83597,0.83106,0.053124,0.09523,0.0028524,-0.074093,0.56886,0.17895,0.043613,-0.17171,0.43199,0.33461,0.68205,0.66493,0.20628,0.23465,0.4879,0.46496,0.33406,0.36604,0.45544,0.42003,0.87659,0.9162,0.81628,0.7106,0.66153,0.70797,0.30894,0.16164,0.21796,0.28409,-0.036273,-0.066024,-0.15692,0.0072062,-0.24194,-0.12937,0.42167,0.28894,0.5332,0.40687,0.28654,0.20149,-0.19119,-0.083505,-0.054919,0.054387,0.21196,0.25117,0.10065,-0.111,-0.12701,0.45873,0.40136,0.30901,0.089056,0.2122,0.20519,0.15102
0.85027,0.74203,0.57888,0.35749,0.35619,0.37243,0.68052,0.57528,0.46802,0.39349,0.65072,0.57508,0.60385,0.60546,0.57966,0.50768,0.6982,0.5791,1,0.89151,0.21533,0.29034,0.5724,0.42807,0.31973,0.084547,0.21901,0.19814,0.66107,0.66503,0.6218,0.51963,0.84727,0.84601,0.32698,0.099684,0.25058,0.23921,0.38619,0.3152,0.030884,0.12157,0.54956,0.55702,0.47684,0.48877,0.45894,0.52176,0.55615,0.52722,0.46753,0.37722,0.35906,0.36306,0.35434,0.3379,0.73995,0.68785,0.50036,0.5406,0.45953,0.38537,0.54517,0.45555,0.25075,0.32193,0.66179,0.60334,0.74156,0.73664,0.34663,0.37777,0.51861,0.4647,0.44787,0.48484,0.5509,0.53089,0.5212,0.61029,0.5917,0.46833,0.51141,0.54733,0.26097,0.13121,0.10078,0.20872,0.253,0.17,0.19773,0.40518,-0.017161,0.10928,0.2856,0.20721,0.38653,0.39873,0.22418,0.31965,0.22114,0.18177,0.29164,0.16252,-0.018806,0.16897,0.22464,0.12191,-0.090394,0.39957,0.53294,0.48059,0.31263,0.29827,0.15447,-0.080357
0.81522,0.8773,0.45143,0.25975,0.31378,0.33237,0.56769,0.47644,0.34875,0.28149,0.60286,0.60199,0.54741,0.59499,0.54321,0.51806,0.79929,0.70333,0.89151,1,0.22751,0.33006,0.49458,0.35073,0.31853,0.092933,0.20213,0.13446,0.73981,0.75765,0.56295,0.46062,0.84536,0.86683,0.26382,0.05919,0.29167,0.29978,0.42887,0.34866,0.19346,0.28131,0.54151,0.55323,0.45149,0.46661,0.45819,0.52794,0.5616,0.51603,0.4741,0.37551,0.38811,0.35172,0.40987,0.36855,0.80614,0.79313,0.46416,0.51148,0.37549,0.32904,0.62685,0.47649,0.11983,0.21247,0.59007,0.54543,0.8292,0.84746,0.29817,0.37877,0.56716,0.56067,0.40885,0.47427,0.5968,0.59827,0.63756,0.69128,0.65819,0.51909,0.59601,0.636,0.27911,0.14788,0.17112,0.23176,0.25044,0.18064,0.16211,0.31278,-0.040606,0.051601,0.36454,0.28053,0.48451,0.44907,0.29804,0.31945,0.1952,0.14659,0.28806,0.16313,0.084187,0.19367,0.22198,0.12483,-0.10227,0.44151,0.54921,0.49966,0.35882,0.32927,0.19462,0.0073332
0.16195,0.19165,0.14947,0.13455,0.13318,0.13084,0.15791,0.15903,0.078402,0.092595,0.10018,0.16144,0.15449,0.21404,0.28603,0.30819,0.30008,0.28104,0.21533,0.22751,1,0.68871,0.19175,0.33315,0.39588,0.42146,0.29461,0.29578,0.44615,0.35152,0.38614,0.38682,0.25508,0.25995,0.10625,0.11403,0.34625,0.32176,0.41403,0.38235,0.29455,0.25981,0.21692,0.22794,0.13835,0.12087,0.31555,0.24225,0.087982,0.11883,0.059307,0.072124,0.066941,0.21871,0.32428,0.34518,0.22654,0.17688,0.052199,0.037853,0.011625,0.0096339,0.18789,0.18927,0.036039,0.0021833,0.21301,0.1991,0.1293,0.16108,0.16063,0.11848,0.31866,0.16647,0.26261,0.11412,0.15386,0.094368,0.27416,0.31751,0.34683,0.29016,0.40224,0.36666,0.057973,0.21275,0.17955,0.2218,0.09334,0.1628,0.085338,0.043824,0.06269,0.088983,0.23511,0.16811,0.23008,0.11652,0.16629,0.17054,0.014521,0.057269,0.066986,0.027198,0.17043,0.28455,-0.08355,-0.028576,-0.059979,0.27088,0.089536,0.043109,0.092158,0.026551,0.063743,0.21109
0.24981,0.26539,0.28942,0.19513,0.20877,0.27062,0.24492,0.19988,0.2309,0.18704,0.14569,0.19462,0.23307,0.27819,0.35761,0.41445,0.35267,0.32604,0.29034,0.33006,0.68871,1,0.32847,0.45245,0.39396,0.43229,0.33742,0.37753,0.43214,0.39799,0.37491,0.4133,0.34647,0.3644,0.18368,0.13278,0.49824,0.55263,0.47139,0.60032,0.30351,0.46491,0.24123,0.26528,0.16918,0.16827,0.28452,0.27086,0.19535,0.18194,0.17932,0.19524,0.12078,0.25237,0.38319,0.41594,0.28117,0.23281,0.13038,0.12432,0.047045,0.05414,0.19692,0.20857,0.14334,0.049642,0.28476,0.23002,0.24861,0.28771,0.1953,0.2768,0.27984,0.19029,0.24199,0.24236,0.27333,0.25172,0.25517,0.3378,0.32427,0.2805,0.43568,0.41673,0.057255,0.17229,0.15448,0.22149,0.18409,0.22459,0.19735,0.2155,0.15129,0.17978,0.22139,0.36272,0.29509,0.25117,0.20675,0.27487,0.10108,0.16012,0.1589,0.21741,0.27266,0.3176,0.15597,0.13637,-0.12068,0.33652,0.18967,0.19077,0.21886,0.23969,0.24002,0.17641
0.62805,0.50744,0.88936,0.69168,0.51504,0.54218,0.65829,0.55685,0.70537,0.58907,0.58719,0.49493,0.65104,0.66132,0.76416,0.7507,0.42845,0.41356,0.5724,0.49458,0.19175,0.32847,1,0.84098,0.59413,0.4691,0.6116,0.56832,0.40146,0.45951,0.6271,0.61288,0.60037,0.5655,0.42957,0.22851,0.1152,0.18338,0.34106,0.33821,-0.0039145,0.091879,0.47074,0.54365,0.44491,0.4663,0.44773,0.52396,0.48089,0.50786,0.43858,0.42742,0.41156,0.48055,0.45998,0.4822,0.50171,0.48593,0.34063,0.39745,0.3713,0.31699,0.5271,0.34251,0.53186,0.36852,0.6244,0.58475,0.3316,0.40479,0.17011,0.29813,0.19979,0.11797,0.2422,0.27365,0.32459,0.31965,0.42041,0.5055,0.58461,0.67392,0.58819,0.58078,0.59306,0.48328,0.33059,0.52899,0.43807,0.42295,0.2959,0.43192,0.14709,0.15391,0.15944,0.11072,0.34747,0.23253,0.21111,0.23351,0.080595,0.039949,0.15604,-0.0074087,0.10451,0.15634,0.13283,-0.021551,-0.12826,0.36196,0.39965,0.29878,0.24315,0.19921,0.20055,-0.0016748
0.53961,0.40371,0.7962,0.79182,0.60308,0.64431,0.6491,0.63809,0.70818,0.6736,0.52362,0.4594,0.61526,0.61931,0.70551,0.7314,0.30195,0.24729,0.42807,0.35073,0.33315,0.45245,0.84098,1,0.62361,0.59203,0.68719,0.70351,0.30628,0.32456,0.45299,0.53521,0.45133,0.43433,0.38677,0.26126,0.17441,0.24628,0.40463,0.41379,-0.04337,0.10592,0.31036,0.39319,0.27728,0.30029,0.33747,0.37935,0.36657,0.35902,0.37198,0.44685,0.33671,0.52343,0.51816,0.54028,0.38477,0.33152,0.41246,0.41008,0.41432,0.38065,0.40136,0.41662,0.57441,0.45981,0.592,0.55709,0.15125,0.25995,0.18218,0.30908,0.16082,-0.0061284,0.1809,0.16681,0.26097,0.24612,0.25667,0.3502,0.45988,0.57683,0.48675,0.52504,0.46888,0.5033,0.32911,0.50179,0.51338,0.57654,0.39448,0.48609,0.31431,0.29736,0.091768,0.030343,0.27018,0.092593,0.15287,0.23886,0.16888,0.18141,0.17689,0.032093,0.12773,0.25202,0.042249,-0.0013532,-0.11796,0.29954,0.26858,0.2122,0.27922,0.10304,0.068651,0.043594
0.37357,0.36505,0.49141,0.48996,0.2925,0.23484,0.23489,0.16594,0.26386,0.16168,0.41009,0.26011,0.55813,0.44623,0.62658,0.59677,0.4709,0.47442,0.31973,0.31853,0.39588,0.39396,0.59413,0.62361,1,0.84741,0.69846,0.61312,0.46339,0.42915,0.51367,0.52707,0.36858,0.2838,0.40186,0.27993,0.20229,0.30346,0.38642,0.36243,0.089637,0.13162,0.38254,0.40117,0.28621,0.24424,0.44519,0.36038,0.21028,0.2548,0.05733,0.1324,0.14809,0.36949,0.31789,0.37759,0.47693,0.44763,0.047567,0.0016167,-0.0069037,-0.08156,0.39713,0.11384,0.28833,0.031061,0.40479,0.303,0.27241,0.28977,0.093644,0.15058,0.21357,0.0050738,0.21386,0.098916,0.31845,0.2327,0.49071,0.51286,0.64591,0.67704,0.62874,0.61797,0.58446,0.48835,0.4533,0.59279,0.21227,0.32214,0.032057,0.11431,0.082071,0.060713,0.26836,0.11605,0.38347,0.14024,0.15673,0.091998,-0.11116,-0.052737,-0.098513,-0.11646,0.22392,0.27958,-0.024021,-0.1594,-0.053322,0.40146,0.22714,0.19682,0.15408,0.08468,0.076058,0.17062
0.15995,0.19275,0.37384,0.4934,0.18707,0.22455,0.12116,0.088951,0.18016,0.11393,0.24875,0.179,0.3984,0.36173,0.47012,0.51864,0.27438,0.27593,0.084547,0.092933,0.42146,0.43229,0.4691,0.59203,0.84741,1,0.63769,0.59692,0.30769,0.23877,0.33535,0.41294,0.12491,0.069545,0.29097,0.25675,0.16623,0.24144,0.29502,0.288,0.15003,0.17025,0.22024,0.24278,0.1448,0.10925,0.2819,0.18965,0.056951,0.11346,-0.048413,0.076443,0.052058,0.34921,0.24339,0.29674,0.27233,0.25407,-0.016031,-0.085056,-0.060423,-0.13115,0.26124,0.011683,0.22393,0.0088093,0.27086,0.22001,0.040374,0.076137,0.021529,0.024556,0.069324,-0.15987,0.10172,-0.074982,0.097145,0.051592,0.31828,0.30259,0.46464,0.55574,0.47429,0.43181,0.49654,0.52817,0.41502,0.55446,0.15316,0.32378,0.0031042,0.029207,0.13029,0.035558,0.084699,-0.039902,0.19747,-0.077839,0.038054,-0.044551,-0.1725,-0.10107,-0.1849,-0.1586,0.15828,0.14535,-0.10589,-0.16133,-0.069348,0.23906,0.049121,0.005494,0.0028657,-0.066119,-0.013352,0.11458
0.37866,0.25914,0.56402,0.56359,0.62825,0.50823,0.35554,0.30988,0.48087,0.43365,0.43165,0.24895,0.56804,0.40374,0.683,0.62706,0.20766,0.19937,0.21901,0.20213,0.29461,0.33742,0.6116,0.68719,0.69846,0.63769,1,0.84383,0.20432,0.20849,0.23419,0.28561,0.20755,0.15624,0.3878,0.28135,0.064271,0.15308,0.38964,0.34022,-0.11273,-0.046856,0.2665,0.27486,0.17543,0.14813,0.27048,0.23552,0.17326,0.15679,0.11993,0.20279,0.22523,0.41838,0.40019,0.40415,0.25748,0.26284,0.24495,0.22532,0.1971,0.18257,0.27282,0.17658,0.4696,0.29209,0.40866,0.35965,0.11093,0.18334,-0.10652,0.032429,0.01186,-0.16968,-0.010539,0.064733,0.13954,0.079126,0.21344,0.24984,0.40058,0.45229,0.4809,0.48517,0.5144,0.3936,0.40753,0.42964,0.48268,0.5142,0.26503,0.37434,0.32772,0.33521,0.23865,0.036895,0.25241,0.022095,0.053713,0.13281,0.14341,0.19919,0.14419,0.040589,0.13833,0.31418,-0.036892,0.047868,0.044058,0.30958,0.16513,0.17355,0.27765,0.077815,0.049395,0.14688
0.35394,0.19862,0.57451,0.60581,0.68971,0.68007,0.45036,0.42699,0.58119,0.58551,0.45741,0.30921,0.55088,0.39866,0.67169,0.65679,0.14233,0.10424,0.19814,0.13446,0.29578,0.37753,0.56832,0.70351,0.61312,0.59692,0.84383,1,0.17624,0.15491,0.15043,0.22536,0.13965,0.12047,0.29829,0.21744,0.099935,0.16611,0.4318,0.39463,-0.092901,-0.0017714,0.20258,0.22455,0.14395,0.12731,0.23327,0.21245,0.19212,0.16895,0.12442,0.2663,0.18466,0.44352,0.38533,0.41853,0.18663,0.1639,0.30622,0.28288,0.29582,0.26675,0.2321,0.23284,0.46744,0.38446,0.40013,0.36704,0.029304,0.11388,-0.13011,0.0031723,0.03644,-0.17951,0.019697,0.016925,0.050143,-0.011979,0.10828,0.15404,0.30807,0.3664,0.45443,0.4251,0.40319,0.36194,0.45825,0.48462,0.4934,0.55543,0.30412,0.34944,0.39805,0.39074,0.10109,0.067089,0.18116,-0.020033,-0.013908,0.089136,0.17511,0.23385,0.15125,0.015827,0.049058,0.22831,0.0098199,0.10431,0.078761,0.31314,0.14313,0.11983,0.24162,0.042281,-0.0028154,0.12862
0.62279,0.69179,0.26876,0.13079,0.19341,0.20888,0.42512,0.3253,0.22991,0.12438,0.52547,0.52892,0.51415,0.55941,0.59333,0.54433,0.85285,0.78861,0.66107,0.73981,0.44615,0.43214,0.40146,0.30628,0.46339,0.30769,0.20432,0.17624,1,0.88294,0.67978,0.598,0.73121,0.75631,0.32924,0.15381,0.33508,0.33107,0.49289,0.39192,0.31636,0.27447,0.54546,0.56152,0.44152,0.43439,0.55889,0.51493,0.49523,0.47908,0.27431,0.31198,0.2573,0.34816,0.3677,0.39541,0.72985,0.64543,0.33279,0.35575,0.24404,0.14403,0.61983,0.35581,-0.0077497,0.024072,0.51093,0.46263,0.6301,0.64555,0.34309,0.3462,0.63373,0.49982,0.46709,0.43932,0.55425,0.48741,0.76608,0.78438,0.77268,0.6115,0.73477,0.73835,0.18703,0.20651,0.2218,0.30192,0.095475,0.11764,0.065908,0.12088,-0.079577,0.037468,0.4941,0.29721,0.45702,0.35716,0.22875,0.19885,0.061853,0.13058,0.12674,0.11344,0.15841,0.24091,0.075332,0.039991,-0.028825,0.52106,0.36322,0.30014,0.18397,0.21592,0.16251,0.16979
0.62757,0.69099,0.33007,0.13695,0.15399,0.22779,0.41221,0.35778,0.22105,0.19766,0.47424,0.58352,0.45232,0.62004,0.55494,0.59182,0.84922,0.82366,0.66503,0.75765,0.35152,0.39799,0.45951,0.32456,0.42915,0.23877,0.20849,0.15491,0.88294,1,0.69972,0.64747,0.75472,0.76184,0.25314,0.06478,0.27081,0.29475,0.4045,0.33625,0.2404,0.3078,0.5164,0.54176,0.42589,0.42429,0.48315,0.50224,0.45608,0.43449,0.39884,0.27282,0.36674,0.34111,0.37772,0.38226,0.73497,0.65524,0.27116,0.32835,0.23631,0.19625,0.63306,0.38199,0.053008,0.059359,0.44422,0.404,0.62878,0.6269,0.33481,0.36904,0.54918,0.56436,0.41318,0.47266,0.53263,0.50111,0.7692,0.81917,0.77784,0.65257,0.70231,0.79517,0.25468,0.18318,0.21961,0.27912,0.084976,0.077347,0.038455,0.1159,-0.15628,-0.068248,0.46307,0.29906,0.44658,0.39482,0.21998,0.22489,-0.031013,0.016471,0.059055,0.073295,0.088244,0.20585,0.10719,-0.043027,-0.024388,0.54261,0.35849,0.29223,0.207,0.1893,0.14783,0.19861
0.46771,0.48355,0.50059,0.29714,0.033363,0.030437,0.34653,0.30923,0.2048,0.10442,0.26952,0.32617,0.33099,0.4869,0.45384,0.46829,0.72024,0.69902,0.6218,0.56295,0.38614,0.37491,0.6271,0.45299,0.51367,0.33535,0.23419,0.15043,0.67978,0.69972,1,0.92043,0.79032,0.74219,0.42944,0.15209,0.14166,0.22284,0.32113,0.29454,0.17317,0.19206,0.67968,0.69431,0.6563,0.62576,0.6374,0.64517,0.48124,0.55808,0.3279,0.19372,0.22261,0.2101,0.27583,0.34609,0.62439,0.5949,0.067435,0.16118,0.068915,-0.0048096,0.54184,0.2264,0.21849,-0.038429,0.54523,0.48212,0.53428,0.51254,0.37508,0.36473,0.37947,0.37556,0.31823,0.29218,0.38341,0.30892,0.70839,0.74993,0.72286,0.70655,0.54026,0.58374,0.35023,0.32551,0.055504,0.32595,-0.03567,0.041481,0.0060172,0.082152,-0.22017,-0.12881,0.28329,0.18533,0.38128,0.43104,0.30545,0.21465,-0.11742,-0.13754,0.0042468,-0.038654,0.13498,0.21566,0.10652,-0.13273,-0.18562,0.38506,0.37489,0.22397,-0.035148,0.17034,0.17754,0.0059399
0.41628,0.40417,0.51423,0.43521,0.015155,0.047088,0.33374,0.37276,0.22351,0.1647,0.22695,0.35965,0.29525,0.50285,0.43491,0.52142,0.65161,0.60731,0.51963,0.46062,0.38682,0.4133,0.61288,0.53521,0.52707,0.41294,0.28561,0.22536,0.598,0.64747,0.92043,1,0.69836,0.67429,0.37601,0.16599,0.1625,0.27451,0.28196,0.28344,0.12897,0.20336,0.57057,0.60321,0.55446,0.52217,0.51909,0.55083,0.40056,0.45549,0.3445,0.19811,0.26679,0.24647,0.28246,0.35297,0.55203,0.47377,0.059206,0.14208,0.068622,0.02761,0.55407,0.28102,0.27436,0.020768,0.49378,0.45454,0.3705,0.35417,0.34721,0.33602,0.27556,0.25427,0.24819,0.25137,0.29414,0.24575,0.64349,0.66568,0.67746,0.73365,0.50079,0.57173,0.40113,0.43615,0.10293,0.36201,0.01501,0.13835,0.098285,0.1108,-0.14078,-0.10546,0.15883,0.09557,0.2519,0.32598,0.24012,0.18833,-0.10442,-0.13503,-0.016192,-0.048032,0.12969,0.22446,0.075976,-0.14865,-0.21142,0.29334,0.24053,0.122,-0.08355,0.064443,0.073114,-0.0098356
0.76752,0.74229,0.56104,0.33851,0.25912,0.23363,0.59884,0.54153,0.37959,0.29033,0.50837,0.53578,0.52328,0.59524,0.52694,0.50666,0.80706,0.71606,0.84727,0.84536,0.25508,0.34647,0.60037,0.45133,0.36858,0.12491,0.20755,0.13965,0.73121,0.75472,0.79032,0.69836,1,0.9548,0.50741,0.22686,0.20812,0.25316,0.35917,0.34577,0.11435,0.17952,0.67051,0.68773,0.65555,0.66775,0.59104,0.64177,0.64191,0.63936,0.50966,0.38326,0.3359,0.29387,0.35872,0.37478,0.79768,0.74325,0.42808,0.49639,0.40171,0.33814,0.63627,0.48164,0.33047,0.2446,0.75149,0.68169,0.77865,0.78879,0.36708,0.45264,0.50617,0.4873,0.37181,0.46985,0.6152,0.58489,0.69745,0.76777,0.71935,0.62304,0.55198,0.62547,0.2943,0.21392,0.05335,0.22886,0.16767,0.11352,0.14799,0.2858,-0.12213,0.020162,0.38753,0.24973,0.46901,0.47255,0.28198,0.31536,0.14587,0.081356,0.24343,0.1194,0.14912,0.21485,0.25736,0.035636,-0.13189,0.4339,0.55117,0.41896,0.21862,0.31974,0.26635,0.0046857
0.7831,0.77105,0.52939,0.35064,0.28906,0.30482,0.6606,0.61372,0.43198,0.35899,0.53393,0.60293,0.50248,0.6145,0.52646,0.53089,0.76928,0.65036,0.84601,0.86683,0.25995,0.3644,0.5655,0.43433,0.2838,0.069545,0.15624,0.12047,0.75631,0.76184,0.74219,0.67429,0.9548,1,0.43287,0.22249,0.24709,0.28632,0.38611,0.37015,0.178,0.23578,0.60397,0.64447,0.59091,0.61824,0.55092,0.60784,0.65975,0.6366,0.55869,0.47662,0.38885,0.33973,0.41518,0.4265,0.74671,0.69918,0.50967,0.58696,0.45378,0.41101,0.6482,0.5541,0.24677,0.28367,0.7306,0.70364,0.73281,0.76598,0.37464,0.46864,0.53935,0.51367,0.39811,0.4802,0.6041,0.58708,0.64025,0.71039,0.65328,0.5673,0.56201,0.61466,0.21617,0.2026,0.034789,0.19732,0.21175,0.17469,0.25187,0.34304,-0.048292,0.086456,0.34567,0.25497,0.43006,0.45298,0.29849,0.34021,0.24862,0.18952,0.33405,0.17944,0.10415,0.19326,0.27045,0.12409,-0.13606,0.4046,0.52764,0.42962,0.26088,0.34239,0.26119,-0.02921
0.3194,0.29579,0.4236,0.42422,0.30111,0.16882,0.30682,0.29946,0.35184,0.14763,0.32019,0.16431,0.45217,0.28062,0.40931,0.32896,0.34668,0.36648,0.32698,0.26382,0.10625,0.18368,0.42957,0.38677,0.40186,0.29097,0.3878,0.29829,0.32924,0.25314,0.42944,0.37601,0.50741,0.43287,1,0.79949,-0.019249,0.01962,0.15569,0.22874,-0.093256,-0.12793,0.435,0.46631,0.50379,0.53757,0.42976,0.38724,0.30169,0.4184,-0.017567,0.15164,-0.11284,0.18012,0.11973,0.20028,0.37676,0.44923,0.15105,0.16821,0.20383,0.13888,0.26685,0.14448,0.47659,0.15663,0.68305,0.61985,0.2388,0.30242,0.13412,0.26129,0.12702,0.018599,0.098477,0.13603,0.24833,0.19867,0.2827,0.39503,0.40236,0.43981,0.30052,0.29441,0.31004,0.26391,0.024397,0.22416,0.15614,0.18556,0.16939,0.34158,0.22944,0.39216,0.30056,0.042418,0.31516,0.073442,0.12948,0.14359,0.11027,0.29671,0.1258,0.13951,0.1609,0.24831,0.023822,0.081372,-0.088273,0.19954,0.24323,0.18423,0.11642,0.10549,0.1466,-0.044942
0.15893,0.15586,0.23855,0.38539,0.2395,0.14703,0.2127,0.23515,0.29442,0.13316,0.18632,0.12254,0.27849,0.11699,0.2542,0.18457,0.063987,0.086054,0.099684,0.05919,0.11403,0.13278,0.22851,0.26126,0.27993,0.25675,0.28135,0.21744,0.15381,0.06478,0.15209,0.16599,0.22686,0.22249,0.79949,1,0.0036204,-0.0027557,0.069203,0.12283,-0.057479,-0.10024,0.097199,0.14,0.17569,0.22651,0.15584,0.08716,0.11555,0.18982,-0.12495,0.17206,-0.15511,0.17706,0.02567,0.12022,0.15406,0.1837,0.17171,0.14127,0.15563,0.14971,0.1184,0.14915,0.29558,0.16962,0.47231,0.48562,-0.012206,0.055271,0.018822,0.1512,0.051399,-0.065386,0.0091334,0.02164,0.15628,0.091224,0.0059932,0.10967,0.16968,0.24345,0.15717,0.11165,0.20764,0.24046,0.10749,0.19946,0.16411,0.22665,0.19141,0.33018,0.3415,0.46387,0.13353,-0.086106,0.082971,-0.15288,-0.01977,0.058262,0.18786,0.33814,0.11847,0.13465,0.029529,0.17782,-0.054314,0.13049,-0.057291,0.047653,0.040204,0.042925,0.12094,0.031611,0.012021,-0.072063
0.25362,0.25045,0.18094,0.11105,0.20109,0.15989,0.22328,0.10285,0.16331,0.038796,0.15701,0.18235,0.12997,0.19016,0.18803,0.23938,0.19348,0.17883,0.25058,0.29167,0.34625,0.49824,0.1152,0.17441,0.20229,0.16623,0.064271,0.099935,0.33508,0.27081,0.14166,0.1625,0.20812,0.24709,-0.019249,0.0036204,1,0.7164,0.65604,0.54562,0.45436,0.57308,0.061573,0.064843,-0.013559,0.00053435,0.099045,0.085999,0.096654,0.054908,0.20272,0.16604,0.23878,0.26305,0.42178,0.37987,0.19707,0.15005,0.17857,0.11596,0.07166,0.042596,0.11813,0.17913,-0.12529,0.02534,0.12946,0.14642,0.15155,0.23363,0.41111,0.41127,0.31018,0.20167,0.27976,0.25166,0.41159,0.4234,0.13867,0.18528,0.20029,0.16126,0.2887,0.26522,0.018867,0.16391,0.14792,0.22572,0.2612,0.32405,0.31114,0.31844,0.26352,0.21055,0.21115,0.37761,0.27503,0.2556,0.23637,0.32498,0.19592,0.24247,0.24765,0.29789,0.30198,0.2761,0.06465,0.17747,0.11276,0.33415,0.23342,0.30041,0.37842,0.22257,0.20646,0.12899
0.25469,0.26382,0.22076,0.16724,0.13977,0.13988,0.16411,0.072212,0.098575,0.053936,0.096451,0.14125,0.093371,0.15018,0.21309,0.25061,0.2856,0.24977,0.23921,0.29978,0.32176,0.55263,0.18338,0.24628,0.30346,0.24144,0.15308,0.16611,0.33107,0.29475,0.22284,0.27451,0.25316,0.28632,0.01962,-0.0027557,0.7164,1,0.59234,0.7442,0.4092,0.60772,0.16881,0.17204,0.088946,0.08281,0.19056,0.19748,0.18242,0.13615,0.21282,0.176,0.21294,0.29616,0.38514,0.45193,0.2875,0.23086,0.13166,0.087035,-0.021924,-0.053397,0.18373,0.14404,-0.14506,-0.0775,0.15101,0.16019,0.22928,0.26767,0.27219,0.2896,0.21887,0.094606,0.26231,0.22191,0.39298,0.4447,0.25625,0.26211,0.27079,0.26813,0.33562,0.40317,0.08762,0.25362,0.18535,0.32672,0.25495,0.35274,0.32188,0.27519,0.23028,0.15248,0.23673,0.49488,0.30634,0.33041,0.28836,0.32602,0.18616,0.1486,0.28605,0.20449,0.4294,0.29099,0.052839,0.18297,0.039208,0.38662,0.2261,0.31499,0.36959,0.295,0.24556,0.22649
0.45808,0.45032,0.42523,0.31467,0.49177,0.4438,0.44968,0.28249,0.35549,0.23442,0.3485,0.27592,0.32087,0.30407,0.45231,0.45962,0.39447,0.32518,0.38619,0.42887,0.41403,0.47139,0.34106,0.40463,0.38642,0.29502,0.38964,0.4318,0.49289,0.4045,0.32113,0.28196,0.35917,0.38611,0.15569,0.069203,0.65604,0.59234,1,0.73605,0.34245,0.42428,0.33654,0.34782,0.25028,0.24176,0.38608,0.35513,0.34131,0.29797,0.29964,0.35246,0.29624,0.42475,0.66951,0.63856,0.36492,0.33473,0.3605,0.32685,0.20064,0.12124,0.28683,0.22496,0.029353,0.13316,0.43112,0.45027,0.29589,0.42284,0.19359,0.24227,0.38285,0.20976,0.26088,0.26812,0.3946,0.38252,0.3276,0.34219,0.40756,0.34764,0.54706,0.53338,0.16256,0.29956,0.41284,0.45437,0.4906,0.54356,0.41374,0.35683,0.37015,0.40165,0.34161,0.43747,0.50294,0.38214,0.27922,0.35432,0.28645,0.33361,0.36254,0.22572,0.35741,0.43348,0.031816,0.23578,0.098797,0.51533,0.39568,0.36961,0.46405,0.24076,0.14417,0.15217
0.34894,0.32639,0.359,0.2512,0.40256,0.36737,0.32555,0.18427,0.29075,0.20358,0.19551,0.16007,0.20406,0.18813,0.34833,0.37978,0.33176,0.29565,0.3152,0.34866,0.38235,0.60032,0.33821,0.41379,0.36243,0.288,0.34022,0.39463,0.39192,0.33625,0.29454,0.28344,0.34577,0.37015,0.22874,0.12283,0.54562,0.7442,0.73605,1,0.26594,0.51739,0.39951,0.4157,0.31913,0.33079,0.44524,0.44764,0.38384,0.39034,0.24332,0.36733,0.18189,0.43321,0.56004,0.68528,0.33318,0.29679,0.25401,0.24127,0.059536,-0.00073663,0.13525,0.099082,-0.039904,-0.0083789,0.4069,0.42946,0.31186,0.41606,0.10035,0.18815,0.282,0.11329,0.22139,0.19927,0.33661,0.33436,0.25564,0.32123,0.32654,0.29069,0.41628,0.49271,0.038597,0.24772,0.18998,0.32274,0.31226,0.44231,0.40073,0.41503,0.33773,0.34208,0.31225,0.50776,0.48047,0.4396,0.31489,0.44611,0.22402,0.30075,0.33721,0.22744,0.41007,0.37394,0.079251,0.2609,0.08423,0.45493,0.39016,0.40695,0.43562,0.31451,0.3106,0.30738
0.022082,0.20869,-0.0638,-0.087593,-0.11773,-0.09197,-0.073733,-0.17169,-0.059363,-0.16275,-0.064602,0.039083,-0.10112,0.013979,0.053243,0.12957,0.20001,0.20397,0.030884,0.19346,0.29455,0.30351,-0.0039145,-0.04337,0.089637,0.15003,-0.11273,-0.092901,0.31636,0.2404,0.17317,0.12897,0.11435,0.178,-0.093256,-0.057479,0.45436,0.4092,0.34245,0.26594,1,0.65944,0.036482,0.032071,-0.014738,-0.014723,0.10043,0.049378,0.055901,0.03485,0.041268,0.029591,0.12396,0.11439,0.2477,0.2368,0.1457,0.14022,-0.074284,-0.10446,-0.18235,-0.2276,0.18819,0.017972,-0.35423,-0.32944,-0.088249,-0.061416,0.10939,0.16393,0.084444,0.085092,0.37555,0.28679,0.23901,0.14729,0.13936,0.14791,0.20501,0.14554,0.19994,0.20319,0.40972,0.25781,0.026335,0.20053,0.18681,0.19386,-0.011087,0.14589,-0.013001,-0.069207,-0.063636,-0.13944,0.17516,0.32106,0.14792,0.12831,0.20357,0.075769,-0.10377,-0.12332,0.014069,0.006652,0.25749,-0.01486,0.057277,0.010402,0.027357,0.23391,0.0028466,0.053375,0.036169,0.14772,0.12165,0.1732
0.13124,0.25036,0.12094,0.058057,0.0017925,0.056445,0.074066,-0.050931,0.045925,-0.033059,-0.032101,0.097849,-0.075805,0.082343,0.043906,0.16031,0.20461,0.18071,0.12157,0.28131,0.25981,0.46491,0.091879,0.10592,0.13162,0.17025,-0.046856,-0.0017714,0.27447,0.3078,0.19206,0.20336,0.17952,0.23578,-0.12793,-0.10024,0.57308,0.60772,0.42428,0.51739,0.65944,1,0.14029,0.13687,0.075431,0.086292,0.17716,0.19009,0.19341,0.15068,0.23031,0.19811,0.24761,0.23981,0.37196,0.41628,0.20219,0.17077,0.054624,0.045833,-0.086214,-0.10465,0.18018,0.069074,-0.25191,-0.18098,0.029563,0.076286,0.17124,0.2311,0.22986,0.28344,0.34681,0.32244,0.2552,0.18098,0.29781,0.31071,0.17186,0.16379,0.20351,0.19488,0.26716,0.28732,0.044486,0.24103,0.16957,0.26402,0.088517,0.2902,0.21186,0.14107,0.089983,-0.025008,0.15122,0.33866,0.24279,0.32719,0.37785,0.31263,0.031428,-0.03353,0.12791,0.091827,0.30565,0.14723,0.052837,0.074104,0.038997,0.28625,0.19169,0.23122,0.218,0.24403,0.22124,0.18888
