1,0.75778,0.51346,0.557,0.426,0.45699,0.57947,0.63086,0.3242,0.3111,0.49739,0.4827,0.385,0.44001,0.32235,0.28666,0.55596,0.42273,0.74646,0.69128,0.26563,0.10876,0.41251,0.35847,0.38085,0.30514,0.27869,0.25616,0.33573,0.3268,0.32817,0.19468,0.65239,0.64471,0.36942,0.37883,0.35038,0.34672,0.25689,0.35491,0.22558,0.31979,0.51674,0.52947,0.49158,0.50549,0.40521,0.5405,0.553,0.54322,0.28494,0.23226,0.21111,0.30437,0.29059,0.31731,0.86241,0.74997,0.54687,0.52733,0.353,0.41343,0.60086,0.63248,0.37802,0.38215,0.59634,0.57363,0.67211,0.56696,0.38746,0.30051,0.37489,0.40367,0.50509,0.4754,0.41483,0.3673,0.42653,0.34826,0.38861,0.41917,0.42617,0.34374,0.52956,0.57538,0.43519,0.50029,0.51839,0.56622,0.39178,0.38758,0.37828,0.36566,0.054183,0.12235,0.35858,0.35343,0.34466,0.43296,0.48443,0.49245,0.51072,0.54964,0.33785,0.21544,0.48612,0.49643,0.037307,0.31745,0.37367,0.32427,0.45718,0.52168,0.43332,0.052973
0.75778,1,0.29172,0.43344,0.32535,0.33427,0.35188,0.45023,0.30918,0.29195,0.38915,0.45908,0.38095,0.44343,0.35289,0.31551,0.54959,0.56556,0.62312,0.6937,0.4092,0.19667,0.28992,0.21013,0.26917,0.25954,0.24999,0.22328,0.38472,0.42374,0.34531,0.19482,0.49232,0.49761,0.14569,0.16637,0.3576,0.33838,0.32184,0.41697,0.28868,0.36498,0.53392,0.5259,0.48101,0.52128,0.48287,0.54117,0.62088,0.58022,0.38634,0.35978,0.37425,0.47846,0.47877,0.44086,0.72177,0.87684,0.43561,0.36569,0.13085,0.16302,0.35976,0.58124,0.10603,0.10664,0.39489,0.30654,0.65779,0.55639,0.38005,0.27235,0.32824,0.43527,0.34481,0.37135,0.35267,0.27756,0.39333,0.44263,0.35539,0.38,0.41374,0.36016,0.30159,0.36132,0.45654,0.40086,0.47565,0.40228,0.31186,0.32698,0.19175,0.28018,0.11398,0.22045,0.43906,0.29555,0.43429,0.33592,0.32613,0.43137,0.40352,0.32821,0.25361,0.075121,0.34437,0.42369,0.053016,0.17619,0.29514,0.34901,0.35857,0.42611,0.22977,-0.034614
0.51346,0.29172,1,0.76992,0.6797,0.60768,0.84848,0.66342,0.65023,0.61252,0.24035,0.0063583,0.39511,0.24071,0.45971,0.24327,0.15448,0.078061,0.59516,0.419,0.28136,0.23343,0.83124,0.78035,0.79576,0.60174,0.5519,0.55726,0.027172,-0.016815,0.39963,0.33418,0.60468,0.47013,0.70406,0.62858,0.31699,0.32646,0.25659,0.32723,0.20067,0.22682,0.23906,0.25172,0.18871,0.19256,0.22398,0.32184,0.25541,0.24601,0.24544,0.14724,0.093203,0.22445,0.099939,0.15948,0.47124,0.34419,0.51082,0.39758,0.49991,0.42397,0.47117,0.15319,0.81798,0.62269,0.64277,0.56691,0.37164,0.34345,0.43128,0.44231,0.2611,0.23014,0.42861,0.50748,0.35445,0.34005,0.15968,0.081947,0.25362,0.30409,0.224,0.14954,0.64997,0.57821,0.25158,0.37055,0.49678,0.52789,0.642,0.6861,0.72012,0.75225,-0.0092881,0.10538,0.17939,0.19051,0.37937,0.42121,0.66163,0.64099,0.55919,0.65825,0.49214,0.53008,0.43268,0.48659,0.049775,0.15869,0.33345,0.29548,0.43803,0.3803,0.4602,0.053075
0.557,0.43344,0.76992,1,0.59979,0.68374,0.75387,0.82425,0.47312,0.60282,0.06095,0.058495,0.25442,0.31094,0.29572,0.20538,0.079721,0.028977,0.54932,0.49277,0.47228,0.44474,0.68548,0.73484,0.70028,0.65384,0.48661,0.53711,-0.018159,-0.038555,0.43685,0.37252,0.6271,0.51906,0.72247,0.73485,0.44816,0.45485,0.39942,0.52383,0.27697,0.41001,0.46489,0.45668,0.43775,0.42823,0.4832,0.54509,0.49494,0.49093,0.39272,0.30863,0.2862,0.39636,0.36787,0.4257,0.51904,0.50242,0.63885,0.54349,0.38659,0.46325,0.23031,0.19232,0.66496,0.68756,0.75072,0.74087,0.44278,0.43569,0.62075,0.58901,0.39727,0.38498,0.52309,0.58768,0.34427,0.30386,0.016643,-0.0051817,0.10792,0.17498,0.14201,0.11164,0.44806,0.55459,0.29842,0.39325,0.53321,0.65044,0.68699,0.72386,0.69346,0.6731,0.070394,0.15703,0.41046,0.32721,0.56167,0.58608,0.70517,0.7059,0.60199,0.64517,0.46926,0.45449,0.57906,0.61956,-0.0072362,0.1675,0.47296,0.42781,0.62333,0.47033,0.5011,-0.051999
0.426,0.32535,0.6797,0.59979,1,0.87182,0.72926,0.6799,0.82266,0.67494,0.26003,0.14479,0.21908,0.23638,0.27667,0.17209,0.018011,0.071737,0.4006,0.27501,0.21078,-0.021058,0.58974,0.44703,0.58317,0.41123,0.71186,0.47653,0.021062,0.044539,0.31185,0.14974,0.56232,0.43726,0.55773,0.52768,0.17127,0.22445,0.094199,0.1015,-0.071605,0.0050731,0.35083,0.34467,0.32729,0.31994,0.36402,0.41741,0.37425,0.42782,0.43014,0.3204,0.3012,0.38486,0.27207,0.31266,0.3799,0.37994,0.55854,0.57811,0.50597,0.549,0.27271,0.25762,0.56466,0.5312,0.61982,0.52873,0.40192,0.40684,0.33546,0.36943,0.20345,0.24026,0.36239,0.44468,0.33589,0.32389,0.020314,0.015149,-0.13928,-0.0031927,0.017403,-0.11479,0.22796,0.21827,0.076981,0.035807,0.46354,0.61278,0.48723,0.46848,0.47358,0.46061,-0.11799,-0.088028,0.26055,0.18009,0.42596,0.49975,0.59896,0.56429,0.52409,0.57126,0.2913,0.18592,0.39087,0.39963,-0.075247,0.11422,0.43502,0.49084,0.56258,0.48037,0.43969,0.092207
0.45699,0.33427,0.60768,0.68374,0.87182,1,0.69725,0.75817,0.71879,0.77436,0.24618,0.14214,0.29798,0.33715,0.3237,0.311,-0.037161,-0.0188,0.40256,0.30617,0.21625,0.087278,0.53351,0.50089,0.52169,0.4592,0.68852,0.52623,-0.051955,-0.0029973,0.29899,0.15014,0.49052,0.39173,0.52396,0.54269,0.23869,0.30436,0.049793,0.22803,-0.036636,0.1024,0.30405,0.28983,0.28478,0.26558,0.32193,0.35383,0.39599,0.44078,0.47184,0.33109,0.38037,0.45161,0.35261,0.34793,0.36782,0.37904,0.5534,0.60333,0.5418,0.65125,0.23623,0.23098,0.52672,0.61407,0.56297,0.53578,0.33217,0.32448,0.39307,0.39949,0.24569,0.29481,0.43565,0.54613,0.42845,0.39129,-0.017369,-0.040419,-0.091304,0.042193,0.093473,-0.020978,0.31229,0.32974,0.11257,0.15513,0.54806,0.72832,0.54539,0.4994,0.58436,0.4828,-0.098055,-0.028166,0.32562,0.20207,0.45397,0.47448,0.68788,0.61267,0.61929,0.61239,0.34367,0.22688,0.41417,0.55551,-0.11491,0.19407,0.4308,0.45033,0.64628,0.49927,0.45734,0.058386
0.57947,0.35188,0.84848,0.75387,0.72926,0.69725,1,0.86511,0.72048,0.6122,0.42363,0.2235,0.50131,0.40759,0.41705,0.3408,0.20319,0.092244,0.63748,0.50094,0.26543,0.17338,0.70117,0.62103,0.64019,0.50248,0.47484,0.37926,0.13184,0.1189,0.43875,0.35392,0.7332,0.61346,0.6666,0.65792,0.26286,0.21448,0.16691,0.27818,0.11315,0.20306,0.39069,0.34768,0.30511,0.2658,0.37747,0.40084,0.36351,0.34522,0.40196,0.25417,0.29928,0.3758,0.30396,0.28473,0.43507,0.38053,0.58373,0.52761,0.5785,0.6022,0.55934,0.34375,0.7342,0.6675,0.68091,0.61285,0.4306,0.43838,0.50747,0.47699,0.36508,0.37229,0.5563,0.59021,0.54082,0.48884,0.17979,0.09877,0.19765,0.21063,0.24019,0.16689,0.53613,0.45965,0.21596,0.24205,0.59082,0.57524,0.56556,0.51713,0.56426,0.53603,0.04284,0.081974,0.27327,0.21562,0.38631,0.42016,0.6469,0.63676,0.54315,0.65286,0.41809,0.36016,0.48573,0.49349,0.044265,0.28367,0.37421,0.33595,0.54467,0.48854,0.51458,0.080278
0.63086,0.45023,0.66342,0.82425,0.6799,0.75817,0.86511,1,0.6276,0.58706,0.34973,0.32794,0.43063,0.49649,0.34826,0.37021,0.22549,0.15751,0.60873,0.57374,0.33418,0.25271,0.57352,0.54319,0.52113,0.49563,0.44776,0.37759,0.18795,0.2092,0.47649,0.38764,0.71741,0.66598,0.5777,0.61144,0.35643,0.3603,0.246,0.38339,0.20946,0.34102,0.56724,0.52328,0.48261,0.44122,0.56667,0.57882,0.56672,0.52643,0.4939,0.38206,0.41248,0.47309,0.49042,0.46451,0.51622,0.50593,0.61378,0.56906,0.44263,0.59874,0.48435,0.49429,0.59175,0.64798,0.70712,0.67516,0.52193,0.55067,0.62174,0.56302,0.47377,0.48669,0.63886,0.6395,0.53495,0.47068,0.1467,0.10726,0.11516,0.16623,0.23609,0.17569,0.43181,0.46806,0.22563,0.27303,0.57221,0.6482,0.59388,0.51776,0.53144,0.47926,0.037147,0.046346,0.44345,0.32801,0.52862,0.56802,0.66342,0.64977,0.58525,0.64483,0.39216,0.29432,0.56606,0.58992,-0.024216,0.33298,0.51187,0.47269,0.66795,0.60654,0.57821,0.055611
0.3242,0.30918,0.65023,0.47312,0.82266,0.71879,0.72048,0.6276,1,0.70422,0.43966,0.20514,0.54015,0.41672,0.5494,0.41563,0.096289,0.16472,0.42745,0.33649,0.17483,0.1007,0.59619,0.46703,0.5192,0.38734,0.68783,0.51214,0.17666,0.19966,0.34299,0.22448,0.44636,0.36459,0.38838,0.32639,0.13596,0.22069,0.044488,0.1944,0.062487,0.1466,0.22567,0.23222,0.16465,0.17652,0.24052,0.26527,0.23669,0.25657,0.31418,0.24167,0.22001,0.35963,0.24652,0.24768,0.28474,0.34442,0.36921,0.36811,0.45742,0.45373,0.36618,0.29753,0.48452,0.40142,0.42286,0.305,0.36232,0.36189,0.34169,0.3725,0.2711,0.32498,0.44512,0.52516,0.41653,0.39904,0.13556,0.09814,0.038535,0.17181,0.23379,0.12705,0.36284,0.27087,0.096016,0.040952,0.46921,0.47831,0.38116,0.3755,0.38502,0.40318,-0.034301,0.0013455,0.22914,0.11463,0.34115,0.37059,0.47109,0.47448,0.41622,0.45385,0.2291,0.17266,0.28098,0.30548,-0.039032,0.15201,0.38145,0.44992,0.47177,0.41011,0.41245,-0.0081693
0.3111,0.29195,0.61252,0.60282,0.67494,0.77436,0.6122,0.58706,0.70422,1,0.15812,0.010105,0.39283,0.33494,0.3829,0.3524,-0.083463,-0.063951,0.38319,0.29235,0.2299,0.26673,0.49334,0.50483,0.52629,0.49719,0.68385,0.57982,-0.11669,-0.098426,0.19531,0.078552,0.27202,0.16842,0.38477,0.34681,0.22423,0.23631,0.026842,0.31906,0.087562,0.20183,0.060265,0.051394,0.009315,0.010723,0.086668,0.10981,0.20321,0.16042,0.3697,0.15407,0.30978,0.35131,0.2416,0.16894,0.26345,0.28932,0.33239,0.31087,0.42934,0.45476,0.17691,0.0037824,0.46344,0.50044,0.34017,0.29667,0.25853,0.19143,0.31661,0.31415,0.23551,0.23841,0.36313,0.50176,0.34931,0.28917,0.020956,-0.037798,0.065804,0.14276,0.18322,0.1133,0.40824,0.33028,0.13383,0.23003,0.51948,0.54648,0.45732,0.46163,0.53633,0.50714,-0.062586,0.065948,0.16101,0.10933,0.33393,0.24317,0.52289,0.51972,0.46845,0.49533,0.36048,0.25199,0.25792,0.47484,-0.0093094,0.15954,0.26736,0.27256,0.44087,0.24832,0.28561,-0.04707
0.49739,0.38915,0.24035,0.06095,0.26003,0.24618,0.42363,0.34973,0.43966,0.15812,1,0.75085,0.73109,0.67672,0.49969,0.58104,0.41881,0.35777,0.48966,0.36329,0.16206,-0.020536,0.28275,0.15996,0.17195,0.11457,0.20367,0.14419,0.56408,0.56553,0.41024,0.27895,0.34418,0.42716,0.10205,0.054131,-0.029239,0.010509,-0.061358,0.038036,0.011652,0.09311,0.097516,0.1046,0.0014243,0.015049,0.027802,0.037643,0.026333,0.076146,0.096934,0.070017,0.15673,0.21262,0.12997,0.077928,0.23936,0.23654,0.043245,0.1753,0.37877,0.39003,0.54695,0.58299,0.060505,0.17513,0.057148,0.016793,0.24433,0.17223,0.22684,0.093248,0.25018,0.29562,0.42695,0.36032,0.3805,0.33453,0.35594,0.289,0.32033,0.33791,0.53848,0.40165,0.32212,0.24043,0.14713,0.11023,0.40975,0.25825,-0.004916,-0.09426,-0.027434,-0.058994,0.10906,0.076151,0.0054937,0.013898,-0.10323,-0.070285,0.12108,0.14747,0.16459,0.16293,0.040262,-0.069417,0.086132,0.050529,0.043757,0.30897,-0.11649,-0.051235,0.099735,0.23674,0.22449,0.24568
0.4827,0.45908,0.0063583,0.058495,0.14479,0.14214,0.2235,0.32794,0.20514,0.010105,0.75085,1,0.45169,0.65611,0.21265,0.30796,0.38577,0.46879,0.31263,0.25833,0.26117,-0.046243,0.048237,-0.053414,0.0092359,0.084592,0.14953,0.11115,0.57026,0.6222,0.2936,0.1427,0.28682,0.41404,0.045612,0.032599,0.1521,0.16142,0.14435,-0.0059559,0.085589,0.15307,0.18805,0.19345,0.07837,0.094998,0.17027,0.1681,0.14257,0.19384,0.23149,0.2401,0.34563,0.36185,0.38285,0.28544,0.2003,0.23274,0.11443,0.24021,0.15795,0.30412,0.34127,0.61605,-0.056845,0.18727,0.064453,0.064208,0.17582,0.15759,0.31993,0.12503,0.34109,0.38191,0.41151,0.31742,0.25998,0.2109,0.26659,0.29254,0.14548,0.16556,0.27053,0.16908,0.045171,0.14121,0.022676,0.033392,0.36985,0.32801,-0.00904,-0.12099,-0.16728,-0.20259,0.12543,-0.016365,0.19995,0.13778,0.028415,0.098354,0.081968,0.094262,0.13876,0.092698,0.029336,-0.2,0.060415,0.0064803,0.048793,0.27516,0.020144,0.044855,0.2207,0.31788,0.21263,0.23711
0.385,0.38095,0.39511,0.25442,0.21908,0.29798,0.50131,0.43063,0.54015,0.39283,0.73109,0.45169,1,0.79251,0.8176,0.75717,0.33032,0.24838,0.55108,0.4765,0.27521,0.22565,0.3953,0.40854,0.347,0.30986,0.29695,0.35589,0.38413,0.3795,0.41797,0.33154,0.23931,0.27961,0.11353,0.026334,0.067392,0.11969,0.01711,0.15979,0.16781,0.23152,0.074118,0.047388,-0.067632,-0.053851,0.022969,-0.0012027,0.010379,-0.020588,0.035325,0.010392,0.13163,0.24652,0.18164,0.061859,0.2338,0.26316,0.021164,0.014385,0.28571,0.24359,0.54503,0.36074,0.26051,0.21092,0.048402,-0.026677,0.22369,0.14841,0.37181,0.26028,0.27919,0.32563,0.48955,0.41657,0.43648,0.37781,0.39563,0.28702,0.54871,0.59595,0.66252,0.55353,0.67299,0.56015,0.27362,0.33485,0.505,0.25021,0.20177,0.19461,0.23031,0.27643,0.13909,0.18684,0.030774,0.011859,0.013713,-0.049937,0.2848,0.34753,0.2811,0.27934,0.19651,0.21893,0.075353,0.19807,0.078359,0.33311,-0.033061,-0.0096202,0.1319,0.19992,0.26245,0.16924
0.44001,0.44343,0.24071,0.31094,0.23638,0.33715,0.40759,0.49649,0.41672,0.33494,0.67672,0.65611,0.79251,1,0.65834,0.74079,0.37281,0.30956,0.53529,0.48588,0.35409,0.22456,0.3308,0.31912,0.29428,0.33077,0.32908,0.35569,0.50538,0.51242,0.43195,0.28225,0.32473,0.33644,0.14583,0.071131,0.10949,0.24743,0.094303,0.22567,0.22953,0.32976,0.14755,0.13339,0.040278,0.057186,0.075754,0.094197,0.085605,0.10496,0.096718,0.16406,0.18701,0.34048,0.26558,0.1131,0.27526,0.28723,0.048056,0.10109,0.1671,0.29014,0.44818,0.49775,0.17484,0.29637,0.15811,0.11841,0.28255,0.2862,0.4715,0.32913,0.39917,0.45693,0.57066,0.47806,0.44397,0.4193,0.31177,0.27765,0.3721,0.45131,0.55401,0.47335,0.42737,0.52255,0.27864,0.25559,0.40206,0.29702,0.1569,0.10454,0.13513,0.11432,0.14216,0.15088,0.068471,0.031664,0.019353,0.020124,0.25288,0.30271,0.28232,0.2437,0.15401,0.11714,0.12968,0.22178,0.039866,0.24792,0.015496,0.072633,0.27383,0.2726,0.29442,0.14103
0.32235,0.35289,0.45971,0.29572,0.27667,0.3237,0.41705,0.34826,0.5494,0.3829,0.49969,0.21265,0.8176,0.65834,1,0.81297,0.41042,0.35599,0.61299,0.55617,0.29962,0.24438,0.58072,0.59042,0.51029,0.47213,0.41841,0.47973,0.45665,0.43038,0.55579,0.4134,0.35382,0.37465,0.18756,0.065544,0.094112,0.24948,0.077763,0.26589,0.27158,0.28791,0.1502,0.14823,0.028675,0.060828,0.078152,0.090633,0.079776,0.022559,-0.052492,-0.0080872,-0.048262,0.20804,0.081739,0.06746,0.339,0.30014,-0.039964,-0.1027,0.10928,0.036915,0.58682,0.35979,0.34153,0.17443,0.14585,0.051398,0.3329,0.30963,0.37091,0.33551,0.3192,0.39425,0.48265,0.43847,0.38178,0.38438,0.43449,0.37453,0.51733,0.64942,0.73707,0.59901,0.65699,0.59296,0.46917,0.41701,0.28443,0.16245,0.21071,0.26792,0.29649,0.34944,0.12912,0.17248,0.12372,0.048236,0.0823,0.055362,0.2369,0.29647,0.28291,0.27069,0.19535,0.26034,0.047295,0.16668,0.11693,0.27356,0.090427,0.093035,0.13108,0.27239,0.30009,0.089941
0.28666,0.31551,0.24327,0.20538,0.17209,0.311,0.3408,0.37021,0.41563,0.3524,0.58104,0.30796,0.75717,0.74079,0.81297,1,0.3931,0.31793,0.58551,0.55668,0.2761,0.26387,0.44392,0.45915,0.34469,0.37204,0.23215,0.31929,0.51542,0.53106,0.57942,0.46956,0.33575,0.38122,0.11958,0.034162,-0.083833,0.084084,-0.019598,0.31944,0.21392,0.278,0.13608,0.13813,0.028526,0.048127,0.050857,0.028298,0.056437,0.0044833,-0.027073,-0.028021,0.033868,0.16212,0.070483,0.021647,0.24554,0.23592,-0.13616,-0.11196,0.09428,0.12932,0.52735,0.4645,0.17496,0.1931,0.096108,0.060584,0.32294,0.3123,0.32898,0.24585,0.33044,0.38225,0.45122,0.39038,0.35439,0.35369,0.36712,0.36306,0.40976,0.54584,0.71958,0.66196,0.46513,0.4366,0.4068,0.36186,0.18679,0.079992,0.037202,0.050292,0.12282,0.12461,0.096127,0.14849,0.053494,-0.0015738,-0.091021,-0.11177,0.076534,0.1424,0.14249,0.14239,0.12589,0.13617,-0.048522,0.15942,0.036786,0.24932,-0.047988,-0.059981,0.024079,0.17373,0.22398,0.054563
0.55596,0.54959,0.15448,0.079721,0.018011,-0.037161,0.20319,0.22549,0.096289,-0.083463,0.41881,0.38577,0.33032,0.37281,0.41042,0.3931,1,0.82905,0.66929,0.71513,0.21915,0.020858,0.24654,0.17244,0.16672,0.14444,-0.016253,-0.019661,0.79525,0.75822,0.41664,0.33166,0.53019,0.58977,-0.011224,-0.058131,0.29953,0.32699,0.33518,0.31071,0.38501,0.28737,0.53895,0.50868,0.47082,0.47966,0.38585,0.43452,0.40398,0.2369,-0.073287,-0.037506,-0.10836,0.036618,0.15425,0.23555,0.58757,0.44167,-0.044208,-0.1278,-0.24057,-0.15864,0.69304,0.73852,0.037101,-0.088283,0.26075,0.17301,0.62951,0.63276,0.29568,0.19389,0.46173,0.44501,0.3826,0.24902,0.44972,0.39603,0.87476,0.8882,0.69661,0.70632,0.65878,0.60405,0.35096,0.39229,0.51547,0.46074,0.06165,-0.0077102,-0.023772,0.0014492,-0.033634,0.029277,0.30955,0.28593,0.34704,0.40659,0.071838,0.15373,0.010596,0.03818,0.15449,0.13578,0.18438,0.19806,0.099289,0.12901,0.33428,0.3508,0.21606,0.12143,0.085056,0.44325,0.4245,0.24803
0.42273,0.56556,0.078061,0.028977,0.071737,-0.0188,0.092244,0.15751,0.16472,-0.063951,0.35777,0.46879,0.24838,0.30956,0.35599,0.31793,0.82905,1,0.47102,0.52657,0.27874,-0.014649,0.21325,0.13467,0.10256,0.14339,0.10277,0.076722,0.78249,0.81219,0.39418,0.27497,0.41965,0.51207,-0.031253,-0.1064,0.23967,0.31953,0.33069,0.20586,0.38949,0.36722,0.52224,0.51576,0.44177,0.47003,0.45397,0.47446,0.42195,0.283,0.022163,0.021223,0.021962,0.10342,0.20547,0.26052,0.51458,0.49045,-0.058012,-0.13441,-0.29266,-0.21538,0.4956,0.76583,-0.019483,-0.16715,0.18129,0.061196,0.502,0.50799,0.34384,0.22251,0.46755,0.45953,0.34252,0.28094,0.24139,0.20036,0.71623,0.84985,0.41143,0.50332,0.47451,0.35567,0.12827,0.15777,0.33978,0.2427,-0.0033598,-0.040805,-0.011727,0.0044426,-0.081082,0.019078,0.12316,0.041108,0.43285,0.30908,0.19517,0.25375,-0.062043,0.023981,0.10389,0.057268,0.12206,0.053805,-0.030524,-0.0070098,0.13095,0.20981,0.26351,0.22665,0.12442,0.44592,0.39346,0.19509
0.74646,0.62312,0.59516,0.54932,0.4006,0.40256,0.63748,0.60873,0.42745,0.38319,0.48966,0.31263,0.55108,0.53529,0.61299,0.58551,0.66929,0.47102,1,0.90498,0.33571,0.20649,0.6149,0.54724,0.5446,0.42837,0.26291,0.28929,0.5188,0.45164,0.56842,0.44213,0.78693,0.74496,0.44669,0.40135,0.23077,0.26228,0.21796,0.40269,0.32367,0.3098,0.50214,0.46585,0.40194,0.41087,0.35294,0.4162,0.3908,0.29547,0.10967,0.040753,0.042379,0.24185,0.16144,0.20415,0.66164,0.54886,0.29974,0.21825,0.2305,0.27664,0.73414,0.58354,0.41397,0.36945,0.55763,0.49283,0.73609,0.64589,0.43422,0.32649,0.45962,0.46522,0.55256,0.45582,0.55402,0.49812,0.61251,0.52176,0.55537,0.62764,0.65211,0.5875,0.58315,0.58827,0.53701,0.53756,0.35483,0.33503,0.24007,0.28939,0.26889,0.29719,0.21272,0.27263,0.28713,0.30906,0.14566,0.19724,0.28433,0.35105,0.33573,0.39231,0.34057,0.33833,0.29475,0.42688,0.2206,0.34924,0.25905,0.15625,0.26431,0.49082,0.46466,0.13512
0.69128,0.6937,0.419,0.49277,0.27501,0.30617,0.50094,0.57374,0.33649,0.29235,0.36329,0.25833,0.4765,0.48588,0.55617,0.55668,0.71513,0.52657,0.90498,1,0.334,0.30935,0.4747,0.4513,0.39952,0.356,0.13961,0.17567,0.55627,0.5007,0.52294,0.46207,0.73583,0.7194,0.2975,0.29467,0.28422,0.33833,0.30886,0.51576,0.41847,0.43613,0.6053,0.5708,0.55503,0.55938,0.46877,0.53247,0.52344,0.38287,0.1057,0.082088,0.082496,0.24473,0.26219,0.3059,0.6997,0.63355,0.25465,0.15706,0.056738,0.15614,0.65272,0.63488,0.29641,0.25704,0.55646,0.48782,0.83604,0.78372,0.45065,0.37012,0.55164,0.55677,0.55813,0.43657,0.54527,0.46935,0.62887,0.55382,0.53738,0.62786,0.60883,0.63961,0.49631,0.55609,0.5214,0.53081,0.28138,0.26112,0.20833,0.2721,0.18802,0.25162,0.29067,0.36228,0.42193,0.42814,0.24949,0.27788,0.24512,0.32902,0.34376,0.33236,0.32271,0.32314,0.31881,0.494,0.25065,0.34608,0.37401,0.26114,0.24864,0.51387,0.4416,0.047891
0.26563,0.4092,0.28136,0.47228,0.21078,0.21625,0.26543,0.33418,0.17483,0.2299,0.16206,0.26117,0.27521,0.35409,0.29962,0.2761,0.21915,0.27874,0.33571,0.334,1,0.69508,0.4137,0.42827,0.49004,0.66983,0.38085,0.54239,0.32022,0.31783,0.58526,0.509,0.34471,0.40156,0.4096,0.37843,0.3816,0.41813,0.59726,0.48308,0.42059,0.44365,0.37873,0.33885,0.25504,0.28864,0.41239,0.39709,0.29358,0.22876,0.15591,0.14386,0.1767,0.32459,0.37282,0.42546,0.19313,0.27299,0.078174,0.015736,-0.10758,-0.025366,0.0059952,0.22235,0.17638,0.20082,0.31355,0.29107,0.2623,0.27803,0.6276,0.48801,0.45811,0.45007,0.29256,0.27903,0.1396,0.14192,0.16678,0.20586,0.20634,0.29136,0.30195,0.30921,0.22842,0.34227,0.39817,0.37024,0.29873,0.19208,0.34978,0.4585,0.24059,0.35398,0.18889,0.18933,0.3604,0.30375,0.34988,0.31776,0.21697,0.29732,0.2179,0.23931,0.29872,0.30159,0.074997,0.19656,0.057191,0.039788,0.15483,0.2182,0.22443,0.151,0.27046,0.13092
0.10876,0.19667,0.23343,0.44474,-0.021058,0.087278,0.17338,0.25271,0.1007,0.26673,-0.020536,-0.046243,0.22565,0.22456,0.24438,0.26387,0.020858,-0.014649,0.20649,0.30935,0.69508,1,0.34943,0.46965,0.35741,0.54904,0.14565,0.40595,0.11397,0.058006,0.36454,0.45499,0.12676,0.1372,0.28155,0.28996,0.38924,0.42866,0.55925,0.76626,0.53416,0.6359,0.15602,0.14082,0.13606,0.18984,0.19072,0.1816,0.20913,0.15397,0.10269,0.11932,0.085585,0.14442,0.22435,0.24726,0.15063,0.18568,0.041612,-0.041508,-0.032841,0.0047766,-0.099226,0.01697,0.1684,0.25101,0.2297,0.26222,0.15985,0.19892,0.46885,0.44718,0.38482,0.33863,0.27805,0.2515,0.10614,0.12767,-0.017709,-0.052616,0.18805,0.21903,0.26151,0.49135,0.281,0.38791,0.4032,0.46571,0.22378,0.12751,0.38593,0.4948,0.33912,0.38602,0.13616,0.30322,0.21242,0.19275,0.31938,0.27362,0.21098,0.28261,0.21281,0.20687,0.31517,0.39216,0.21053,0.38145,-0.06757,-0.099371,0.10942,0.17188,0.14452,0.031668,0.17263,-0.16917
0.41251,0.28992,0.83124,0.68548,0.58974,0.53351,0.70117,0.57352,0.59619,0.49334,0.28275,0.048237,0.3953,0.3308,0.58072,0.44392,0.24654,0.21325,0.6149,0.4747,0.4137,0.34943,1,0.91233,0.89738,0.79454,0.58644,0.67833,0.26994,0.22345,0.71507,0.64898,0.68492,0.62436,0.77356,0.64663,0.24655,0.35159,0.36403,0.41682,0.19351,0.26497,0.3449,0.36608,0.26084,0.28123,0.31869,0.38111,0.25441,0.23395,0.19272,0.12112,0.074314,0.24883,0.18153,0.26691,0.42085,0.33719,0.31313,0.21159,0.28446,0.25922,0.44193,0.28827,0.68113,0.55066,0.63532,0.5687,0.36489,0.41313,0.4434,0.3918,0.29933,0.27913,0.45193,0.45968,0.29395,0.30237,0.17539,0.15704,0.20538,0.32586,0.33968,0.26207,0.52125,0.50491,0.37203,0.37854,0.38196,0.37428,0.50914,0.59087,0.55833,0.60038,0.05627,0.15306,0.25422,0.19649,0.32401,0.39368,0.45484,0.46026,0.4188,0.531,0.43048,0.49313,0.25036,0.35156,0.031237,0.11654,0.27038,0.25582,0.33587,0.37764,0.51524,0.048284
0.35847,0.21013,0.78035,0.73484,0.44703,0.50089,0.62103,0.54319,0.46703,0.50483,0.15996,-0.053414,0.40854,0.31912,0.59042,0.45915,0.17244,0.13467,0.54724,0.4513,0.42827,0.46965,0.91233,1,0.8634,0.80374,0.50664,0.68284,0.16543,0.10782,0.61437,0.59185,0.55281,0.48965,0.71949,0.57999,0.23717,0.35804,0.3387,0.46593,0.28944,0.34697,0.2663,0.28759,0.21803,0.23567,0.24802,0.31963,0.20198,0.14777,0.074321,-0.010501,-0.00097685,0.13479,0.10135,0.19299,0.40601,0.28888,0.24189,0.13153,0.22562,0.21295,0.37471,0.1967,0.6817,0.55853,0.57594,0.54391,0.30348,0.3489,0.44873,0.39275,0.342,0.2719,0.48933,0.47689,0.2438,0.23162,0.15967,0.11242,0.25384,0.37061,0.35133,0.30117,0.60408,0.59902,0.35658,0.47295,0.33039,0.35602,0.51549,0.62222,0.63529,0.64756,0.055256,0.16515,0.24125,0.18683,0.29674,0.37735,0.48726,0.46421,0.43551,0.50179,0.44736,0.56403,0.23422,0.37394,0.0058077,0.15252,0.27873,0.18547,0.31816,0.33711,0.49816,0.034699
0.38085,0.26917,0.79576,0.70028,0.58317,0.52169,0.64019,0.52113,0.5192,0.52629,0.17195,0.0092359,0.347,0.29428,0.51029,0.34469,0.16672,0.10256,0.5446,0.39952,0.49004,0.35741,0.89738,0.8634,1,0.85656,0.62918,0.73713,0.13131,0.073009,0.61056,0.49658,0.58089,0.5161,0.76313,0.62729,0.25344,0.33983,0.36178,0.36019,0.20559,0.21795,0.29368,0.31519,0.20651,0.22593,0.2775,0.34511,0.19902,0.16989,0.18006,0.090186,0.091913,0.27028,0.19194,0.28097,0.39775,0.30261,0.30645,0.18474,0.26089,0.19372,0.35157,0.14761,0.6829,0.52087,0.60714,0.5488,0.31094,0.35884,0.44002,0.38428,0.28738,0.24396,0.43554,0.39661,0.21112,0.19053,0.14357,0.082549,0.23205,0.31751,0.2948,0.2175,0.57346,0.5588,0.33951,0.43318,0.44588,0.43114,0.54719,0.63504,0.60849,0.64337,0.077452,0.14472,0.2316,0.21368,0.34073,0.39083,0.52643,0.49473,0.43308,0.56207,0.45023,0.52681,0.28452,0.34675,0.085634,0.15078,0.25693,0.20765,0.29205,0.27996,0.47139,0.094922
0.30514,0.25954,0.60174,0.65384,0.41123,0.4592,0.50248,0.49563,0.38734,0.49719,0.11457,0.084592,0.30986,0.33077,0.47213,0.37204,0.14444,0.14339,0.42837,0.356,0.66983,0.54904,0.79454,0.80374,0.85656,1,0.65062,0.83761,0.2134,0.16407,0.71365,0.62565,0.49879,0.50719,0.70172,0.58576,0.33594,0.42452,0.51837,0.48245,0.2664,0.31994,0.32105,0.35537,0.20562,0.21011,0.33576,0.37686,0.18673,0.14709,0.18255,0.09546,0.12515,0.28784,0.36114,0.42701,0.28974,0.22963,0.18818,0.07497,0.074984,0.069044,0.19811,0.15879,0.60221,0.51025,0.53354,0.52023,0.23445,0.31645,0.52925,0.40627,0.37733,0.30605,0.42932,0.38579,0.14808,0.1309,0.11172,0.083641,0.18801,0.29596,0.2882,0.26526,0.47471,0.51076,0.36803,0.44366,0.42026,0.36706,0.53774,0.61453,0.54239,0.5701,0.082836,0.11513,0.40012,0.29992,0.40698,0.46303,0.43106,0.43171,0.35491,0.48641,0.47547,0.48237,0.20397,0.32383,0.044596,0.12603,0.30572,0.26563,0.34231,0.27114,0.45277,0.074858
0.27869,0.24999,0.5519,0.48661,0.71186,0.68852,0.47484,0.44776,0.68783,0.68385,0.20367,0.14953,0.29695,0.32908,0.41841,0.23215,-0.016253,0.10277,0.26291,0.13961,0.38085,0.14565,0.58644,0.50664,0.62918,0.65062,1,0.83738,0.054473,0.058779,0.37354,0.18627,0.32274,0.27128,0.46047,0.36324,0.27674,0.38916,0.2082,0.19494,-0.020314,0.1191,0.15653,0.21126,0.073965,0.10214,0.20295,0.28053,0.13548,0.19484,0.26004,0.22295,0.15976,0.36735,0.29985,0.34986,0.22739,0.2198,0.27428,0.26135,0.25947,0.26218,0.12533,0.11878,0.49632,0.44034,0.38874,0.31909,0.20095,0.21555,0.33432,0.31585,0.19602,0.22893,0.32945,0.37769,0.21215,0.20884,0.022026,-0.010125,-0.021707,0.12054,0.081408,-0.054084,0.30137,0.33026,0.057919,0.088153,0.45082,0.51354,0.42636,0.44427,0.44679,0.4409,-0.066427,-0.078238,0.29144,0.16675,0.38463,0.42351,0.44345,0.41317,0.39708,0.47514,0.28873,0.20767,0.15538,0.26548,-0.043002,0.1142,0.37932,0.43641,0.46459,0.2535,0.36571,-0.0025791
0.25616,0.22328,0.55726,0.53711,0.47653,0.52623,0.37926,0.37759,0.51214,0.57982,0.14419,0.11115,0.35589,0.35569,0.47973,0.31929,-0.019661,0.076722,0.28929,0.17567,0.54239,0.40595,0.67833,0.68284,0.73713,0.83761,0.83738,1,0.073351,0.05508,0.50226,0.41194,0.27339,0.26594,0.56043,0.43236,0.2997,0.4614,0.42492,0.34654,0.14977,0.23937,0.12554,0.19531,0.012123,0.052383,0.16497,0.23216,0.036846,0.088192,0.15633,0.13844,0.12883,0.31121,0.31606,0.35499,0.23301,0.18438,0.19819,0.11657,0.16365,0.11977,0.078996,0.041444,0.52894,0.44821,0.37162,0.34362,0.13314,0.14709,0.39549,0.3246,0.2128,0.19039,0.3208,0.35441,0.10098,0.11527,0.012621,-0.028561,0.12012,0.25922,0.17947,0.11635,0.45538,0.49289,0.18934,0.30959,0.44164,0.45543,0.48384,0.57197,0.50753,0.55075,0.032408,0.089156,0.30246,0.22836,0.3672,0.39732,0.4115,0.38863,0.34059,0.44621,0.3981,0.40135,0.09419,0.23958,-0.0081227,0.071129,0.29503,0.30918,0.3539,0.16637,0.35749,0.011579
0.33573,0.38472,0.027172,-0.018159,0.021062,-0.051955,0.13184,0.18795,0.17666,-0.11669,0.56408,0.57026,0.38413,0.50538,0.45665,0.51542,0.79525,0.78249,0.5188,0.55627,0.32022,0.11397,0.26994,0.16543,0.13131,0.2134,0.054473,0.073351,1,0.94579,0.58778,0.48178,0.46463,0.57001,-0.014199,-0.095524,0.17523,0.26992,0.35004,0.28268,0.38718,0.35545,0.40346,0.40812,0.34253,0.35905,0.28956,0.30514,0.23695,0.13457,-0.061805,0.0036238,-0.056566,0.073681,0.19176,0.22483,0.32199,0.24271,-0.17058,-0.18246,-0.24789,-0.13983,0.52704,0.77512,-0.050473,-0.053761,0.14356,0.077547,0.48688,0.51182,0.36697,0.21414,0.55458,0.5353,0.469,0.29507,0.3174,0.29605,0.63906,0.70988,0.38929,0.48161,0.61097,0.55408,0.098955,0.20969,0.41169,0.23796,-0.01284,-0.073609,-0.14585,-0.12023,-0.20643,-0.1437,0.32082,0.20788,0.31815,0.32505,-0.013119,0.10415,-0.13829,-0.09893,0.025294,-0.0051571,0.070222,0.046239,-0.0043527,0.015872,0.25256,0.34609,0.13502,0.076981,0.057612,0.45051,0.42806,0.21447
0.3268,0.42374,-0.016815,-0.038555,0.044539,-0.0029973,0.1189,0.2092,0.19966,-0.098426,0.56553,0.6222,0.3795,0.51242,0.43038,0.53106,0.75822,0.81219,0.45164,0.5007,0.31783,0.058006,0.22345,0.10782,0.073009,0.16407,0.058779,0.05508,0.94579,1,0.5545,0.42597,0.42904,0.55037,-0.060138,-0.12593,0.18564,0.26877,0.29387,0.26216,0.38558,0.37407,0.41672,0.41101,0.32848,0.36102,0.33757,0.32702,0.30971,0.21172,0.026627,0.092152,0.053085,0.17476,0.25158,0.27871,0.29431,0.28471,-0.16385,-0.14245,-0.21718,-0.088096,0.5124,0.79811,-0.10725,-0.079921,0.079015,0.027375,0.42807,0.46771,0.42507,0.26847,0.55266,0.57628,0.45361,0.34714,0.34363,0.32503,0.61245,0.73407,0.34577,0.43464,0.5831,0.52674,0.0448,0.14654,0.39201,0.22483,0.0143,-0.02146,-0.13716,-0.11631,-0.21374,-0.15122,0.19196,0.081198,0.34105,0.25592,0.030822,0.12714,-0.14397,-0.091704,0.047572,-0.0054745,0.058862,-0.025158,-0.057517,-0.026698,0.13538,0.31978,0.14877,0.12005,0.073803,0.43796,0.39923,0.18826
0.32817,0.34531,0.39963,0.43685,0.31185,0.29899,0.43875,0.47649,0.34299,0.19531,0.41024,0.2936,0.41797,0.43195,0.55579,0.57942,0.41664,0.39418,0.56842,0.52294,0.58526,0.36454,0.71507,0.61437,0.61056,0.71365,0.37354,0.50226,0.58778,0.5545,1,0.89506,0.63166,0.73639,0.53867,0.46867,0.17054,0.26327,0.40487,0.35343,0.15686,0.22222,0.51479,0.50679,0.34571,0.33514,0.48051,0.45032,0.30069,0.26124,0.2076,0.17489,0.17745,0.29272,0.40245,0.44596,0.29086,0.28319,0.10751,0.031807,0.022736,0.038943,0.4037,0.51876,0.33773,0.34136,0.44118,0.39834,0.36469,0.40357,0.48677,0.34979,0.36772,0.36384,0.45425,0.38418,0.28269,0.28059,0.27669,0.34091,0.239,0.35322,0.52714,0.42472,0.30055,0.34767,0.43827,0.32492,0.27898,0.17465,0.29274,0.33211,0.21075,0.28965,0.23381,0.20346,0.41518,0.34602,0.27988,0.30202,0.17534,0.2751,0.24733,0.33375,0.32824,0.29192,0.13488,0.21679,0.19501,0.27256,0.20762,0.20217,0.2325,0.37652,0.4209,0.20943
0.19468,0.19482,0.33418,0.37252,0.14974,0.15014,0.35392,0.38764,0.22448,0.078552,0.27895,0.1427,0.33154,0.28225,0.4134,0.46956,0.33166,0.27497,0.44213,0.46207,0.509,0.45499,0.64898,0.59185,0.49658,0.62565,0.18627,0.41194,0.48178,0.42597,0.89506,1,0.50971,0.62544,0.5097,0.46797,0.10495,0.22233,0.46402,0.36463,0.13519,0.2134,0.47949,0.46855,0.33294,0.3095,0.46636,0.42373,0.23129,0.19614,0.11827,0.12038,0.14272,0.17499,0.36976,0.4211,0.19768,0.17561,0.045682,-0.044791,-0.050534,-0.016062,0.26531,0.37625,0.31094,0.33356,0.42183,0.38928,0.27028,0.36191,0.39485,0.28165,0.304,0.25846,0.34449,0.26774,0.19983,0.20182,0.19005,0.25818,0.19083,0.29542,0.37786,0.38482,0.26095,0.29464,0.30393,0.28549,0.21525,0.065508,0.2761,0.33575,0.17075,0.26511,0.3017,0.33719,0.36576,0.38075,0.25818,0.28208,0.10487,0.16094,0.16461,0.22291,0.31637,0.33645,0.070654,0.19061,0.22853,0.13958,0.15837,0.17262,0.14739,0.25787,0.34766,0.15871
0.65239,0.49232,0.60468,0.6271,0.56232,0.49052,0.7332,0.71741,0.44636,0.27202,0.34418,0.28682,0.23931,0.32473,0.35382,0.33575,0.53019,0.41965,0.78693,0.73583,0.34471,0.12676,0.68492,0.55281,0.58089,0.49879,0.32274,0.27339,0.46463,0.42904,0.63166,0.50971,1,0.92322,0.70014,0.69279,0.28761,0.29897,0.31109,0.33356,0.22296,0.24778,0.65227,0.60369,0.58157,0.55838,0.57484,0.62152,0.53511,0.47674,0.31041,0.19839,0.18541,0.30572,0.28032,0.3465,0.57731,0.48525,0.49165,0.43595,0.28864,0.40051,0.64466,0.63181,0.54624,0.50402,0.78938,0.73768,0.69156,0.72031,0.50354,0.41849,0.50143,0.48766,0.54126,0.47758,0.51155,0.48986,0.37983,0.35664,0.19717,0.28064,0.29357,0.25897,0.29863,0.35675,0.38376,0.26402,0.2872,0.39641,0.33817,0.33452,0.28301,0.2881,0.12435,0.10245,0.45223,0.36047,0.34301,0.45196,0.35904,0.38621,0.38014,0.48768,0.3274,0.27651,0.40011,0.3958,0.11784,0.27433,0.47567,0.37047,0.4345,0.6107,0.55936,0.081758
0.64471,0.49761,0.47013,0.51906,0.43726,0.39173,0.61346,0.66598,0.36459,0.16842,0.42716,0.41404,0.27961,0.33644,0.37465,0.38122,0.58977,0.51207,0.74496,0.7194,0.40156,0.1372,0.62436,0.48965,0.5161,0.50719,0.27128,0.26594,0.57001,0.55037,0.73639,0.62544,0.92322,1,0.6266,0.62088,0.27395,0.30111,0.34218,0.29337,0.21984,0.26669,0.70049,0.66125,0.57247,0.54725,0.6359,0.65249,0.52371,0.44966,0.29374,0.15965,0.23406,0.32426,0.37085,0.43979,0.54908,0.45991,0.368,0.3298,0.18371,0.30826,0.63373,0.71768,0.41268,0.39833,0.68992,0.65495,0.61929,0.66261,0.4984,0.38555,0.53888,0.52571,0.56222,0.45457,0.45228,0.42001,0.42029,0.39893,0.22804,0.3225,0.3772,0.29416,0.28719,0.3308,0.36182,0.29742,0.2938,0.34208,0.28772,0.27045,0.18204,0.20054,0.16734,0.10095,0.52813,0.43637,0.35331,0.44717,0.26689,0.31032,0.32712,0.43942,0.30197,0.20465,0.30755,0.28378,0.13387,0.33046,0.43983,0.34344,0.37079,0.59382,0.55777,0.16783
0.36942,0.14569,0.70406,0.72247,0.55773,0.52396,0.6666,0.5777,0.38838,0.38477,0.10205,0.045612,0.11353,0.14583,0.18756,0.11958,-0.011224,-0.031253,0.44669,0.2975,0.4096,0.28155,0.77356,0.71949,0.76313,0.70172,0.46047,0.56043,-0.014199,-0.060138,0.53867,0.5097,0.70014,0.6266,1,0.93622,0.18531,0.24657,0.29097,0.23233,0.039897,0.11621,0.35418,0.34903,0.30184,0.28664,0.37678,0.41872,0.25614,0.32402,0.3052,0.16018,0.23086,0.27836,0.20064,0.27603,0.28398,0.19816,0.50754,0.44664,0.44119,0.45225,0.21631,0.12268,0.72077,0.69945,0.76695,0.77413,0.23457,0.28606,0.42853,0.37044,0.23856,0.14211,0.40114,0.37784,0.20145,0.21033,-0.063728,-0.1076,-0.060617,0.035994,-0.0313,-0.051455,0.29861,0.32253,0.10294,0.17875,0.37076,0.46488,0.51925,0.54785,0.50558,0.48812,0.021632,0.071366,0.27621,0.22431,0.35038,0.44194,0.45847,0.46965,0.38694,0.53521,0.41821,0.42887,0.32415,0.31655,-0.016337,0.042648,0.31844,0.26649,0.41008,0.31276,0.42464,0.084591
0.37883,0.16637,0.62858,0.73485,0.52768,0.54269,0.65792,0.61144,0.32639,0.34681,0.054131,0.032599,0.026334,0.071131,0.065544,0.034162,-0.058131,-0.1064,0.40135,0.29467,0.37843,0.28996,0.64663,0.57999,0.62729,0.58576,0.36324,0.43236,-0.095524,-0.12593,0.46867,0.46797,0.69279,0.62088,0.93622,1,0.21758,0.2444,0.28274,0.2469,-0.022147,0.10511,0.39946,0.35876,0.34576,0.3035,0.42932,0.44731,0.35155,0.43247,0.42925,0.28423,0.3309,0.36148,0.27505,0.32953,0.26822,0.20864,0.60652,0.57291,0.49804,0.5523,0.15262,0.096316,0.63436,0.71137,0.75649,0.78168,0.22304,0.26875,0.41473,0.40162,0.21268,0.15222,0.32066,0.3766,0.24072,0.26488,-0.14305,-0.18309,-0.12221,-0.055193,-0.11861,-0.094746,0.2108,0.25322,0.097591,0.14871,0.40654,0.52002,0.54505,0.53814,0.49143,0.43178,0.028423,0.11212,0.30543,0.24217,0.41971,0.45388,0.48291,0.47523,0.40166,0.51566,0.36072,0.31496,0.3957,0.3901,-0.017109,0.009912,0.32938,0.31256,0.44109,0.28759,0.32838,0.0059993
0.35038,0.3576,0.31699,0.44816,0.17127,0.23869,0.26286,0.35643,0.13596,0.22423,-0.029239,0.1521,0.067392,0.10949,0.094112,-0.083833,0.29953,0.23967,0.23077,0.28422,0.3816,0.38924,0.24655,0.23717,0.25344,0.33594,0.27674,0.2997,0.17523,0.18564,0.17054,0.10495,0.28761,0.27395,0.18531,0.21758,1,0.84079,0.69063,0.56975,0.53846,0.54087,0.33982,0.33913,0.2936,0.3397,0.3893,0.41448,0.45113,0.36876,0.3262,0.36487,0.25268,0.38703,0.50935,0.50143,0.33189,0.26724,0.2921,0.17483,-0.0059124,0.048192,0.1638,0.22488,0.25488,0.20878,0.28186,0.29435,0.22734,0.2275,0.59694,0.62773,0.49711,0.55266,0.38801,0.46845,0.50635,0.49787,0.24102,0.22726,0.32492,0.26202,0.16925,0.20246,0.24299,0.4328,0.41759,0.45494,0.33872,0.41062,0.53807,0.5527,0.45459,0.47052,0.15311,0.17592,0.54346,0.47081,0.58499,0.56616,0.51483,0.47261,0.55707,0.549,0.52655,0.44634,0.50719,0.48166,0.12686,0.31519,0.47702,0.47049,0.48991,0.4404,0.45011,0.0095865
0.34672,0.33838,0.32646,0.45485,0.22445,0.30436,0.21448,0.3603,0.22069,0.23631,0.010509,0.16142,0.11969,0.24743,0.24948,0.084084,0.32699,0.31953,0.26228,0.33833,0.41813,0.42866,0.35159,0.35804,0.33983,0.42452,0.38916,0.4614,0.26992,0.26877,0.26327,0.22233,0.29897,0.30111,0.24657,0.2444,0.84079,1,0.6861,0.61982,0.56718,0.63025,0.39017,0.41011,0.35644,0.41229,0.41323,0.47548,0.40616,0.38517,0.22149,0.35603,0.19418,0.38971,0.44354,0.48746,0.40862,0.31149,0.21581,0.12135,-0.073747,0.0056196,0.17153,0.30615,0.2789,0.17754,0.39034,0.38175,0.30212,0.37369,0.60275,0.687,0.51747,0.56769,0.45496,0.565,0.43587,0.49033,0.21343,0.24608,0.27563,0.36389,0.19023,0.22096,0.27701,0.54845,0.3712,0.42604,0.25857,0.38059,0.5674,0.60993,0.50641,0.50546,0.19098,0.23004,0.58599,0.50898,0.63127,0.64017,0.50845,0.4414,0.58201,0.48393,0.45874,0.46324,0.46863,0.43673,0.11245,0.19571,0.5882,0.6045,0.55751,0.44904,0.47641,-0.040885
0.25689,0.32184,0.25659,0.39942,0.094199,0.049793,0.16691,0.246,0.044488,0.026842,-0.061358,0.14435,0.01711,0.094303,0.077763,-0.019598,0.33518,0.33069,0.21796,0.30886,0.59726,0.55925,0.36403,0.3387,0.36178,0.51837,0.2082,0.42492,0.35004,0.29387,0.40487,0.46402,0.31109,0.34218,0.29097,0.28274,0.69063,0.6861,1,0.60011,0.41595,0.47027,0.45478,0.47946,0.40294,0.42285,0.45189,0.49763,0.29783,0.22548,0.10467,0.18597,0.096938,0.16955,0.48795,0.5489,0.32487,0.25462,0.16837,0.028081,-0.24472,-0.17293,0.014526,0.23959,0.26957,0.20404,0.40097,0.38444,0.30831,0.36014,0.49716,0.49264,0.38387,0.37326,0.20799,0.1993,0.089242,0.12881,0.19308,0.2641,0.24502,0.28738,0.10353,0.20058,0.15911,0.3743,0.4197,0.39341,0.24861,0.17503,0.41766,0.51909,0.27756,0.40859,0.30085,0.35047,0.52311,0.5554,0.46492,0.53201,0.2825,0.25894,0.2729,0.30945,0.45442,0.45159,0.23665,0.29749,0.18065,0.058842,0.37421,0.3429,0.24875,0.30503,0.42562,0.027834
0.35491,0.41697,0.32723,0.52383,0.1015,0.22803,0.27818,0.38339,0.1944,0.31906,0.038036,-0.0059559,0.15979,0.22567,0.26589,0.31944,0.31071,0.20586,0.40269,0.51576,0.48308,0.76626,0.41682,0.46593,0.36019,0.48245,0.19494,0.34654,0.28268,0.26216,0.35343,0.36463,0.33356,0.29337,0.23233,0.2469,0.56975,0.61982,0.60011,1,0.60472,0.72909,0.34435,0.38039,0.3953,0.45946,0.32797,0.38805,0.43354,0.37133,0.14342,0.21874,0.039746,0.20048,0.29537,0.42464,0.43019,0.42822,0.1788,0.091014,-0.034675,0.019172,0.10451,0.25935,0.21598,0.22926,0.39561,0.42429,0.47748,0.50196,0.47912,0.49965,0.43693,0.45797,0.35769,0.41418,0.29235,0.28062,0.17635,0.20056,0.28693,0.31337,0.35811,0.58031,0.26923,0.4422,0.5558,0.55348,0.2268,0.2603,0.35937,0.48183,0.38069,0.38831,0.19892,0.35711,0.4113,0.36013,0.38763,0.40864,0.26756,0.303,0.32213,0.28735,0.35572,0.37711,0.37992,0.54899,-0.0086022,0.048134,0.3253,0.30954,0.29104,0.27008,0.339,-0.29806
0.22558,0.28868,0.20067,0.27697,-0.071605,-0.036636,0.11315,0.20946,0.062487,0.087562,0.011652,0.085589,0.16781,0.22953,0.27158,0.21392,0.38501,0.38949,0.32367,0.41847,0.42059,0.53416,0.19351,0.28944,0.20559,0.2664,-0.020314,0.14977,0.38718,0.38558,0.15686,0.13519,0.22296,0.21984,0.039897,-0.022147,0.53846,0.56718,0.41595,0.60472,1,0.80729,0.22997,0.22665,0.20703,0.28591,0.23788,0.25317,0.3201,0.20631,0.053113,0.10788,0.02713,0.16636,0.12367,0.13916,0.30535,0.25433,0.0091688,-0.10275,-0.1357,-0.10583,0.23319,0.31628,0.13436,-0.017564,0.13656,0.13716,0.27424,0.32048,0.60861,0.56048,0.71276,0.66108,0.51539,0.43775,0.32624,0.30034,0.33516,0.32804,0.35364,0.35013,0.43505,0.52076,0.28948,0.3929,0.51583,0.50922,0.025356,0.077864,0.30843,0.36444,0.28642,0.3302,-0.029451,-0.0004647,0.29623,0.15373,0.34659,0.34257,0.20044,0.25515,0.26302,0.21948,0.2604,0.35762,0.29938,0.24447,-0.1188,0.13326,0.30553,0.27919,0.17929,0.28029,0.31287,-0.10906
0.31979,0.36498,0.22682,0.41001,0.0050731,0.1024,0.20306,0.34102,0.1466,0.20183,0.09311,0.15307,0.23152,0.32976,0.28791,0.278,0.28737,0.36722,0.3098,0.43613,0.44365,0.6359,0.26497,0.34697,0.21795,0.31994,0.1191,0.23937,0.35545,0.37407,0.22222,0.2134,0.24778,0.26669,0.11621,0.10511,0.54087,0.63025,0.47027,0.72909,0.80729,1,0.2831,0.28589,0.28724,0.35007,0.31235,0.32774,0.3992,0.34195,0.15399,0.20294,0.1605,0.24556,0.24446,0.21474,0.41899,0.4155,0.084738,0.0086531,-0.047263,0.035993,0.13924,0.36761,0.16405,0.084107,0.24249,0.23702,0.32349,0.36886,0.68569,0.69248,0.69607,0.72941,0.58245,0.61206,0.33527,0.32957,0.14411,0.19381,0.17998,0.22852,0.31652,0.43407,0.2249,0.40159,0.40195,0.39411,0.12977,0.17444,0.378,0.41524,0.35829,0.36901,0.024599,0.098777,0.40533,0.20591,0.47924,0.42658,0.27786,0.33492,0.41446,0.33039,0.35568,0.35338,0.3947,0.39824,-0.1649,0.065801,0.34875,0.37985,0.33083,0.30858,0.38272,-0.1738
