1,0.90912,0.088319,0.39702,0.093659,-0.11492,0.52804,0.70258,-0.069189,0.12535,0.84043,0.71369,0.77433,0.70266,0.57369,0.4292,0.77177,0.68649,0.86796,0.86446,0.3717,0.43064,0.030062,-0.19733,-0.12248,-0.27558,0.36642,0.38235,0.68593,0.57497,0.59721,0.44154,0.87841,0.86446,0.81825,0.67914,0.59654,0.59251,0.38497,0.41601,0.51151,0.39786,0.5568,0.41341,0.68572,0.56196,0.2429,0.58989,0.64986,0.20633,0.72135,0.19861,0.068794,0.0011846,0.59152,0.6059,0.9403,0.89146,0.73586,0.66134,0.83872,0.75866,0.84258,0.79695,0.71529,0.61694,0.80626,0.79931,0.83517,0.81353,0.62242,0.2772,0.69701,0.61047,0.60034,0.54392,0.65661,0.62296,0.69456,0.62109,0.69988,0.74714,0.53441,0.50015,0.58989,0.61772,0.38091,0.41415,0.66569,0.54234,0.27452,0.54043,-0.070853,0.29635,0.44087,0.4707,0.62796,0.58478,0.58694,0.65844,0.67851,0.46969,0.67135,0.52794,0.39879,0.42023,0.29687,0.38811,0.32661,0.55856,0.68643,0.56051,-0.079753,0.36923,0.62852,0.47832
0.90912,1,0.16393,0.51088,0.12631,-0.028272,0.54676,0.78068,-0.020661,0.22345,0.76682,0.79009,0.68224,0.74821,0.55155,0.51386,0.73442,0.7913,0.87396,0.8498,0.38829,0.39482,0.106,-0.13481,-0.035857,-0.20528,0.47292,0.49604,0.6395,0.63339,0.62671,0.47748,0.87032,0.8541,0.74725,0.60125,0.5234,0.53573,0.37197,0.43404,0.46868,0.41885,0.55456,0.43706,0.61354,0.51995,0.28542,0.55075,0.62253,0.25352,0.64368,0.20246,0.076717,-0.0219,0.52538,0.55545,0.85322,0.91289,0.62476,0.59288,0.7576,0.73167,0.82868,0.86583,0.70884,0.58695,0.73144,0.72012,0.79538,0.7596,0.62131,0.2451,0.62842,0.63727,0.53941,0.51584,0.64232,0.6342,0.68503,0.67619,0.66152,0.75046,0.52445,0.54674,0.52745,0.60958,0.37057,0.51102,0.61346,0.51326,0.24996,0.43959,-0.048387,0.25028,0.38885,0.38837,0.53895,0.45706,0.49104,0.53506,0.69231,0.39063,0.68359,0.46776,0.42605,0.41815,0.32586,0.35709,0.35102,0.48434,0.59844,0.51597,-0.056016,0.34706,0.54897,0.41211
0.088319,0.16393,1,0.85814,0.82799,0.9298,0.8205,0.61575,0.8885,0.9081,0.13764,0.3155,0.18438,0.21463,0.47249,0.58483,0.13623,0.28326,0.19472,0.2551,0.32174,0.081744,0.96833,0.91531,0.91018,0.76829,0.70808,0.63395,-0.071075,0.04364,0.3857,0.59428,0.28232,0.29081,0.24103,0.38098,-0.078256,0.012637,0.33144,0.29247,0.01465,-0.12068,0.55015,0.76073,-0.23485,0.065701,0.73142,0.42253,0.48015,0.86509,-0.24914,0.85296,0.80207,0.76014,0.093166,0.20699,0.02447,0.05905,0.20034,0.32096,0.10223,0.069611,0.1887,0.069712,0.35867,0.4409,0.1633,0.12334,0.080931,0.12149,0.28765,0.53903,-0.055746,0.071949,-0.17262,0.10726,0.28193,0.29067,0.21359,0.22904,0.15875,0.13614,0.34069,0.38734,0.18438,0.20449,0.32127,0.33955,0.028047,0.29346,0.62677,0.21758,0.80118,0.5595,-0.14713,-0.42616,-0.43717,-0.44178,-0.36912,-0.24067,0.35939,0.27115,0.2267,0.029702,0.2578,0.26527,-0.14364,-0.38933,-0.13408,-0.47077,-0.34799,-0.41168,0.16961,0.12512,-0.42405,-0.12169
0.39702,0.51088,0.85814,1,0.72823,0.75905,0.86774,0.85235,0.69703,0.86554,0.3596,0.61574,0.40686,0.54074,0.5558,0.70061,0.32021,0.50342,0.47254,0.51189,0.42311,0.21261,0.83129,0.70132,0.73714,0.55721,0.7786,0.73983,0.18291,0.32182,0.64988,0.73987,0.52285,0.54551,0.41699,0.45079,0.10308,0.16261,0.35774,0.36874,0.14812,0.039804,0.59968,0.71935,0.05562,0.20536,0.65974,0.51507,0.66374,0.73648,0.1185,0.72342,0.70107,0.59435,0.25601,0.34334,0.28642,0.35376,0.33498,0.42686,0.31328,0.31939,0.46312,0.39716,0.53172,0.56264,0.35198,0.32888,0.33441,0.32561,0.48084,0.49873,0.18366,0.30286,0.053579,0.29486,0.40152,0.42613,0.36544,0.39238,0.31823,0.3568,0.41193,0.49185,0.31746,0.39443,0.30744,0.45036,0.24877,0.37954,0.53646,0.27679,0.5946,0.50852,0.020421,-0.24402,-0.14768,-0.24083,-0.1367,-0.040399,0.55827,0.35914,0.4404,0.19225,0.38483,0.37037,-0.023903,-0.1854,0.062794,-0.17567,-0.078875,-0.14681,0.050858,0.15697,-0.14714,0.050136
0.093659,0.12631,0.82799,0.72823,1,0.86628,0.73891,0.51995,0.84698,0.84683,0.16503,0.27883,0.23158,0.22553,0.50703,0.52541,0.13433,0.24212,0.091741,0.18273,0.29634,0.015544,0.80157,0.79295,0.76397,0.69127,0.73136,0.5891,-0.02974,-0.0084494,0.1984,0.4079,0.19287,0.20743,0.24083,0.3655,0.017035,0.096724,0.35805,0.36652,0.09162,-0.13569,0.55855,0.67263,-0.073182,0.16552,0.60046,0.39333,0.50873,0.74862,-0.091675,0.7649,0.76943,0.74947,0.14935,0.27297,0.030895,0.057678,0.20334,0.35141,0.10237,0.097674,0.15947,0.041864,0.29501,0.43862,0.1837,0.19386,0.057441,0.12138,0.26315,0.5094,-0.035172,0.019601,-0.13565,0.12253,0.2718,0.26411,0.20194,0.16412,0.14216,0.11192,0.32315,0.38269,0.16998,0.19884,0.25509,0.35387,0.096468,0.3426,0.55878,0.16593,0.67243,0.37194,-0.091754,-0.30974,-0.29896,-0.38333,-0.26877,-0.19561,0.21349,0.13115,0.085182,-0.10228,0.088789,0.122,-0.28569,-0.504,-0.10216,-0.35008,-0.32926,-0.39666,0.24673,-0.058546,-0.43861,-0.16397
-0.11492,-0.028272,0.9298,0.75905,0.86628,1,0.68098,0.46186,0.93069,0.909,-0.037475,0.18211,0.02441,0.094228,0.35866,0.50909,-0.032464,0.13472,-0.03013,0.045558,0.21979,-0.08786,0.91377,0.93594,0.91121,0.85214,0.64179,0.58563,-0.1896,-0.073229,0.18879,0.42938,0.070363,0.082791,0.039441,0.20853,-0.19168,-0.08915,0.24492,0.22135,-0.05711,-0.21143,0.42786,0.63698,-0.3317,-0.027538,0.62434,0.27086,0.37755,0.7939,-0.34245,0.79084,0.79327,0.76364,-0.015974,0.089658,-0.17938,-0.13219,0.034436,0.18486,-0.08279,-0.085582,0.01818,-0.085994,0.16612,0.30378,-0.034084,-0.053378,-0.11966,-0.071209,0.16665,0.49037,-0.20139,-0.079935,-0.28548,0.0081702,0.15391,0.17706,0.067628,0.10398,0.00081933,-0.032439,0.23262,0.27296,0.024275,0.05294,0.21257,0.24543,-0.075714,0.19293,0.5602,0.056987,0.79856,0.41575,-0.24544,-0.50541,-0.53463,-0.57478,-0.46302,-0.39173,0.16307,0.10381,0.033701,-0.14825,0.10081,0.12583,-0.24753,-0.52668,-0.19255,-0.5615,-0.52862,-0.56476,0.2509,-0.04212,-0.59685,-0.27451
0.52804,0.54676,0.8205,0.86774,0.73891,0.68098,1,0.87589,0.68287,0.81103,0.51912,0.612,0.55088,0.55253,0.65803,0.66713,0.44504,0.51211,0.536,0.58404,0.37263,0.25571,0.75612,0.62319,0.63273,0.4755,0.71231,0.67456,0.27777,0.29297,0.57344,0.66071,0.61652,0.62264,0.57655,0.59153,0.21408,0.27807,0.41004,0.41727,0.22069,0.05082,0.77117,0.79975,0.21523,0.42902,0.63067,0.58143,0.71497,0.80076,0.19106,0.78842,0.65031,0.61741,0.3827,0.47309,0.43954,0.45359,0.52774,0.60716,0.51438,0.45661,0.52998,0.45142,0.61801,0.68585,0.5179,0.50985,0.44427,0.46135,0.53792,0.57014,0.27695,0.32556,0.13205,0.34953,0.50541,0.49852,0.47707,0.42073,0.42804,0.4328,0.50052,0.52026,0.37016,0.4422,0.37591,0.40078,0.36101,0.48237,0.63957,0.43254,0.58609,0.55423,0.064476,-0.10345,-0.0053103,-0.032359,0.028997,0.16711,0.5934,0.44025,0.48226,0.27134,0.34153,0.39516,-0.054023,-0.1543,-0.014188,-0.10468,0.043888,-0.065,0.074389,0.22045,-0.04295,0.11181
0.70258,0.78068,0.61575,0.85235,0.51995,0.46186,0.87589,1,0.46163,0.69023,0.63791,0.7715,0.64647,0.75393,0.63289,0.69876,0.57198,0.68945,0.67801,0.69971,0.45817,0.36055,0.5608,0.3571,0.43765,0.22995,0.69379,0.71405,0.45988,0.51155,0.69741,0.66529,0.76546,0.76135,0.69281,0.63583,0.38741,0.43334,0.43522,0.46156,0.33935,0.2196,0.70448,0.68072,0.39233,0.45359,0.54323,0.62555,0.76461,0.60536,0.45908,0.61604,0.5011,0.41946,0.51714,0.55774,0.63201,0.69626,0.62597,0.67032,0.68283,0.67623,0.71341,0.71486,0.75826,0.76658,0.65399,0.64047,0.59915,0.59901,0.65935,0.47477,0.4676,0.53008,0.35648,0.49483,0.61144,0.608,0.56573,0.54848,0.54207,0.60735,0.5158,0.54525,0.50162,0.59413,0.4041,0.49572,0.56626,0.57707,0.56454,0.52595,0.3963,0.54406,0.25893,0.090521,0.24154,0.16559,0.24089,0.34277,0.7414,0.53496,0.66318,0.46337,0.47567,0.51931,0.17202,0.1185,0.20144,0.172,0.3216,0.22178,0.050481,0.37679,0.26236,0.2997
-0.069189,-0.020661,0.8885,0.69703,0.84698,0.93069,0.68287,0.46163,1,0.86746,0.035145,0.18513,0.10915,0.13676,0.44501,0.53535,0.067242,0.17254,-0.020661,0.071148,0.23594,-0.11032,0.89592,0.90807,0.9026,0.85892,0.61796,0.57357,-0.10581,-0.024974,0.15828,0.3626,0.11958,0.12786,0.12346,0.286,-0.11611,0.0058244,0.31881,0.30762,0.044915,-0.14911,0.51227,0.65443,-0.20176,0.10101,0.6067,0.3451,0.41353,0.78259,-0.22308,0.78981,0.79777,0.80673,0.15426,0.21972,-0.084752,-0.073764,0.1095,0.23403,-0.0058326,-0.029994,0.079486,-0.046424,0.24129,0.371,0.059574,0.059852,-0.071914,0.0095879,0.24625,0.58609,-0.13403,-0.020899,-0.25515,0.062858,0.19242,0.20745,0.15997,0.1637,0.11841,0.056241,0.32873,0.3608,0.14704,0.15496,0.28577,0.25851,0.043226,0.28661,0.66378,0.21187,0.85066,0.51574,-0.19714,-0.34381,-0.38893,-0.39124,-0.2828,-0.19856,0.20161,0.2506,0.095722,0.0051112,0.16345,0.21187,-0.13895,-0.41908,-0.26558,-0.49092,-0.44445,-0.53208,0.31566,0.069376,-0.46447,-0.24812
0.12535,0.22345,0.9081,0.86554,0.84683,0.909,0.81103,0.69023,0.86746,1,0.12945,0.35913,0.21163,0.32104,0.45483,0.61095,0.11628,0.30418,0.16728,0.22904,0.2843,0.080813,0.87033,0.82928,0.84329,0.72714,0.71992,0.69028,-0.031155,0.094217,0.40427,0.56861,0.28156,0.27962,0.2696,0.35277,-0.026581,0.075811,0.30947,0.30715,0.050984,-0.10445,0.54685,0.70153,-0.12015,0.13329,0.64915,0.40111,0.53719,0.79953,-0.10379,0.79679,0.77604,0.72781,0.18234,0.26801,0.069665,0.13193,0.22636,0.3599,0.17125,0.18833,0.22843,0.16331,0.40026,0.51491,0.17912,0.16218,0.076398,0.11123,0.32687,0.52279,-0.020393,0.10958,-0.12133,0.16329,0.27856,0.28822,0.19905,0.20635,0.13452,0.14066,0.29722,0.36908,0.1597,0.22222,0.26325,0.35213,0.15262,0.34982,0.62408,0.21787,0.73857,0.50652,-0.1003,-0.38309,-0.33069,-0.40118,-0.26879,-0.18111,0.3655,0.28081,0.25147,0.055177,0.2135,0.25789,-0.16891,-0.3688,-0.080035,-0.38804,-0.30642,-0.34432,0.19443,0.092717,-0.36725,-0.10322
0.84043,0.76682,0.13764,0.3596,0.16503,-0.037475,0.51912,0.63791,0.035145,0.12945,1,0.79151,0.86486,0.73713,0.72875,0.59287,0.89422,0.7802,0.78186,0.83102,0.4893,0.45058,0.1271,-0.10871,0.0029111,-0.1816,0.43301,0.38851,0.82005,0.6765,0.55831,0.45605,0.82041,0.84157,0.74278,0.71654,0.5923,0.60942,0.51705,0.50714,0.64232,0.41592,0.59112,0.51507,0.55228,0.49117,0.37924,0.67023,0.52389,0.20855,0.56094,0.20004,0.11814,0.059456,0.56508,0.61885,0.78764,0.73067,0.629,0.57621,0.67565,0.60745,0.8078,0.71913,0.60567,0.52848,0.75088,0.76162,0.7497,0.77399,0.68877,0.37188,0.7807,0.67832,0.6385,0.56833,0.71483,0.70371,0.80515,0.75751,0.84938,0.85732,0.70399,0.65551,0.74266,0.74465,0.42537,0.46602,0.55283,0.51053,0.23449,0.48635,-0.058766,0.24049,0.40728,0.49909,0.52814,0.51863,0.4713,0.57583,0.53324,0.35318,0.50883,0.40109,0.39229,0.35884,0.26013,0.29008,0.35377,0.50522,0.62221,0.47274,-0.023894,0.3759,0.51856,0.42269
0.71369,0.79009,0.3155,0.61574,0.27883,0.18211,0.612,0.7715,0.18513,0.35913,0.79151,1,0.75957,0.88469,0.68909,0.73278,0.70353,0.78837,0.72546,0.73732,0.43371,0.36273,0.3174,0.088403,0.20191,0.021096,0.58831,0.61431,0.66281,0.70128,0.65273,0.58922,0.72058,0.7535,0.57339,0.51752,0.42337,0.44673,0.43396,0.42441,0.45738,0.3172,0.5356,0.48536,0.40916,0.37465,0.38498,0.52561,0.52766,0.28578,0.4697,0.25321,0.25016,0.13347,0.44098,0.47771,0.59981,0.63648,0.46053,0.45752,0.51679,0.51109,0.78621,0.76994,0.54848,0.44415,0.55575,0.56083,0.60852,0.59241,0.66606,0.39354,0.56341,0.59836,0.41712,0.45019,0.58768,0.63793,0.66667,0.68123,0.67317,0.75295,0.61785,0.66142,0.60837,0.69076,0.3812,0.56282,0.49004,0.46551,0.26008,0.35302,0.083678,0.25541,0.27641,0.26139,0.31026,0.26157,0.28034,0.34148,0.55784,0.34243,0.51491,0.35892,0.43916,0.38832,0.21299,0.20942,0.27299,0.30391,0.37949,0.29497,-0.062515,0.30282,0.35719,0.34337
0.77433,0.68224,0.18438,0.40686,0.23158,0.02441,0.55088,0.64647,0.10915,0.21163,0.86486,0.75957,1,0.8204,0.77386,0.59942,0.75354,0.68323,0.68738,0.7137,0.40168,0.40286,0.20443,-0.02973,0.079842,-0.085828,0.48923,0.46199,0.72317,0.65121,0.57076,0.45796,0.70651,0.7242,0.70287,0.62934,0.58156,0.59618,0.46169,0.44713,0.57627,0.3377,0.55514,0.44388,0.54189,0.47898,0.29271,0.57342,0.51274,0.19616,0.58529,0.22851,0.23006,0.201,0.58527,0.60401,0.708,0.65775,0.59346,0.57479,0.64815,0.61805,0.70688,0.63522,0.67006,0.57485,0.67709,0.69943,0.63667,0.67385,0.699,0.44612,0.6808,0.61454,0.56377,0.55968,0.60516,0.60038,0.69092,0.63944,0.7777,0.78036,0.63784,0.65686,0.78007,0.72561,0.39987,0.49628,0.60258,0.56067,0.29576,0.54382,0.035265,0.34482,0.39698,0.44955,0.49731,0.49662,0.46526,0.57846,0.5409,0.47172,0.51735,0.48005,0.40402,0.40838,0.21236,0.26363,0.24002,0.45252,0.53928,0.39943,-0.02688,0.34867,0.489,0.43322
0.70266,0.74821,0.21463,0.54074,0.22553,0.094228,0.55253,0.75393,0.13676,0.32104,0.73713,0.88469,0.8204,1,0.6732,0.67063,0.66861,0.74496,0.67783,0.6721,0.37482,0.33815,0.24405,0.0086691,0.15086,0.0043225,0.54491,0.6338,0.6822,0.72977,0.64789,0.51495,0.66298,0.69052,0.5857,0.47603,0.52296,0.55988,0.44822,0.47705,0.48011,0.42012,0.5448,0.3897,0.5301,0.48492,0.23667,0.47109,0.5259,0.21569,0.59765,0.19731,0.25152,0.18511,0.59457,0.56705,0.61033,0.66768,0.50693,0.51427,0.57768,0.59582,0.7063,0.74705,0.62749,0.5206,0.58306,0.60722,0.5965,0.59387,0.71305,0.44775,0.63745,0.67528,0.50959,0.59028,0.56866,0.61646,0.64675,0.62699,0.66441,0.75189,0.54935,0.63343,0.65538,0.72506,0.34631,0.53367,0.65319,0.55714,0.31105,0.46042,0.078024,0.31279,0.30069,0.37938,0.46566,0.41717,0.4515,0.51642,0.55777,0.4613,0.54158,0.51168,0.42453,0.44893,0.26933,0.33074,0.19572,0.40061,0.43838,0.34489,-0.016697,0.34478,0.48706,0.35297
0.57369,0.55155,0.47249,0.5558,0.50703,0.35866,0.65803,0.63289,0.44501,0.45483,0.72875,0.68909,0.77386,0.6732,1,0.85352,0.67187,0.64514,0.58884,0.62898,0.61091,0.38199,0.50082,0.30782,0.41107,0.2359,0.70967,0.64581,0.63679,0.60509,0.51235,0.50482,0.65561,0.65828,0.58161,0.63295,0.49189,0.56156,0.73607,0.68125,0.63819,0.44627,0.62151,0.64452,0.27395,0.38077,0.55517,0.63336,0.45189,0.46033,0.25288,0.45631,0.39952,0.37023,0.53447,0.58529,0.50773,0.47307,0.45846,0.48008,0.46701,0.41744,0.56244,0.49942,0.55929,0.51292,0.56056,0.56974,0.51351,0.57612,0.62923,0.54435,0.55156,0.54845,0.39369,0.46003,0.57759,0.58844,0.63873,0.61434,0.67801,0.65539,0.85364,0.83588,0.66796,0.65979,0.54064,0.58256,0.47323,0.53061,0.43903,0.45888,0.28098,0.39446,0.29741,0.32595,0.20844,0.23519,0.20518,0.35298,0.46264,0.3371,0.40002,0.29932,0.44958,0.41127,0.12516,0.0081047,0.21946,0.19463,0.29003,0.17475,0.14062,0.38705,0.22077,0.3555
0.4292,0.51386,0.58483,0.70061,0.52541,0.50909,0.66713,0.69876,0.53535,0.61095,0.59287,0.73278,0.59942,0.67063,0.85352,1,0.58231,0.67787,0.53449,0.57879,0.63428,0.35887,0.6199,0.45438,0.56376,0.38806,0.75704,0.76226,0.56224,0.67131,0.60254,0.64041,0.59766,0.61099,0.46352,0.55667,0.39689,0.5058,0.6959,0.65525,0.56228,0.41226,0.58299,0.67308,0.10879,0.25699,0.64321,0.6176,0.39613,0.51653,0.12061,0.49116,0.49312,0.39189,0.47517,0.52325,0.35538,0.37807,0.3103,0.34751,0.3286,0.3442,0.52588,0.5128,0.48165,0.46613,0.42612,0.43338,0.41826,0.44531,0.65905,0.61378,0.49254,0.59276,0.37134,0.49542,0.572,0.63496,0.56663,0.63239,0.58464,0.61843,0.78137,0.83573,0.56957,0.65851,0.52483,0.61333,0.39267,0.51293,0.4792,0.37685,0.39431,0.41092,0.2624,0.17908,0.080116,0.07096,0.089675,0.19727,0.47887,0.32671,0.42668,0.28737,0.51104,0.45793,0.20006,0.025124,0.23183,0.056255,0.16218,0.057839,0.14784,0.39478,0.10488,0.26428
0.77177,0.73442,0.13623,0.32021,0.13433,-0.032464,0.44504,0.57198,0.067242,0.11628,0.89422,0.70353,0.75354,0.66861,0.67187,0.58231,1,0.85962,0.75202,0.81572,0.47222,0.36462,0.14111,-0.073286,0.050914,-0.097704,0.40126,0.38343,0.86996,0.74639,0.54694,0.44207,0.82086,0.8384,0.72308,0.7191,0.53763,0.57705,0.49921,0.51704,0.67698,0.4198,0.63084,0.539,0.55496,0.52204,0.41075,0.69614,0.47471,0.22792,0.50005,0.15719,0.13043,0.05686,0.60885,0.63482,0.7828,0.71412,0.5133,0.45752,0.58207,0.51079,0.77531,0.67224,0.546,0.45423,0.71504,0.72857,0.74618,0.76177,0.69841,0.42405,0.78582,0.72621,0.64957,0.61326,0.70328,0.72458,0.93104,0.8902,0.92971,0.89997,0.7642,0.7299,0.6992,0.70492,0.46086,0.50333,0.50572,0.48287,0.25399,0.44877,-0.0079436,0.22976,0.36667,0.52549,0.56386,0.54192,0.50377,0.58587,0.51041,0.36434,0.52388,0.42224,0.46288,0.41204,0.35924,0.33467,0.28731,0.45972,0.58565,0.39289,0.023289,0.39597,0.50179,0.33346
0.68649,0.7913,0.28326,0.50342,0.24212,0.13472,0.51211,0.68945,0.17254,0.30418,0.7802,0.78837,0.68323,0.74496,0.64514,0.67787,0.85962,1,0.71827,0.76,0.48097,0.35064,0.28992,0.069932,0.20057,0.02537,0.56769,0.5631,0.73803,0.77061,0.61449,0.55192,0.79161,0.80923,0.62368,0.6161,0.44322,0.51717,0.48026,0.49417,0.55383,0.41207,0.5743,0.54543,0.39244,0.38256,0.45895,0.62227,0.43537,0.27959,0.39886,0.22395,0.22989,0.1083,0.50907,0.55052,0.66014,0.69521,0.36953,0.37605,0.49184,0.4836,0.78065,0.76283,0.57959,0.46381,0.58286,0.5903,0.63306,0.62846,0.69133,0.45185,0.69308,0.74718,0.56287,0.60328,0.67916,0.72496,0.83219,0.90592,0.82825,0.88098,0.68615,0.74222,0.65873,0.7076,0.47705,0.66686,0.4819,0.5039,0.2807,0.35062,0.097964,0.25534,0.30215,0.34121,0.37723,0.3274,0.33184,0.39035,0.57674,0.34286,0.58536,0.40872,0.50947,0.44857,0.37306,0.29238,0.28769,0.29929,0.44177,0.30395,0.0016186,0.36897,0.36876,0.25289
0.86796,0.87396,0.19472,0.47254,0.091741,-0.03013,0.536,0.67801,-0.020661,0.16728,0.78186,0.72546,0.68738,0.67783,0.58884,0.53449,0.75202,0.71827,1,0.94244,0.42046,0.42208,0.15408,-0.081078,-0.010344,-0.15002,0.41491,0.45163,0.65785,0.64948,0.67381,0.54024,0.88097,0.88369,0.73602,0.64884,0.50952,0.51249,0.43908,0.43336,0.50473,0.43508,0.56481,0.45349,0.55807,0.51997,0.30189,0.54985,0.53596,0.26208,0.52671,0.1691,0.050485,-0.014767,0.49934,0.52489,0.7882,0.79319,0.62057,0.55604,0.69116,0.64056,0.76789,0.74605,0.64498,0.51873,0.73881,0.72217,0.84088,0.79384,0.62157,0.31506,0.67167,0.65711,0.56026,0.51738,0.63502,0.63616,0.68952,0.66994,0.6785,0.7456,0.5588,0.58238,0.53781,0.59669,0.40078,0.42508,0.54704,0.46184,0.24734,0.43009,-0.025264,0.24313,0.34905,0.39273,0.51937,0.48709,0.47292,0.54149,0.61565,0.35332,0.59564,0.4177,0.37809,0.36064,0.26044,0.32915,0.28076,0.44377,0.56756,0.45586,-0.072455,0.32011,0.50555,0.36502
0.86446,0.8498,0.2551,0.51189,0.18273,0.045558,0.58404,0.69971,0.071148,0.22904,0.83102,0.73732,0.7137,0.6721,0.62898,0.57879,0.81572,0.76,0.94244,1,0.44908,0.41815,0.21581,-0.0023039,0.077453,-0.095361,0.44572,0.42219,0.70146,0.65831,0.67871,0.5867,0.90576,0.92505,0.76392,0.73198,0.47455,0.49402,0.45684,0.46211,0.53098,0.37304,0.64456,0.58727,0.54509,0.52179,0.43568,0.68366,0.599,0.33705,0.51156,0.23417,0.14531,0.078237,0.53108,0.58889,0.79317,0.79047,0.63295,0.57179,0.67364,0.61592,0.77544,0.70452,0.61563,0.54055,0.78057,0.76109,0.88606,0.85881,0.62026,0.35604,0.6973,0.66833,0.55589,0.54727,0.65214,0.66085,0.75503,0.73815,0.75277,0.78746,0.61301,0.63586,0.55892,0.62056,0.41504,0.43864,0.49604,0.446,0.26481,0.4333,0.025728,0.26692,0.33121,0.35869,0.47202,0.44738,0.41461,0.51651,0.6053,0.37248,0.582,0.39106,0.39707,0.34448,0.23792,0.25121,0.27585,0.40004,0.56229,0.41488,-0.10351,0.32355,0.44814,0.31703
0.3717,0.38829,0.32174,0.42311,0.29634,0.21979,0.37263,0.45817,0.23594,0.2843,0.4893,0.43371,0.40168,0.37482,0.61091,0.63428,0.47222,0.48097,0.42046,0.44908,1,0.63631,0.3242,0.16383,0.28811,0.021145,0.58049,0.4223,0.50839,0.51114,0.51877,0.48989,0.52671,0.51766,0.38888,0.51665,0.47495,0.50364,0.66215,0.63729,0.57125,0.48764,0.28836,0.43418,0.058102,0.049881,0.56544,0.5873,0.2813,0.26729,0.12694,0.32938,0.32735,0.21899,0.39409,0.46411,0.35463,0.32649,0.29039,0.26262,0.3224,0.31504,0.40678,0.40012,0.34709,0.36644,0.41979,0.38463,0.37214,0.40292,0.46472,0.24645,0.48977,0.51249,0.40163,0.43189,0.4866,0.46571,0.36109,0.43116,0.43465,0.46638,0.64332,0.6047,0.46772,0.49324,0.4469,0.44735,0.37628,0.41501,0.2777,0.35546,0.086324,0.30173,0.39952,0.27981,0.12725,0.15157,0.083116,0.20742,0.39197,0.17627,0.36225,0.20014,0.42198,0.33698,0.24008,0.097311,0.49777,0.26746,0.41534,0.34984,0.030421,0.44791,0.2293,0.41031
0.43064,0.39482,0.081744,0.21261,0.015544,-0.08786,0.25571,0.36055,-0.11032,0.080813,0.45058,0.36273,0.40286,0.33815,0.38199,0.35887,0.36462,0.35064,0.42208,0.41815,0.63631,1,0.047083,-0.12846,-0.0010649,-0.33127,0.30935,0.18052,0.40734,0.41658,0.53024,0.56256,0.46587,0.45647,0.39564,0.39781,0.42277,0.38516,0.37428,0.27567,0.39071,0.32623,0.088357,0.23506,0.075116,-0.027737,0.36727,0.426,0.16706,0.069732,0.17117,0.1498,0.0347,-0.068831,0.2128,0.28597,0.4211,0.36223,0.30625,0.28628,0.40574,0.4198,0.41818,0.44714,0.33748,0.31923,0.39075,0.33941,0.36641,0.35913,0.25785,0.056251,0.4357,0.41661,0.40816,0.28796,0.33955,0.30001,0.22841,0.22112,0.33232,0.36736,0.37056,0.34098,0.4111,0.38997,0.28631,0.34132,0.28739,0.26252,0.01275,0.25918,-0.21942,0.18045,0.40918,0.205,0.11788,0.21333,0.043047,0.22845,0.39166,0.15089,0.36927,0.21417,0.40194,0.25943,0.16378,0.20728,0.47683,0.2822,0.5532,0.52693,-0.42381,0.41594,0.38553,0.56559
0.030062,0.106,0.96833,0.83129,0.80157,0.91377,0.75612,0.5608,0.89592,0.87033,0.1271,0.3174,0.20443,0.24405,0.50082,0.6199,0.14111,0.28992,0.15408,0.21581,0.3242,0.047083,1,0.93343,0.94162,0.81481,0.72,0.65269,-0.046955,0.084184,0.39985,0.5886,0.23783,0.26534,0.19847,0.35559,-0.085136,0.015669,0.34612,0.31218,0.055095,-0.091687,0.54333,0.73737,-0.23569,0.070864,0.69694,0.3998,0.4278,0.82751,-0.25183,0.80571,0.79352,0.76396,0.10579,0.19952,-0.033723,-0.0063076,0.13047,0.2459,0.013622,-0.010105,0.14987,0.018332,0.31694,0.38225,0.11414,0.090896,0.031945,0.08355,0.30385,0.57825,-0.033,0.099058,-0.16178,0.11523,0.24717,0.27507,0.21347,0.24446,0.17876,0.14319,0.36213,0.42279,0.21614,0.22417,0.33236,0.34321,9.7709e-06,0.25777,0.60287,0.203,0.80878,0.55148,-0.17509,-0.38912,-0.42933,-0.41766,-0.35466,-0.22854,0.30671,0.2805,0.17966,0.04172,0.27111,0.28828,-0.10915,-0.36886,-0.18296,-0.47581,-0.37543,-0.45734,0.18647,0.12223,-0.41685,-0.15632
-0.19733,-0.13481,0.91531,0.70132,0.79295,0.93594,0.62319,0.3571,0.90807,0.82928,-0.10871,0.088403,-0.02973,0.0086691,0.30782,0.45438,-0.073286,0.069932,-0.081078,-0.0023039,0.16383,-0.12846,0.93343,1,0.9209,0.91172,0.56253,0.50536,-0.23435,-0.10504,0.19103,0.45637,0.007349,0.032364,-0.019491,0.17373,-0.23467,-0.13763,0.21252,0.17424,-0.096444,-0.2282,0.38968,0.60568,-0.39347,-0.065837,0.60457,0.23797,0.2729,0.75443,-0.41565,0.75442,0.76525,0.75492,-0.046294,0.037814,-0.25242,-0.24199,-0.052777,0.076761,-0.18382,-0.19516,-0.063454,-0.19039,0.094553,0.22517,-0.10292,-0.10877,-0.17391,-0.12989,0.12447,0.5523,-0.21872,-0.092794,-0.31219,-0.024759,0.073323,0.097347,0.01175,0.054221,-0.032887,-0.081807,0.19397,0.25085,0.0034384,0.016962,0.183,0.17325,-0.16766,0.10605,0.54178,0.025075,0.84142,0.42178,-0.29859,-0.54354,-0.57921,-0.56852,-0.49007,-0.40444,0.11713,0.1362,-0.0072781,-0.12858,0.11201,0.12605,-0.23905,-0.50885,-0.3615,-0.68046,-0.6009,-0.6767,0.15721,-0.06698,-0.60697,-0.31546
-0.12248,-0.035857,0.91018,0.73714,0.76397,0.91121,0.63273,0.43765,0.9026,0.84329,0.0029111,0.20191,0.079842,0.15086,0.41107,0.56376,0.050914,0.20057,-0.010344,0.077453,0.28811,-0.0010649,0.94162,0.9209,1,0.86605,0.67066,0.61499,-0.099603,0.051786,0.3217,0.51936,0.10597,0.12791,0.064803,0.23994,-0.16074,-0.035243,0.30607,0.28201,0.010499,-0.095085,0.43378,0.65853,-0.33643,-0.037197,0.67159,0.33225,0.30532,0.74598,-0.34182,0.74684,0.78354,0.76516,0.067277,0.15355,-0.16235,-0.12714,-0.0058873,0.12932,-0.12195,-0.10263,0.018444,-0.085572,0.18929,0.29038,-0.012475,-0.037182,-0.081013,-0.037195,0.24539,0.53812,-0.11169,0.040377,-0.22491,0.07578,0.16433,0.19855,0.14205,0.19073,0.10651,0.05545,0.31689,0.3946,0.13505,0.16676,0.25945,0.28953,-0.08154,0.19798,0.55724,0.12749,0.79093,0.49591,-0.20365,-0.42854,-0.48876,-0.48543,-0.4079,-0.30166,0.20777,0.21576,0.0904,-0.019545,0.23049,0.22664,-0.1287,-0.39772,-0.18567,-0.52495,-0.45125,-0.50755,0.18087,0.073366,-0.50345,-0.19901
-0.27558,-0.20528,0.76829,0.55721,0.69127,0.85214,0.4755,0.22995,0.85892,0.72714,-0.1816,0.021096,-0.085828,0.0043225,0.2359,0.38806,-0.097704,0.02537,-0.15002,-0.095361,0.021145,-0.33127,0.81481,0.91172,0.86605,1,0.45544,0.51073,-0.24519,-0.11726,0.065567,0.26091,-0.091328,-0.066417,-0.117,0.026374,-0.26007,-0.14272,0.15685,0.18969,-0.091335,-0.16008,0.38328,0.47082,-0.28275,0.050779,0.38794,0.082562,0.19029,0.64108,-0.36768,0.60438,0.64289,0.67876,-0.018849,0.0033333,-0.30766,-0.27986,-0.13557,0.0020972,-0.27103,-0.26855,-0.13017,-0.22637,0.010993,0.12219,-0.17343,-0.14416,-0.21809,-0.19049,0.13341,0.59532,-0.24508,-0.10841,-0.33915,-0.033246,0.0069799,0.047672,0.014797,0.052366,-0.042417,-0.10661,0.14507,0.21682,-0.056653,-0.0076536,0.10925,0.082701,-0.15606,0.066302,0.51532,-0.031653,0.80838,0.29465,-0.37609,-0.42823,-0.45762,-0.48107,-0.34747,-0.34355,-0.0040098,0.077695,-0.096658,-0.13525,-0.0075096,0.069637,-0.22445,-0.43823,-0.49479,-0.66035,-0.70089,-0.78565,0.2633,-0.19246,-0.6043,-0.41736
0.36642,0.47292,0.70808,0.7786,0.73136,0.64179,0.71231,0.69379,0.61796,0.71992,0.43301,0.58831,0.48923,0.54491,0.70967,0.75704,0.40126,0.56769,0.41491,0.44572,0.58049,0.30935,0.72,0.56253,0.67066,0.45544,1,0.84954,0.30207,0.41103,0.51124,0.57173,0.50008,0.49726,0.45063,0.5307,0.29862,0.37883,0.54108,0.53351,0.33351,0.19469,0.55172,0.67164,0.048732,0.19105,0.65099,0.54852,0.49633,0.62499,0.090805,0.67218,0.64373,0.55782,0.34718,0.45553,0.28047,0.35998,0.32753,0.45493,0.30853,0.35796,0.44982,0.41699,0.5343,0.5598,0.40878,0.39846,0.33183,0.38309,0.48353,0.48658,0.29404,0.40049,0.18491,0.34265,0.50949,0.49253,0.39905,0.43664,0.42084,0.46201,0.57563,0.66615,0.47788,0.54518,0.50683,0.69983,0.34368,0.55481,0.50622,0.31081,0.48222,0.44324,0.21479,-0.037706,-0.072959,-0.13242,-0.067739,0.023661,0.52787,0.24913,0.42803,0.15991,0.38901,0.41115,0.067933,-0.13397,0.21348,-0.044068,0.041161,-0.0024884,0.18188,0.21547,-0.077659,0.16096
0.38235,0.49604,0.63395,0.73983,0.5891,0.58563,0.67456,0.71405,0.57357,0.69028,0.38851,0.61431,0.46199,0.6338,0.64581,0.76226,0.38343,0.5631,0.45163,0.42219,0.4223,0.18052,0.65269,0.50536,0.61499,0.51073,0.84954,1,0.29477,0.4465,0.50599,0.50821,0.47365,0.4617,0.42447,0.40635,0.34368,0.41591,0.51453,0.50484,0.30725,0.27818,0.5428,0.54342,0.13414,0.28573,0.4453,0.38391,0.44627,0.53852,0.16148,0.56616,0.5276,0.46993,0.38002,0.39972,0.29845,0.38907,0.33678,0.44026,0.3533,0.41008,0.46279,0.49791,0.56637,0.55055,0.38245,0.38458,0.33789,0.34699,0.55221,0.59457,0.29343,0.43196,0.21016,0.36663,0.50585,0.52175,0.4081,0.44771,0.38317,0.4543,0.52928,0.62047,0.42312,0.53858,0.4989,0.62093,0.45621,0.57124,0.57604,0.35772,0.52332,0.45945,0.16881,0.017622,0.044019,-0.02559,0.08936,0.13545,0.5448,0.34434,0.47371,0.29738,0.40662,0.47567,0.15237,0.029169,0.058164,-0.04343,-0.0065695,-0.054164,0.23423,0.23724,0.032359,0.17785
0.68593,0.6395,-0.071075,0.18291,-0.02974,-0.1896,0.27777,0.45988,-0.10581,-0.031155,0.82005,0.66281,0.72317,0.6822,0.63679,0.56224,0.86996,0.73803,0.65785,0.70146,0.50839,0.40734,-0.046955,-0.23435,-0.099603,-0.24519,0.30207,0.29477,1,0.87851,0.5697,0.40234,0.71812,0.7267,0.56009,0.55782,0.55483,0.59706,0.4743,0.46712,0.71699,0.45538,0.41614,0.32869,0.50177,0.40556,0.27643,0.59615,0.31032,0.018581,0.50513,-0.023363,0.012934,-0.078174,0.62089,0.60544,0.66571,0.60526,0.39478,0.31569,0.50778,0.4739,0.66527,0.64938,0.40097,0.31783,0.57495,0.60745,0.65085,0.62988,0.66202,0.30753,0.83994,0.77204,0.72908,0.64599,0.58821,0.62498,0.78286,0.77727,0.80707,0.82876,0.75811,0.7003,0.62569,0.66527,0.34187,0.46117,0.50966,0.42966,0.091927,0.36117,-0.19442,0.11795,0.4569,0.60752,0.60009,0.59154,0.5186,0.58458,0.42396,0.28616,0.46346,0.41794,0.48963,0.38713,0.3911,0.38963,0.39035,0.55891,0.64049,0.49848,-0.037489,0.40451,0.57071,0.40003
0.57497,0.63339,0.04364,0.32182,-0.0084494,-0.073229,0.29297,0.51155,-0.024974,0.094217,0.6765,0.70128,0.65121,0.72977,0.60509,0.67131,0.74639,0.77061,0.64948,0.65831,0.51114,0.41658,0.084184,-0.10504,0.051786,-0.11726,0.41103,0.4465,0.87851,1,0.67917,0.53462,0.66717,0.68037,0.44357,0.44765,0.48011,0.55379,0.48066,0.44573,0.6157,0.47969,0.34977,0.31288,0.34691,0.2731,0.32768,0.53875,0.23422,0.046361,0.38262,-0.0062383,0.097134,-0.046121,0.56959,0.54687,0.54432,0.55109,0.28203,0.23533,0.4003,0.42596,0.61689,0.67266,0.38136,0.27742,0.44936,0.47185,0.5851,0.53915,0.68395,0.37023,0.77909,0.84057,0.68689,0.6688,0.53024,0.60137,0.67416,0.77184,0.70469,0.78852,0.69107,0.75551,0.57476,0.66132,0.36716,0.56103,0.4766,0.45578,0.13274,0.31765,-0.091175,0.19129,0.46301,0.48648,0.47448,0.46315,0.41663,0.4685,0.45778,0.31353,0.50798,0.4439,0.57327,0.45812,0.441,0.40943,0.36746,0.44311,0.52645,0.43276,-0.062734,0.43051,0.48678,0.3767
0.59721,0.62671,0.3857,0.64988,0.1984,0.18879,0.57344,0.69741,0.15828,0.40427,0.55831,0.65273,0.57076,0.64789,0.51235,0.60254,0.54694,0.61449,0.67381,0.67871,0.51877,0.53024,0.39985,0.19103,0.3217,0.065567,0.51124,0.50599,0.5697,0.67917,1,0.87868,0.69919,0.73668,0.5477,0.50889,0.34488,0.3588,0.33111,0.31405,0.36285,0.28539,0.42015,0.49122,0.24246,0.20255,0.49532,0.55676,0.47464,0.31863,0.31446,0.3151,0.29865,0.17035,0.37418,0.4171,0.50986,0.49862,0.33871,0.31763,0.41486,0.39949,0.54726,0.52558,0.48387,0.4124,0.44268,0.40704,0.53997,0.46117,0.62515,0.35818,0.55775,0.63726,0.45105,0.53353,0.49922,0.53433,0.50068,0.53954,0.48639,0.55503,0.46401,0.53313,0.4036,0.4506,0.2577,0.38082,0.34245,0.30633,0.27058,0.34874,0.13414,0.41788,0.33254,0.096021,0.21123,0.16423,0.17279,0.28573,0.62416,0.46342,0.58838,0.42527,0.55334,0.46988,0.25993,0.23483,0.3279,0.22996,0.39623,0.33347,-0.20508,0.36444,0.31782,0.37965
0.44154,0.47748,0.59428,0.73987,0.4079,0.42938,0.66071,0.66529,0.3626,0.56861,0.45605,0.58922,0.45796,0.51495,0.50482,0.64041,0.44207,0.55192,0.54024,0.5867,0.48989,0.56256,0.5886,0.45637,0.51936,0.26091,0.57173,0.50821,0.40234,0.53462,0.87868,1,0.58741,0.63568,0.43478,0.48205,0.19824,0.22057,0.33577,0.25006,0.26258,0.14032,0.39716,0.59481,-0.005471,0.029292,0.66045,0.55702,0.44138,0.46636,0.071052,0.47841,0.46157,0.32082,0.20798,0.29455,0.3392,0.30725,0.2332,0.25315,0.27397,0.26524,0.4675,0.40492,0.3886,0.38306,0.30945,0.26695,0.37625,0.32457,0.50531,0.47775,0.39817,0.48686,0.30332,0.41558,0.44061,0.47985,0.41051,0.46371,0.38901,0.44144,0.43902,0.51047,0.34227,0.37212,0.24769,0.38296,0.16537,0.2323,0.29609,0.19299,0.29312,0.387,0.16666,-0.18494,-0.099833,-0.11242,-0.13286,0.017177,0.51214,0.33082,0.43162,0.21207,0.47634,0.31879,0.081079,-0.022247,0.16501,-0.099531,0.15165,0.06562,-0.35824,0.23993,0.0364,0.22269
0.87841,0.87032,0.28232,0.52285,0.19287,0.070363,0.61652,0.76546,0.11958,0.28156,0.82041,0.72058,0.70651,0.66298,0.65561,0.59766,0.82086,0.79161,0.88097,0.90576,0.52671,0.46587,0.23783,0.007349,0.10597,-0.091328,0.50008,0.47365,0.71812,0.66717,0.69919,0.58741,1,0.97172,0.8526,0.80583,0.55159,0.59203,0.48651,0.51184,0.56723,0.40295,0.65097,0.60759,0.55767,0.50808,0.49929,0.74992,0.65758,0.37467,0.56455,0.35604,0.20682,0.13018,0.62192,0.66607,0.85338,0.83712,0.68181,0.62556,0.75865,0.68833,0.85445,0.80249,0.71761,0.63103,0.82833,0.80033,0.86009,0.85233,0.68618,0.39797,0.72201,0.70924,0.59938,0.59381,0.71838,0.70823,0.75488,0.73557,0.7686,0.82174,0.65069,0.61576,0.63206,0.68547,0.47974,0.51415,0.60747,0.56938,0.36462,0.53746,0.082179,0.3859,0.44056,0.37341,0.4994,0.46852,0.45409,0.55632,0.71729,0.46802,0.68824,0.48959,0.4953,0.46088,0.32599,0.31174,0.34416,0.42541,0.6321,0.49094,-0.034747,0.45317,0.50321,0.42415
0.86446,0.8541,0.29081,0.54551,0.20743,0.082791,0.62264,0.76135,0.12786,0.27962,0.84157,0.7535,0.7242,0.69052,0.65828,0.61099,0.8384,0.80923,0.88369,0.92505,0.51766,0.45647,0.26534,0.032364,0.12791,-0.066417,0.49726,0.4617,0.7267,0.68037,0.73668,0.63568,0.97172,1,0.82813,0.79712,0.51955,0.54939,0.46798,0.50332,0.56091,0.39476,0.66157,0.62196,0.55772,0.50673,0.50077,0.74922,0.65818,0.37071,0.55892,0.33237,0.20247,0.12911,0.58277,0.63821,0.81594,0.7979,0.63183,0.5788,0.69677,0.62689,0.84312,0.76613,0.66784,0.59177,0.79581,0.77758,0.83833,0.8343,0.69782,0.4096,0.72623,0.71099,0.59276,0.59429,0.71548,0.72232,0.78006,0.76554,0.78842,0.82516,0.65521,0.63501,0.62164,0.67028,0.46989,0.49624,0.54856,0.50297,0.33736,0.5,0.078851,0.36343,0.39086,0.36034,0.48093,0.45148,0.42925,0.53679,0.6878,0.46219,0.66099,0.46806,0.49351,0.44959,0.31731,0.30773,0.3245,0.40947,0.60903,0.45104,-0.073227,0.41586,0.48162,0.38231
0.81825,0.74725,0.24103,0.41699,0.24083,0.039441,0.57655,0.69281,0.12346,0.2696,0.74278,0.57339,0.70287,0.5857,0.58161,0.46352,0.72308,0.62368,0.73602,0.76392,0.38888,0.39564,0.19847,-0.019491,0.064803,-0.117,0.45063,0.42447,0.56009,0.44357,0.5477,0.43478,0.8526,0.82813,1,0.88846,0.62585,0.63483,0.4209,0.48325,0.48278,0.30117,0.67785,0.57556,0.62831,0.57483,0.41613,0.7065,0.69056,0.35758,0.62163,0.39275,0.21992,0.21104,0.61661,0.66833,0.83405,0.80674,0.76209,0.72201,0.81342,0.75378,0.71805,0.64499,0.79864,0.76317,0.89566,0.86857,0.77801,0.82541,0.63426,0.39766,0.60587,0.55265,0.56059,0.5641,0.72456,0.68088,0.65956,0.56469,0.68385,0.70272,0.51921,0.48898,0.61552,0.63313,0.46628,0.41202,0.6488,0.61632,0.47482,0.67882,0.1425,0.4735,0.48042,0.3647,0.5598,0.49028,0.52344,0.6221,0.69319,0.54314,0.64273,0.50943,0.38273,0.41611,0.24649,0.29029,0.31343,0.45768,0.649,0.50782,0.095156,0.43216,0.5212,0.44369
0.67914,0.60125,0.38098,0.45079,0.3655,0.20853,0.59153,0.63583,0.286,0.35277,0.71654,0.51752,0.62934,0.47603,0.63295,0.55667,0.7191,0.6161,0.64884,0.73198,0.51665,0.39781,0.35559,0.17373,0.23994,0.026374,0.5307,0.40635,0.55782,0.44765,0.50889,0.48205,0.80583,0.79712,0.88846,1,0.52106,0.57192,0.52182,0.52269,0.52317,0.23176,0.69144,0.72023,0.41773,0.44444,0.63221,0.83241,0.62501,0.47701,0.40638,0.50898,0.36987,0.36103,0.59243,0.69403,0.69442,0.65033,0.68954,0.66628,0.66583,0.61345,0.62875,0.49873,0.64989,0.70689,0.81822,0.801,0.69769,0.77378,0.57748,0.43293,0.5918,0.5433,0.51639,0.52733,0.70901,0.67268,0.64119,0.60576,0.69594,0.67942,0.61361,0.57789,0.61975,0.62666,0.54067,0.4513,0.50749,0.59031,0.49527,0.61369,0.25547,0.48249,0.43389,0.27234,0.37096,0.35533,0.33614,0.4792,0.58962,0.46052,0.53053,0.37489,0.38807,0.37194,0.18721,0.13542,0.31947,0.31016,0.55589,0.37481,0.14656,0.45941,0.3462,0.34184
0.59654,0.5234,-0.078256,0.10308,0.017035,-0.19168,0.21408,0.38741,-0.11611,-0.026581,0.5923,0.42337,0.58156,0.52296,0.49189,0.39689,0.53763,0.44322,0.50952,0.47455,0.47495,0.42277,-0.085136,-0.23467,-0.16074,-0.26007,0.29862,0.34368,0.55483,0.48011,0.34488,0.19824,0.55159,0.51955,0.62585,0.52106,1,0.91851,0.60926,0.57233,0.62882,0.59847,0.28819,0.17021,0.44594,0.32526,0.12735,0.41967,0.30583,-0.0074891,0.54701,0.12553,0.038148,0.012274,0.57227,0.53781,0.61073,0.54924,0.55401,0.49522,0.63972,0.59191,0.50587,0.5656,0.57636,0.50065,0.63174,0.61953,0.51724,0.56022,0.64981,0.3668,0.67635,0.61542,0.69586,0.64543,0.7139,0.65804,0.42154,0.36415,0.50852,0.57756,0.44989,0.42019,0.63191,0.64089,0.43604,0.35954,0.7294,0.64365,0.42057,0.66089,-0.0062937,0.33849,0.63587,0.5358,0.58735,0.57419,0.60716,0.64354,0.55608,0.39901,0.55863,0.52808,0.3571,0.44866,0.35638,0.41802,0.37014,0.57914,0.65674,0.59238,0.17568,0.48135,0.64878,0.65753
0.59251,0.53573,0.012637,0.16261,0.096724,-0.08915,0.27807,0.43334,0.0058244,0.075811,0.60942,0.44673,0.59618,0.55988,0.56156,0.5058,0.57705,0.51717,0.51249,0.49402,0.50364,0.38516,0.015669,-0.13763,-0.035243,-0.14272,0.37883,0.41591,0.59706,0.55379,0.3588,0.22057,0.59203,0.54939,0.63483,0.57192,0.91851,1,0.66613,0.70739,0.66278,0.65823,0.39841,0.29497,0.43371,0.38109,0.23743,0.52516,0.31573,0.098171,0.51197,0.20502,0.16109,0.12288,0.69354,0.68159,0.60911,0.55885,0.52635,0.47591,0.60923,0.57553,0.52575,0.58356,0.57675,0.52038,0.63264,0.64202,0.53761,0.58142,0.69242,0.46586,0.71198,0.6898,0.72121,0.72779,0.7578,0.71855,0.49628,0.454,0.57719,0.64903,0.54701,0.53141,0.67463,0.73189,0.46627,0.43127,0.74836,0.74366,0.50604,0.69713,0.094175,0.40268,0.65336,0.58563,0.59124,0.6055,0.62728,0.67977,0.59229,0.45582,0.60619,0.58536,0.42767,0.53114,0.41351,0.42213,0.33995,0.54896,0.63209,0.53497,0.22902,0.53316,0.61613,0.58766
0.38497,0.37197,0.33144,0.35774,0.35805,0.24492,0.41004,0.43522,0.31881,0.30947,0.51705,0.43396,0.46169,0.44822,0.73607,0.6959,0.49921,0.48026,0.43908,0.45684,0.66215,0.37428,0.34612,0.21252,0.30607,0.15685,0.54108,0.51453,0.4743,0.48066,0.33111,0.33577,0.48651,0.46798,0.4209,0.52182,0.60926,0.66613,1,0.82716,0.67089,0.63133,0.41811,0.46537,0.10768,0.19094,0.49635,0.55428,0.24159,0.2879,0.15707,0.34049,0.32277,0.28687,0.55093,0.56208,0.3585,0.33504,0.38976,0.3668,0.38485,0.34691,0.37154,0.38851,0.41058,0.40979,0.46472,0.45416,0.37884,0.45139,0.48444,0.41648,0.52572,0.52482,0.43976,0.4565,0.52787,0.52453,0.41154,0.42776,0.47615,0.49499,0.70366,0.69574,0.55657,0.59239,0.59169,0.46595,0.48713,0.54525,0.46311,0.48699,0.24039,0.34083,0.40407,0.37562,0.21475,0.26405,0.23156,0.35706,0.3335,0.21734,0.30324,0.2469,0.36475,0.36654,0.19543,0.063473,0.26684,0.23386,0.32374,0.23601,0.23315,0.4658,0.25915,0.40601
0.41601,0.43404,0.29247,0.36874,0.36652,0.22135,0.41727,0.46156,0.30762,0.30715,0.50714,0.42441,0.44713,0.47705,0.68125,0.65525,0.51704,0.49417,0.43336,0.46211,0.63729,0.27567,0.31218,0.17424,0.28201,0.18969,0.53351,0.50484,0.46712,0.44573,0.31405,0.25006,0.51184,0.50332,0.48325,0.52269,0.57233,0.70739,0.82716,1,0.63048,0.69877,0.58135,0.53447,0.34788,0.44294,0.4425,0.61427,0.39335,0.35751,0.31937,0.35163,0.32284,0.30084,0.6638,0.68673,0.42103,0.42599,0.40845,0.39177,0.39051,0.35083,0.405,0.41047,0.42237,0.43956,0.53911,0.56776,0.4522,0.50745,0.53688,0.45055,0.53094,0.55245,0.43749,0.53085,0.56089,0.54525,0.46333,0.45122,0.50423,0.51951,0.66941,0.67239,0.50485,0.61739,0.50115,0.4191,0.51281,0.5607,0.48074,0.4931,0.22595,0.31526,0.3861,0.49646,0.37552,0.38649,0.39286,0.47837,0.37426,0.27478,0.34813,0.30411,0.31413,0.35898,0.21762,0.13211,0.22588,0.31566,0.34635,0.2283,0.27329,0.40444,0.28151,0.29115
0.51151,0.46868,0.01465,0.14812,0.09162,-0.05711,0.22069,0.33935,0.044915,0.050984,0.64232,0.45738,0.57627,0.48011,0.63819,0.56228,0.67698,0.55383,0.50473,0.53098,0.57125,0.39071,0.055095,-0.096444,0.010499,-0.091335,0.33351,0.30725,0.71699,0.6157,0.36285,0.26258,0.56723,0.56091,0.48278,0.52317,0.62882,0.66278,0.67089,0.63048,1,0.56172,0.37906,0.32326,0.34893,0.32855,0.27377,0.52657,0.20552,0.068192,0.34939,0.05863,0.078612,0.042757,0.55464,0.55321,0.53035,0.45445,0.33998,0.2795,0.42109,0.38811,0.48459,0.46816,0.35475,0.33379,0.48594,0.51615,0.4542,0.50157,0.57996,0.35974,0.74329,0.67092,0.65764,0.58926,0.55416,0.55754,0.57609,0.58567,0.65573,0.65154,0.74809,0.64996,0.5898,0.59837,0.44649,0.39623,0.45895,0.4208,0.2092,0.38442,-0.058,0.11815,0.41857,0.57248,0.44628,0.48254,0.42149,0.50008,0.30245,0.1692,0.33856,0.2747,0.37985,0.33652,0.26046,0.20783,0.29286,0.43463,0.5022,0.36563,0.1009,0.34157,0.41919,0.36664
0.39786,0.41885,-0.12068,0.039804,-0.13569,-0.21143,0.05082,0.2196,-0.14911,-0.10445,0.41592,0.3172,0.3377,0.42012,0.44627,0.41226,0.4198,0.41207,0.43508,0.37304,0.48764,0.32623,-0.091687,-0.2282,-0.095085,-0.16008,0.19469,0.27818,0.45538,0.47969,0.28539,0.14032,0.40295,0.39476,0.30117,0.23176,0.59847,0.65823,0.63133,0.69877,0.56172,1,0.17694,0.059856,0.29591,0.25544,0.017427,0.21854,0.049737,-0.0841,0.31456,-0.076571,-0.13545,-0.1505,0.46228,0.38099,0.40313,0.39805,0.25027,0.18049,0.3457,0.30341,0.32987,0.43844,0.32684,0.2176,0.35771,0.35887,0.37072,0.36747,0.43743,0.2279,0.5649,0.57679,0.53185,0.47826,0.45009,0.44765,0.35878,0.36537,0.3823,0.44322,0.4571,0.47476,0.41233,0.4721,0.3419,0.25712,0.49763,0.34443,0.17172,0.34866,-0.11007,0.097183,0.35754,0.54624,0.43974,0.47806,0.4465,0.46902,0.28009,0.18071,0.32102,0.36658,0.25054,0.2983,0.37734,0.39789,0.23898,0.42361,0.44972,0.40312,0.03281,0.39013,0.5012,0.40261
