1,0.91568,0.91768,0.89438,0.8492,0.83987,0.85525,0.84807,0.73683,0.72494,0.82395,0.85695,0.77627,0.80328,0.72355,0.80623,0.67049,0.73697,0.93,0.89492,0.65613,0.69797,0.842,0.85392,0.79379,0.80176,0.80117,0.74752,0.58527,0.62335,0.71566,0.69498,0.80416,0.7272,0.74901,0.61488,0.45577,0.46629,0.47309,0.5411,0.14137,0.33987,0.77341,0.77239,0.74481,0.79421,0.76152,0.76732,0.78801,0.81226,0.77128,0.72061,0.75032,0.68365,0.71772,0.69133,0.90843,0.86735,0.75715,0.83976,0.6947,0.748,0.76037,0.84078,0.61587,0.58963,0.84657,0.82359,0.81637,0.76622,0.26581,0.28549,0.26339,0.27095,-0.10366,0.18671,0.23522,0.25982,0.4546,0.55528,0.68526,0.68354,0.53079,0.73603,0.70049,0.73161,0.68115,0.6992,0.79654,0.77865,0.48021,0.57878,0.47574,0.63618,-0.038209,0.03619,0.39743,0.089818,0.47809,0.26203,0.31931,0.2974,0.10302,-0.043823,0.12743,0.03082,0.34946,-0.36932,-0.039609,0.10259,0.2337,0.39696,0.069396,0.054743,-0.044386,-0.1279
0.91568,1,0.85935,0.88329,0.77392,0.77244,0.79192,0.80815,0.66175,0.67264,0.77098,0.82031,0.72202,0.77186,0.68749,0.79999,0.71367,0.8152,0.90356,0.92839,0.64553,0.68493,0.79348,0.81098,0.7344,0.7404,0.74027,0.68866,0.59367,0.66591,0.70037,0.68902,0.79911,0.75757,0.70342,0.61919,0.47505,0.49242,0.51347,0.5855,0.19136,0.38162,0.79596,0.81379,0.77148,0.81275,0.77346,0.79743,0.78097,0.77916,0.68561,0.65821,0.68436,0.63441,0.72064,0.70475,0.92378,0.9399,0.66507,0.78893,0.5981,0.671,0.73031,0.85627,0.5581,0.51037,0.83508,0.82114,0.86837,0.85768,0.31272,0.32407,0.3027,0.33234,-0.063229,0.24032,0.25719,0.29106,0.50982,0.63526,0.70352,0.71906,0.53681,0.7544,0.66868,0.71251,0.6467,0.67896,0.74993,0.73197,0.47466,0.55582,0.46699,0.60997,0.044225,0.093575,0.49187,0.1441,0.50525,0.26753,0.32416,0.29685,0.12634,-0.053363,0.13988,0.059891,0.35476,-0.35135,0.010336,0.15474,0.29564,0.4195,0.088464,0.049241,-0.025753,-0.14441
0.91768,0.85935,1,0.94543,0.89796,0.89869,0.92473,0.90083,0.75403,0.76228,0.82526,0.83533,0.80526,0.83073,0.75198,0.82113,0.63811,0.72725,0.92155,0.86636,0.65857,0.71609,0.93136,0.93704,0.88597,0.88903,0.88987,0.83671,0.56177,0.59931,0.75195,0.7122,0.8099,0.71031,0.79109,0.60852,0.44546,0.45532,0.51582,0.57943,0.11627,0.28983,0.77704,0.78828,0.76887,0.8302,0.7795,0.78118,0.80222,0.84686,0.78731,0.77755,0.78225,0.7459,0.75304,0.72249,0.83696,0.84826,0.75579,0.85719,0.68726,0.77881,0.75903,0.83615,0.71317,0.66864,0.91298,0.89413,0.78868,0.75747,0.20948,0.21382,0.19481,0.18825,-0.19008,0.084155,0.1163,0.12941,0.42276,0.54577,0.70098,0.73376,0.50287,0.75263,0.76737,0.80317,0.72701,0.76471,0.82473,0.81431,0.53577,0.63923,0.52352,0.68313,-0.041591,-0.0074873,0.4026,0.054803,0.49962,0.26199,0.33893,0.30088,0.091373,-0.073073,0.13802,0.029062,0.33862,-0.39592,-0.066326,0.070656,0.23226,0.39827,0.049188,0.037011,-0.077091,-0.14159
0.89438,0.88329,0.94543,1,0.89034,0.89999,0.93213,0.95304,0.79448,0.83846,0.83715,0.87481,0.82646,0.87754,0.74927,0.87844,0.68947,0.76488,0.90518,0.89601,0.71468,0.73246,0.91959,0.94675,0.84456,0.86213,0.82962,0.84748,0.61448,0.6701,0.80872,0.7942,0.86829,0.80814,0.84079,0.69598,0.48862,0.4989,0.58815,0.62986,0.16941,0.29566,0.79999,0.81238,0.78986,0.85378,0.79525,0.79373,0.82664,0.8516,0.7938,0.78372,0.76905,0.72952,0.77616,0.74601,0.83893,0.87202,0.78904,0.88052,0.74489,0.82086,0.78537,0.88047,0.72488,0.73854,0.93197,0.93116,0.77381,0.77306,0.29348,0.28154,0.25385,0.23831,-0.11476,0.12944,0.20269,0.22224,0.47733,0.5864,0.72276,0.74787,0.54154,0.7779,0.75055,0.81077,0.65583,0.71307,0.82691,0.81917,0.58838,0.66,0.59578,0.71645,0.039208,0.034879,0.45343,0.097947,0.51271,0.28789,0.43857,0.3723,0.14987,-0.016167,0.18619,0.094473,0.39723,-0.32371,-0.016703,0.089165,0.26598,0.3939,0.10782,0.036022,-0.011354,-0.077777
0.8492,0.77392,0.89796,0.89034,1,0.91447,0.90332,0.87484,0.8537,0.82902,0.75508,0.78902,0.79801,0.79073,0.74908,0.8096,0.57935,0.64829,0.82589,0.78965,0.69224,0.69489,0.87721,0.87647,0.86691,0.82315,0.88255,0.83958,0.50838,0.53357,0.70134,0.66693,0.79164,0.6864,0.75697,0.61026,0.44323,0.44462,0.52148,0.57925,0.12456,0.21748,0.73552,0.73902,0.73303,0.79232,0.72945,0.72812,0.78535,0.83188,0.80111,0.80912,0.78874,0.7429,0.72148,0.69662,0.76761,0.7937,0.82298,0.87379,0.75339,0.81269,0.69953,0.78312,0.68454,0.71679,0.88094,0.86943,0.7153,0.69941,0.14556,0.17034,0.14482,0.099777,-0.21878,0.010751,0.095812,0.10529,0.38551,0.45509,0.63188,0.65757,0.50118,0.68788,0.7309,0.77827,0.70241,0.72081,0.8379,0.80915,0.53723,0.60667,0.53712,0.65959,-0.046847,-0.030054,0.35736,0.038593,0.43357,0.22642,0.35077,0.3109,0.076267,-0.064376,0.11967,0.021542,0.34141,-0.3674,-0.11641,0.05062,0.21186,0.32538,0.077253,-0.0088478,-0.058825,-0.097496
0.83987,0.77244,0.89869,0.89999,0.91447,1,0.85831,0.86953,0.7389,0.79984,0.69908,0.76284,0.69877,0.76549,0.64146,0.77978,0.5302,0.63589,0.83082,0.80056,0.62917,0.72805,0.85313,0.88176,0.82612,0.8869,0.88549,0.85219,0.43245,0.50671,0.67869,0.66511,0.78433,0.68325,0.75208,0.6296,0.45166,0.50252,0.5009,0.5817,0.087119,0.28507,0.731,0.73657,0.73539,0.80223,0.73501,0.7436,0.77134,0.83016,0.78838,0.79842,0.78904,0.77607,0.7168,0.69215,0.77125,0.78152,0.76592,0.85193,0.69365,0.80189,0.65418,0.74501,0.68156,0.73143,0.86938,0.872,0.75759,0.73243,0.17562,0.19202,0.18616,0.16031,-0.18377,0.091858,0.10599,0.11932,0.31652,0.42995,0.61152,0.64023,0.39475,0.67029,0.71123,0.76975,0.70637,0.69305,0.82932,0.80363,0.58039,0.62481,0.54802,0.64615,-0.063581,0.010551,0.38167,0.065829,0.51691,0.27995,0.32906,0.28046,0.1202,-0.041903,0.17556,0.051881,0.34068,-0.39045,-0.11106,0.020646,0.2335,0.43585,0.095522,0.11214,-0.026309,-0.12074
0.85525,0.79192,0.92473,0.93213,0.90332,0.85831,1,0.95299,0.87855,0.85846,0.86854,0.87303,0.89993,0.87773,0.80238,0.85986,0.65589,0.7008,0.85653,0.81552,0.69614,0.67674,0.91539,0.91623,0.85135,0.82374,0.82621,0.83563,0.62082,0.6334,0.77118,0.7336,0.79459,0.71542,0.80806,0.61011,0.44014,0.40017,0.55311,0.57309,0.1441,0.20886,0.74536,0.74899,0.71509,0.77462,0.74593,0.73215,0.76529,0.80416,0.80013,0.79232,0.74692,0.71466,0.74497,0.71638,0.75225,0.77985,0.80225,0.84396,0.79906,0.83483,0.78015,0.81782,0.73935,0.76956,0.88951,0.86929,0.67919,0.67259,0.26766,0.25386,0.19647,0.15406,-0.16911,0.033692,0.14436,0.17191,0.47654,0.552,0.69774,0.71663,0.56117,0.73707,0.75377,0.78013,0.66164,0.70064,0.80721,0.79188,0.53913,0.6459,0.54584,0.69661,0.037503,0.016173,0.40744,0.064471,0.46109,0.26549,0.42034,0.36303,0.13028,-0.020773,0.17128,0.062357,0.36447,-0.31434,-0.021145,0.12024,0.22784,0.31199,0.079783,-0.0040641,-0.043519,-0.064931
0.84807,0.80815,0.90083,0.95304,0.87484,0.86953,0.95299,1,0.82426,0.8785,0.85328,0.92124,0.87727,0.93101,0.78312,0.9026,0.67339,0.714,0.83656,0.8195,0.69549,0.68289,0.89375,0.92347,0.83661,0.83454,0.81196,0.84214,0.64482,0.68461,0.77886,0.75674,0.79004,0.73307,0.7988,0.61205,0.41404,0.40183,0.52928,0.57609,0.15405,0.23729,0.74169,0.75654,0.7129,0.78281,0.74119,0.73466,0.76119,0.80861,0.78928,0.79018,0.73049,0.70128,0.74506,0.70961,0.74561,0.77875,0.77597,0.85878,0.75993,0.85032,0.76066,0.83526,0.70091,0.77418,0.88146,0.88764,0.6859,0.68455,0.31359,0.2863,0.24047,0.20892,-0.15323,0.055425,0.15903,0.19155,0.48473,0.56939,0.70747,0.71935,0.55667,0.76615,0.72613,0.77088,0.62569,0.69531,0.77183,0.7736,0.52493,0.6063,0.5261,0.65147,0.030981,0.025491,0.394,0.057579,0.446,0.23682,0.40769,0.32382,0.12472,-0.043117,0.16149,0.063436,0.34839,-0.32753,0.0026207,0.13364,0.19912,0.29463,0.053036,-0.026243,-0.055437,-0.089868
0.73683,0.66175,0.75403,0.79448,0.8537,0.7389,0.87855,0.82426,1,0.87702,0.77973,0.78332,0.86439,0.79301,0.82826,0.80249,0.60722,0.59645,0.712,0.69683,0.69965,0.5771,0.82322,0.79257,0.75322,0.64155,0.6953,0.76778,0.57979,0.54848,0.70359,0.65958,0.72885,0.66463,0.75018,0.61848,0.46851,0.37605,0.57324,0.51757,0.23664,0.16504,0.6437,0.6318,0.62734,0.67307,0.63083,0.60235,0.69882,0.71727,0.75342,0.72063,0.70197,0.62269,0.68074,0.64761,0.65208,0.67702,0.81328,0.78164,0.85054,0.79943,0.74044,0.73582,0.73338,0.75635,0.77998,0.75574,0.51306,0.52077,0.29576,0.29532,0.23415,0.15242,-0.036617,0.050277,0.24884,0.256,0.46639,0.46314,0.61251,0.6413,0.59247,0.62908,0.71949,0.71606,0.5461,0.58359,0.76551,0.74699,0.55609,0.6495,0.60295,0.72637,0.12544,0.04665,0.39554,0.12222,0.39284,0.29478,0.5162,0.49356,0.20706,0.11393,0.22221,0.16946,0.43826,-0.11845,-0.015774,0.13349,0.25811,0.22424,0.17847,-0.012243,0.067026,0.085002
0.72494,0.67264,0.76228,0.83846,0.82902,0.79984,0.85846,0.8785,0.87702,1,0.78308,0.8197,0.83905,0.84345,0.79021,0.86755,0.65511,0.6389,0.70606,0.69902,0.76845,0.64839,0.84928,0.84273,0.76694,0.70299,0.70737,0.84542,0.62954,0.60359,0.77149,0.74897,0.75255,0.71171,0.79548,0.67017,0.46921,0.40195,0.6052,0.55731,0.25083,0.19208,0.68646,0.67384,0.6572,0.70769,0.68991,0.65772,0.71434,0.74139,0.74015,0.75233,0.70561,0.67064,0.721,0.69398,0.66034,0.6883,0.79381,0.80148,0.8122,0.82746,0.72938,0.73946,0.73229,0.81616,0.80435,0.80327,0.50492,0.52167,0.35525,0.31913,0.29177,0.18711,-0.0018477,0.056879,0.26651,0.27632,0.49198,0.49868,0.64307,0.64028,0.60422,0.68218,0.68417,0.70578,0.5322,0.59266,0.7509,0.75093,0.61055,0.66072,0.66108,0.73794,0.13099,0.049098,0.42055,0.12863,0.42498,0.32793,0.56144,0.49648,0.18916,0.10404,0.24635,0.20354,0.42709,-0.14343,0.013988,0.16037,0.26088,0.25032,0.19406,-0.035401,0.092987,0.091468
0.82395,0.77098,0.82526,0.83715,0.75508,0.69908,0.86854,0.85328,0.77973,0.78308,1,0.8936,0.91971,0.88928,0.85475,0.88046,0.77748,0.77375,0.81895,0.78133,0.70895,0.64162,0.85488,0.85247,0.75757,0.71268,0.7069,0.7515,0.79608,0.79542,0.80537,0.76696,0.72822,0.70561,0.73349,0.54422,0.39017,0.36757,0.51171,0.55387,0.23527,0.26037,0.68682,0.68493,0.61063,0.66035,0.70469,0.68141,0.65066,0.67539,0.67648,0.66056,0.63268,0.60303,0.69985,0.67958,0.73072,0.72884,0.67685,0.72459,0.69764,0.72543,0.81364,0.81449,0.62015,0.62802,0.76378,0.74611,0.58651,0.5821,0.38034,0.36346,0.30959,0.27737,-0.034162,0.099577,0.23516,0.26961,0.63358,0.68094,0.78106,0.7562,0.69143,0.80847,0.70791,0.70328,0.60512,0.68962,0.6732,0.70536,0.47234,0.57754,0.46235,0.613,0.12317,0.048798,0.42486,0.12185,0.42241,0.27182,0.39127,0.34075,0.1099,-0.0081179,0.15061,0.086218,0.30211,-0.24575,0.089625,0.19257,0.21252,0.2795,0.06968,-0.04226,-0.0079153,0.044383
0.85695,0.82031,0.83533,0.87481,0.78902,0.76284,0.87303,0.92124,0.78332,0.8197,0.8936,1,0.88427,0.95024,0.81288,0.91504,0.71681,0.74376,0.81677,0.80577,0.67926,0.62373,0.84569,0.86166,0.77583,0.74211,0.74441,0.76048,0.71592,0.74592,0.76499,0.7343,0.73722,0.70704,0.74029,0.5587,0.36228,0.33391,0.47441,0.51614,0.16687,0.22712,0.70319,0.71615,0.6502,0.71447,0.70579,0.69956,0.70324,0.75663,0.75076,0.74484,0.6835,0.63568,0.7198,0.68659,0.74443,0.76617,0.72575,0.82014,0.73001,0.80738,0.79538,0.85262,0.62604,0.67771,0.80677,0.80253,0.63446,0.62156,0.34701,0.32669,0.27516,0.25405,-0.11448,0.0932,0.20756,0.24867,0.54844,0.61098,0.73809,0.72833,0.62372,0.78605,0.71158,0.7217,0.59723,0.68484,0.7185,0.7341,0.47471,0.56226,0.46948,0.60525,0.062336,0.028057,0.39754,0.086092,0.42868,0.24736,0.38406,0.31016,0.10421,-0.050907,0.11408,0.048901,0.30013,-0.3154,0.043815,0.16767,0.18564,0.27209,0.055137,-0.077248,-0.065469,-0.049835
0.77627,0.72202,0.80526,0.82646,0.79801,0.69877,0.89993,0.87727,0.86439,0.83905,0.91971,0.88427,1,0.91081,0.9144,0.89177,0.70553,0.7046,0.74904,0.72101,0.7135,0.59035,0.86192,0.84754,0.80218,0.69564,0.73193,0.77614,0.74759,0.71492,0.752,0.6963,0.683,0.64001,0.71044,0.49408,0.34849,0.27515,0.50188,0.50149,0.20536,0.16818,0.65124,0.65624,0.60217,0.65485,0.659,0.63437,0.65191,0.67499,0.68354,0.68336,0.63898,0.59722,0.67705,0.65141,0.66372,0.71024,0.68622,0.74174,0.72706,0.75418,0.79411,0.79653,0.65845,0.66981,0.77532,0.75851,0.53054,0.54218,0.3208,0.30112,0.23561,0.18964,-0.11472,-0.013352,0.13503,0.18052,0.58973,0.60324,0.74619,0.73968,0.69242,0.76727,0.74224,0.72346,0.57924,0.67857,0.67727,0.70337,0.43685,0.55287,0.46445,0.61166,0.11637,0.010053,0.3845,0.06225,0.3561,0.22053,0.39083,0.34835,0.099399,-0.019807,0.12988,0.055022,0.30051,-0.23272,0.04286,0.18409,0.16796,0.17651,0.026216,-0.11456,-0.054612,0.01474
0.80328,0.77186,0.83073,0.87754,0.79073,0.76549,0.87773,0.93101,0.79301,0.84345,0.88928,0.95024,0.91081,1,0.83924,0.94101,0.70846,0.72048,0.77879,0.76792,0.6835,0.61624,0.86283,0.88349,0.79911,0.74301,0.75481,0.79422,0.73462,0.75354,0.76991,0.732,0.71979,0.68672,0.72631,0.52795,0.37372,0.35082,0.50092,0.54255,0.20902,0.22614,0.68858,0.70434,0.64257,0.7096,0.69985,0.68396,0.69014,0.73351,0.72996,0.72943,0.68308,0.63368,0.72566,0.69114,0.69713,0.73246,0.68887,0.78879,0.70956,0.80004,0.78952,0.829,0.65219,0.69003,0.80912,0.81048,0.59787,0.59873,0.35073,0.32396,0.27642,0.2471,-0.095317,0.061578,0.16253,0.19756,0.56736,0.61545,0.76924,0.76593,0.62964,0.79577,0.74914,0.76686,0.596,0.70087,0.70695,0.74271,0.46565,0.55799,0.46712,0.59448,0.097277,0.03757,0.39934,0.075661,0.40656,0.22721,0.38849,0.31235,0.11984,-0.03815,0.13109,0.064599,0.29745,-0.27849,0.065064,0.17023,0.16506,0.24418,0.027506,-0.071439,-0.045141,-0.034159
0.72355,0.68749,0.75198,0.74927,0.74908,0.64146,0.80238,0.78312,0.82826,0.79021,0.85475,0.81288,0.9144,0.83924,1,0.87712,0.73783,0.71069,0.72267,0.70644,0.75183,0.61995,0.84021,0.80283,0.79526,0.65399,0.71429,0.78145,0.7852,0.722,0.76393,0.68959,0.67735,0.6397,0.67314,0.48463,0.4003,0.29727,0.53374,0.51503,0.30382,0.23639,0.59774,0.60729,0.57215,0.61406,0.6102,0.59059,0.60772,0.63163,0.6265,0.62466,0.6018,0.52489,0.65893,0.63085,0.64238,0.6744,0.64275,0.69314,0.68232,0.70299,0.7774,0.77285,0.66333,0.61263,0.71525,0.6981,0.49963,0.50595,0.38572,0.38188,0.29246,0.23274,-0.035321,0.041884,0.18499,0.21954,0.65537,0.65047,0.76475,0.76706,0.80994,0.80623,0.75724,0.70595,0.61455,0.70369,0.65796,0.67788,0.42706,0.54785,0.47214,0.60881,0.15073,0.062289,0.40897,0.13859,0.33579,0.24201,0.40883,0.38316,0.12498,0.024683,0.15625,0.13138,0.3265,-0.15217,0.06553,0.28093,0.21191,0.14137,0.073861,-0.094545,0.0053353,0.10683
0.80623,0.79999,0.82113,0.87844,0.8096,0.77978,0.85986,0.9026,0.80249,0.86755,0.88046,0.91504,0.89177,0.94101,0.87712,1,0.74607,0.76151,0.8058,0.81407,0.76759,0.70156,0.87401,0.88523,0.80439,0.75369,0.7641,0.8195,0.77551,0.78425,0.81764,0.78181,0.77217,0.74598,0.73796,0.57346,0.41671,0.37539,0.57641,0.59827,0.26364,0.28734,0.7147,0.73018,0.67629,0.73795,0.71413,0.71858,0.71007,0.73687,0.70291,0.71562,0.675,0.6283,0.73222,0.71334,0.73769,0.76908,0.70163,0.78969,0.71594,0.7908,0.81165,0.854,0.65836,0.68344,0.82112,0.81948,0.63817,0.64137,0.3846,0.3638,0.2976,0.2537,-0.066202,0.077994,0.20949,0.24704,0.6045,0.66336,0.79832,0.78701,0.72111,0.86666,0.7549,0.77263,0.63534,0.72283,0.73185,0.74787,0.49332,0.58193,0.51258,0.62486,0.12173,0.068626,0.45765,0.14173,0.42742,0.25943,0.41583,0.34858,0.12856,-0.014549,0.16417,0.11613,0.33956,-0.27028,0.041374,0.22766,0.23868,0.26215,0.066002,-0.04837,-0.0059977,0.021326
0.67049,0.71367,0.63811,0.68947,0.57935,0.5302,0.65589,0.67339,0.60722,0.65511,0.77748,0.71681,0.70553,0.70846,0.73783,0.74607,1,0.8953,0.70138,0.73706,0.73281,0.64623,0.70905,0.69127,0.62604,0.57101,0.52921,0.62584,0.86292,0.8278,0.80171,0.78693,0.74101,0.76586,0.66959,0.57635,0.48464,0.43477,0.62635,0.60602,0.36656,0.3191,0.67406,0.6895,0.63625,0.66155,0.69665,0.6704,0.64095,0.59359,0.5675,0.54853,0.53568,0.44958,0.69885,0.69498,0.76227,0.71773,0.55577,0.59981,0.5625,0.54434,0.76858,0.76798,0.50102,0.47728,0.67842,0.66946,0.57245,0.60475,0.48296,0.47805,0.37641,0.33443,0.14031,0.21282,0.39472,0.42209,0.8733,0.85394,0.84869,0.76288,0.76806,0.79268,0.605,0.58569,0.5437,0.57089,0.56138,0.57788,0.4804,0.57159,0.49541,0.60038,0.30254,0.21754,0.62533,0.38109,0.50724,0.42782,0.47377,0.45343,0.24491,0.16715,0.31253,0.27638,0.4521,-0.0305,0.21217,0.31466,0.39237,0.31745,0.23101,0.090762,0.20359,0.20793
0.73697,0.8152,0.72725,0.76488,0.64829,0.63589,0.7008,0.714,0.59645,0.6389,0.77375,0.74376,0.7046,0.72048,0.71069,0.76151,0.8953,1,0.76647,0.80231,0.67888,0.6622,0.76077,0.75765,0.69159,0.67029,0.64556,0.68007,0.74863,0.83079,0.76285,0.7553,0.75406,0.76186,0.6857,0.60026,0.44043,0.45405,0.53556,0.59038,0.27143,0.33573,0.72865,0.75105,0.69755,0.73416,0.74356,0.73996,0.68851,0.66056,0.59451,0.58976,0.58209,0.52914,0.69833,0.70733,0.82329,0.83899,0.562,0.65449,0.54067,0.57311,0.75531,0.83745,0.53725,0.49413,0.74905,0.74791,0.67948,0.70858,0.4085,0.43068,0.31715,0.33075,0.032692,0.21343,0.29764,0.34371,0.76007,0.86318,0.83087,0.82965,0.67531,0.82587,0.64163,0.65893,0.60609,0.65653,0.62182,0.63823,0.50833,0.57978,0.48646,0.5935,0.17133,0.13275,0.59169,0.28819,0.54257,0.40544,0.39648,0.37247,0.18776,0.046581,0.21935,0.18505,0.38346,-0.21229,0.12651,0.21007,0.37054,0.40541,0.18286,0.089112,0.11012,0.083213
0.93,0.90356,0.92155,0.90518,0.82589,0.83082,0.85653,0.83656,0.712,0.70606,0.81895,0.81677,0.74904,0.77879,0.72267,0.8058,0.70138,0.76647,1,0.95862,0.66264,0.72174,0.87121,0.86983,0.77989,0.79539,0.79848,0.74957,0.61807,0.65956,0.77791,0.76361,0.8706,0.81734,0.76641,0.64621,0.49985,0.51453,0.53417,0.59656,0.17083,0.35758,0.74704,0.75464,0.72286,0.77563,0.74873,0.75591,0.75233,0.78346,0.72852,0.70363,0.72583,0.66546,0.73316,0.69478,0.87775,0.85368,0.73771,0.81183,0.68917,0.73896,0.75786,0.83852,0.64249,0.62247,0.85144,0.83246,0.83122,0.79772,0.27067,0.29431,0.30132,0.30754,-0.074337,0.21137,0.25126,0.2733,0.4882,0.60141,0.70722,0.72689,0.53695,0.75879,0.72786,0.75158,0.68644,0.70331,0.82229,0.78946,0.51681,0.61295,0.50707,0.65675,0.013974,0.065159,0.4306,0.10719,0.49617,0.27617,0.3522,0.32066,0.12786,-0.033222,0.16056,0.064507,0.37523,-0.35287,-0.01139,0.10105,0.26574,0.41285,0.10074,0.069584,-0.015756,-0.096308
0.89492,0.92839,0.86636,0.89601,0.78965,0.80056,0.81552,0.8195,0.69683,0.69902,0.78133,0.80577,0.72101,0.76792,0.70644,0.81407,0.73706,0.80231,0.95862,1,0.68851,0.74515,0.83976,0.84373,0.75027,0.76881,0.75356,0.72367,0.63357,0.69681,0.78912,0.79292,0.90367,0.87829,0.77351,0.69593,0.55073,0.56269,0.59799,0.64568,0.2208,0.38536,0.7621,0.77057,0.74394,0.79434,0.76275,0.77022,0.76881,0.77938,0.7171,0.69538,0.71484,0.64718,0.74938,0.71412,0.88923,0.87681,0.73385,0.8043,0.6815,0.71678,0.76206,0.85464,0.6255,0.61439,0.86252,0.8455,0.86413,0.85406,0.31771,0.34948,0.33801,0.34798,-0.011446,0.26954,0.3185,0.34817,0.53933,0.6481,0.73011,0.74831,0.5691,0.78466,0.71973,0.74645,0.66492,0.67742,0.81427,0.77657,0.54261,0.62478,0.53598,0.66594,0.10984,0.14385,0.50648,0.18067,0.52445,0.30655,0.39443,0.35889,0.1824,0.010775,0.22293,0.13416,0.42261,-0.29876,0.04725,0.1519,0.32528,0.42636,0.13879,0.1058,0.053244,-0.03613
0.65613,0.64553,0.65857,0.71468,0.69224,0.62917,0.69614,0.69549,0.69965,0.76845,0.70895,0.67926,0.7135,0.6835,0.75183,0.76759,0.73281,0.67888,0.66264,0.68851,1,0.84382,0.774,0.74651,0.69571,0.61495,0.61412,0.71124,0.71103,0.64787,0.84259,0.8136,0.7557,0.75236,0.72168,0.63223,0.58431,0.46638,0.74444,0.65764,0.47403,0.36641,0.6939,0.6759,0.67887,0.68618,0.68025,0.66454,0.6865,0.66069,0.63852,0.63933,0.60648,0.56934,0.70907,0.70307,0.66941,0.67851,0.673,0.67785,0.67306,0.64654,0.73971,0.7163,0.63554,0.59312,0.73324,0.72477,0.48884,0.52634,0.47518,0.44263,0.3738,0.24887,0.12096,0.14459,0.31203,0.30198,0.62109,0.58689,0.66946,0.64272,0.76811,0.73203,0.63526,0.64994,0.61215,0.59805,0.63335,0.65775,0.57447,0.63036,0.59661,0.67222,0.24817,0.15117,0.54315,0.29434,0.45818,0.38709,0.50952,0.50771,0.22929,0.17036,0.3278,0.2781,0.44123,-0.032426,0.06993,0.23418,0.35035,0.26856,0.22553,0.066202,0.20514,0.22461
0.69797,0.68493,0.71609,0.73246,0.69489,0.72805,0.67674,0.68289,0.5771,0.64839,0.64162,0.62373,0.59035,0.61624,0.61995,0.70156,0.64623,0.6622,0.72174,0.74515,0.84382,1,0.75349,0.75527,0.69217,0.73597,0.69206,0.70177,0.61485,0.63887,0.80472,0.80141,0.76927,0.73699,0.695,0.6111,0.61463,0.61759,0.69321,0.74273,0.39429,0.53143,0.68522,0.68068,0.6927,0.72588,0.6914,0.69833,0.69256,0.68642,0.639,0.62088,0.64076,0.61221,0.68985,0.68867,0.72319,0.70776,0.6165,0.66705,0.5791,0.61851,0.6651,0.66799,0.59766,0.55831,0.74095,0.7445,0.64695,0.66003,0.42102,0.44659,0.38159,0.31771,0.094564,0.26065,0.28171,0.28316,0.49096,0.53599,0.63168,0.58979,0.63001,0.75422,0.60691,0.64603,0.7171,0.63107,0.65865,0.67617,0.56732,0.6127,0.50779,0.60149,0.1888,0.21478,0.54968,0.30235,0.55078,0.37268,0.37521,0.37475,0.25269,0.12792,0.36246,0.25131,0.43259,-0.12721,0.068992,0.22868,0.36883,0.42917,0.18395,0.25688,0.2036,0.14264
0.842,0.79348,0.93136,0.91959,0.87721,0.85313,0.91539,0.89375,0.82322,0.84928,0.85488,0.84569,0.86192,0.86283,0.84021,0.87401,0.70905,0.76077,0.87121,0.83976,0.774,0.75349,1,0.9751,0.91304,0.86364,0.86964,0.90759,0.65868,0.67133,0.86487,0.81577,0.84388,0.77767,0.84193,0.66508,0.4768,0.4528,0.59232,0.61175,0.21942,0.26382,0.75641,0.76083,0.73251,0.785,0.75629,0.74314,0.76247,0.80248,0.77214,0.77655,0.75853,0.72007,0.76641,0.74218,0.77614,0.80128,0.77201,0.8344,0.75048,0.80014,0.81415,0.83814,0.78635,0.74079,0.8988,0.88617,0.67278,0.6741,0.29138,0.28982,0.2528,0.19986,-0.10097,0.064685,0.17499,0.18868,0.52728,0.6012,0.75277,0.77805,0.61633,0.78389,0.80651,0.82173,0.67051,0.74381,0.80703,0.81832,0.58219,0.67799,0.5926,0.73749,0.046986,-0.020519,0.4325,0.085302,0.46175,0.28853,0.43545,0.40984,0.12208,-0.0094499,0.17994,0.10147,0.35412,-0.29472,-0.054257,0.082785,0.2372,0.31956,0.098847,-0.0065776,-0.0051942,-0.0044799
0.85392,0.81098,0.93704,0.94675,0.87647,0.88176,0.91623,0.92347,0.79257,0.84273,0.85247,0.86166,0.84754,0.88349,0.80283,0.88523,0.69127,0.75765,0.86983,0.84373,0.74651,0.75527,0.9751,1,0.91053,0.9039,0.87533,0.90762,0.63973,0.67516,0.84496,0.80854,0.83352,0.76729,0.83875,0.65657,0.45634,0.44466,0.56297,0.60203,0.18301,0.27188,0.76769,0.77691,0.74119,0.8016,0.76733,0.75819,0.76469,0.80536,0.76827,0.7736,0.75181,0.73356,0.75955,0.73355,0.77778,0.81015,0.74254,0.83094,0.72396,0.8086,0.80663,0.85102,0.77289,0.74874,0.90955,0.91213,0.69289,0.69333,0.2839,0.27128,0.24536,0.20239,-0.12995,0.056591,0.14947,0.1717,0.49091,0.59247,0.75969,0.78464,0.57947,0.78882,0.79577,0.83311,0.67296,0.75216,0.78988,0.80467,0.57192,0.64919,0.56352,0.69152,0.0074837,-0.022608,0.42509,0.060953,0.46986,0.26375,0.39807,0.34954,0.11016,-0.048226,0.16188,0.065895,0.33484,-0.33839,-0.05314,0.084391,0.21228,0.33167,0.060882,-0.01022,-0.049882,-0.054375
0.79379,0.7344,0.88597,0.84456,0.86691,0.82612,0.85135,0.83661,0.75322,0.76694,0.75757,0.77583,0.80218,0.79911,0.79526,0.80439,0.62604,0.69159,0.77989,0.75027,0.69571,0.69217,0.91304,0.91053,1,0.9055,0.89625,0.8795,0.57831,0.60358,0.74191,0.67567,0.75334,0.66082,0.77114,0.56848,0.4118,0.37351,0.51876,0.56357,0.15332,0.21889,0.71018,0.72712,0.71084,0.76785,0.72657,0.71233,0.7284,0.78051,0.74166,0.76682,0.72487,0.69895,0.72341,0.69324,0.72846,0.77068,0.70405,0.80978,0.65657,0.75497,0.75682,0.8063,0.73031,0.67699,0.87155,0.86572,0.65226,0.64889,0.22563,0.21849,0.18889,0.14176,-0.19092,-0.0054959,0.054929,0.078359,0.44589,0.52126,0.71292,0.73061,0.57237,0.74084,0.77061,0.78212,0.68017,0.74968,0.74755,0.75166,0.49937,0.59197,0.49357,0.6342,0.0082295,-0.0096887,0.42247,0.085197,0.43701,0.24045,0.32881,0.30245,0.075323,-0.064824,0.13023,0.040751,0.3187,-0.35574,-0.053001,0.11271,0.2087,0.27504,0.020014,-0.056537,-0.10623,-0.079407
0.80176,0.7404,0.88903,0.86213,0.82315,0.8869,0.82374,0.83454,0.64155,0.70299,0.71268,0.74211,0.69564,0.74301,0.65399,0.75369,0.57101,0.67029,0.79539,0.76881,0.61495,0.73597,0.86364,0.9039,0.9055,1,0.89395,0.87022,0.49848,0.57867,0.71937,0.68595,0.75781,0.65633,0.76342,0.58188,0.41527,0.43409,0.47076,0.55943,0.059342,0.25022,0.71326,0.72587,0.69871,0.76276,0.72932,0.72846,0.70551,0.7656,0.72428,0.74146,0.70812,0.72968,0.69105,0.66196,0.73351,0.75288,0.65157,0.7703,0.5835,0.7186,0.67633,0.758,0.68151,0.67208,0.85503,0.86368,0.71877,0.69787,0.18735,0.19609,0.15411,0.13426,-0.22216,0.025194,0.05241,0.08165,0.36083,0.50054,0.64872,0.67048,0.44839,0.718,0.67142,0.7292,0.67674,0.69035,0.71601,0.70932,0.51168,0.57546,0.46345,0.58486,-0.089489,-0.024984,0.39862,0.057064,0.48348,0.23788,0.26873,0.21828,0.071993,-0.1043,0.14845,0.017672,0.29736,-0.41761,-0.10044,0.049684,0.20819,0.38293,0.011114,0.053718,-0.097605,-0.12615
0.80117,0.74027,0.88987,0.82962,0.88255,0.88549,0.82621,0.81196,0.6953,0.70737,0.7069,0.74441,0.73193,0.75481,0.71429,0.7641,0.52921,0.64556,0.79848,0.75356,0.61412,0.69206,0.86964,0.87533,0.89625,0.89395,1,0.88518,0.46889,0.5378,0.63479,0.57464,0.70113,0.5766,0.66302,0.46045,0.37601,0.38494,0.43497,0.53991,0.089952,0.23261,0.65561,0.67302,0.65721,0.71705,0.66511,0.67513,0.67266,0.75158,0.7207,0.74319,0.73007,0.71272,0.67524,0.64446,0.70968,0.74646,0.65455,0.78151,0.59241,0.73109,0.66673,0.74917,0.68599,0.62906,0.82135,0.8095,0.71343,0.6746,0.10595,0.14204,0.11194,0.097085,-0.2742,-0.044318,-0.069623,-0.040178,0.34023,0.44906,0.63977,0.68873,0.43801,0.7022,0.75595,0.78859,0.73879,0.78941,0.76629,0.76654,0.43367,0.52842,0.39406,0.54202,-0.11361,-0.079692,0.32324,-0.017197,0.42068,0.1708,0.17398,0.15216,0.010368,-0.17399,0.063287,-0.062638,0.21521,-0.46707,-0.16401,0.0098929,0.13235,0.31775,-0.044308,0.0058948,-0.16632,-0.16893
0.74752,0.68866,0.83671,0.84748,0.83958,0.85219,0.83563,0.84214,0.76778,0.84542,0.7515,0.76048,0.77614,0.79422,0.78145,0.8195,0.62584,0.68007,0.74957,0.72367,0.71124,0.70177,0.90759,0.90762,0.8795,0.87022,0.88518,1,0.57958,0.60802,0.75241,0.70412,0.74426,0.65968,0.76,0.58844,0.42656,0.41473,0.52039,0.55784,0.20658,0.23783,0.65317,0.66014,0.63353,0.69138,0.67033,0.65564,0.65966,0.71633,0.71126,0.73939,0.70202,0.68235,0.69321,0.66611,0.67367,0.70266,0.69783,0.76885,0.68801,0.77225,0.71532,0.75661,0.77957,0.75069,0.81725,0.81974,0.59141,0.58528,0.27386,0.26988,0.23878,0.17099,-0.090236,0.010033,0.10421,0.12368,0.45124,0.51335,0.6821,0.71906,0.55161,0.73021,0.74552,0.78015,0.6099,0.71081,0.74619,0.7588,0.53938,0.60667,0.54966,0.65585,-0.0033089,-0.028517,0.37257,0.07237,0.41112,0.26042,0.39173,0.35423,0.11293,-0.0012469,0.1904,0.11107,0.33031,-0.28517,-0.07936,0.082506,0.19426,0.27278,0.08577,-0.013756,-0.015711,-0.027681
0.58527,0.59367,0.56177,0.61448,0.50838,0.43245,0.62082,0.64482,0.57979,0.62954,0.79608,0.71592,0.74759,0.73462,0.7852,0.77551,0.86292,0.74863,0.61807,0.63357,0.71103,0.61485,0.65868,0.63973,0.57831,0.49848,0.46889,0.57958,1,0.90949,0.79655,0.76435,0.62017,0.66914,0.57645,0.42392,0.42043,0.35469,0.57121,0.57163,0.45549,0.37237,0.50619,0.5262,0.45621,0.50672,0.54896,0.52931,0.48265,0.46117,0.46908,0.44063,0.42025,0.33086,0.59649,0.58733,0.57982,0.56268,0.45798,0.50969,0.52559,0.53507,0.72988,0.69102,0.45188,0.45298,0.55655,0.55045,0.42014,0.43931,0.55626,0.52103,0.46879,0.41275,0.19059,0.21446,0.3386,0.38875,0.82327,0.74884,0.80413,0.69036,0.85664,0.84068,0.57963,0.55218,0.50702,0.56534,0.46086,0.51752,0.34042,0.44576,0.35133,0.46577,0.35657,0.25868,0.52941,0.34707,0.37737,0.31115,0.39101,0.36691,0.21858,0.13092,0.23123,0.23094,0.3601,-0.0029611,0.28897,0.44859,0.31184,0.19773,0.12937,0.026435,0.14491,0.23218
0.62335,0.66591,0.59931,0.6701,0.53357,0.50671,0.6334,0.68461,0.54848,0.60359,0.79542,0.74592,0.71492,0.75354,0.722,0.78425,0.8278,0.83079,0.65956,0.69681,0.64787,0.63887,0.67133,0.67516,0.60358,0.57867,0.5378,0.60802,0.90949,1,0.78028,0.77451,0.65335,0.7066,0.5923,0.46466,0.41389,0.43126,0.52085,0.60277,0.39793,0.42908,0.55404,0.58031,0.51457,0.56957,0.60279,0.59056,0.5232,0.51341,0.49853,0.47374,0.4654,0.38906,0.61619,0.60813,0.62713,0.63907,0.46582,0.54836,0.50475,0.55853,0.71768,0.74343,0.46311,0.46633,0.60648,0.60903,0.51952,0.53989,0.53054,0.5346,0.45445,0.45494,0.15467,0.2645,0.31702,0.37474,0.77297,0.80568,0.81064,0.74801,0.75041,0.87765,0.60466,0.59849,0.53711,0.61815,0.50949,0.56154,0.37845,0.46048,0.34769,0.4524,0.30399,0.23535,0.54214,0.30969,0.4425,0.3149,0.35971,0.30079,0.21093,0.063261,0.21392,0.21813,0.33045,-0.087396,0.28087,0.33624,0.30251,0.30456,0.11409,0.07192,0.13192,0.177
0.71566,0.70037,0.75195,0.80872,0.70134,0.67869,0.77118,0.77886,0.70359,0.77149,0.80537,0.76499,0.752,0.76991,0.76393,0.81764,0.80171,0.76285,0.77791,0.78912,0.84259,0.80472,0.86487,0.84496,0.74191,0.71937,0.63479,0.75241,0.79655,0.78028,1,0.97038,0.86675,0.8862,0.83664,0.7128,0.54572,0.49848,0.69348,0.64978,0.34264,0.33773,0.69591,0.69248,0.66892,0.71265,0.71107,0.68509,0.69514,0.68858,0.67303,0.64979,0.63059,0.56827,0.73317,0.71253,0.71241,0.71644,0.70885,0.72436,0.72109,0.71436,0.79533,0.78393,0.67595,0.67813,0.78879,0.7862,0.55657,0.58565,0.47628,0.45624,0.38914,0.30842,0.11809,0.21826,0.37266,0.37799,0.66333,0.67671,0.74383,0.70613,0.72404,0.7918,0.67259,0.68405,0.56206,0.57469,0.68566,0.70304,0.59435,0.66791,0.61631,0.71257,0.24691,0.13667,0.54892,0.2718,0.48286,0.38326,0.55464,0.52017,0.2751,0.17025,0.311,0.28998,0.46008,-0.059877,0.12598,0.22036,0.35762,0.33283,0.23043,0.099975,0.19135,0.18892
0.69498,0.68902,0.7122,0.7942,0.66693,0.66511,0.7336,0.75674,0.65958,0.74897,0.76696,0.7343,0.6963,0.732,0.68959,0.78181,0.78693,0.7553,0.76361,0.79292,0.8136,0.80141,0.81577,0.80854,0.67567,0.68595,0.57464,0.70412,0.76435,0.77451,0.97038,1,0.87634,0.91902,0.82931,0.74852,0.55951,0.54034,0.67828,0.64277,0.33602,0.36115,0.68908,0.68275,0.66079,0.70744,0.70855,0.68253,0.69259,0.67997,0.66531,0.63871,0.62415,0.56419,0.72007,0.70233,0.70372,0.70021,0.70136,0.70858,0.71024,0.69744,0.76886,0.76231,0.64114,0.6778,0.77072,0.77762,0.56297,0.59976,0.48231,0.47121,0.41142,0.33788,0.15562,0.27875,0.43691,0.44775,0.65494,0.68016,0.72721,0.69029,0.67928,0.77312,0.64364,0.66626,0.53156,0.53784,0.67994,0.69598,0.62398,0.67074,0.62599,0.70116,0.24286,0.15715,0.55255,0.28554,0.51025,0.41029,0.56861,0.5244,0.29685,0.19678,0.33548,0.3268,0.48103,-0.039939,0.13394,0.1909,0.37934,0.37082,0.26029,0.14217,0.2387,0.20746
0.80416,0.79911,0.8099,0.86829,0.79164,0.78433,0.79459,0.79004,0.72885,0.75255,0.72822,0.73722,0.683,0.71979,0.67735,0.77217,0.74101,0.75406,0.8706,0.90367,0.7557,0.76927,0.84388,0.83352,0.75334,0.75781,0.70113,0.74426,0.62017,0.65335,0.86675,0.87634,1,0.95875,0.88693,0.82279,0.63811,0.61083,0.70626,0.68581,0.26491,0.35536,0.76517,0.76181,0.76958,0.80805,0.77137,0.74904,0.8096,0.80778,0.77611,0.74465,0.74114,0.65842,0.77612,0.74655,0.82772,0.81874,0.81767,0.83044,0.76983,0.75283,0.77694,0.82523,0.6935,0.70935,0.88379,0.87176,0.74868,0.76409,0.34303,0.35846,0.33114,0.28314,0.053556,0.28194,0.38684,0.39266,0.54581,0.61107,0.68704,0.69257,0.5796,0.72612,0.6937,0.71836,0.59707,0.60087,0.81845,0.77567,0.6498,0.7097,0.66465,0.75749,0.16751,0.13878,0.55014,0.25083,0.54283,0.39126,0.53045,0.49627,0.24682,0.13026,0.29213,0.26298,0.49993,-0.14458,0.035172,0.11168,0.3924,0.42603,0.2557,0.15228,0.17431,0.089585
0.7272,0.75757,0.71031,0.80814,0.6864,0.68325,0.71542,0.73307,0.66463,0.71171,0.70561,0.70704,0.64001,0.68672,0.6397,0.74598,0.76586,0.76186,0.81734,0.87829,0.75236,0.73699,0.77767,0.76729,0.66082,0.65633,0.5766,0.65968,0.66914,0.7066,0.8862,0.91902,0.95875,1,0.83549,0.8238,0.63666,0.61417,0.71192,0.67978,0.32583,0.392,0.72295,0.72091,0.72085,0.75739,0.73845,0.71497,0.75566,0.74049,0.7089,0.67816,0.67211,0.57685,0.74804,0.72776,0.77785,0.76787,0.75796,0.76276,0.73366,0.70195,0.76238,0.80263,0.62192,0.65768,0.80823,0.80757,0.6794,0.71823,0.44782,0.45322,0.42329,0.37649,0.1682,0.36347,0.48788,0.5007,0.60399,0.65358,0.68554,0.68321,0.60917,0.7221,0.65062,0.68061,0.51504,0.52593,0.75473,0.73178,0.65522,0.69743,0.66824,0.73547,0.25556,0.20974,0.593,0.33269,0.55478,0.43789,0.58793,0.5413,0.32383,0.20915,0.33946,0.33662,0.53211,-0.045652,0.12256,0.15521,0.44657,0.43584,0.32014,0.18063,0.25715,0.18453
0.74901,0.70342,0.79109,0.84079,0.75697,0.75208,0.80806,0.7988,0.75018,0.79548,0.73349,0.74029,0.71044,0.72631,0.67314,0.73796,0.66959,0.6857,0.76641,0.77351,0.72168,0.695,0.84193,0.83875,0.77114,0.76342,0.66302,0.76,0.57645,0.5923,0.83664,0.82931,0.88693,0.83549,1,0.86738,0.60187,0.55141,0.65713,0.60561,0.24095,0.29827,0.75953,0.74066,0.74069,0.77861,0.76054,0.72158,0.77731,0.77587,0.77578,0.73551,0.71646,0.68579,0.73508,0.69762,0.73678,0.73518,0.81168,0.79033,0.80157,0.76049,0.76912,0.77086,0.78647,0.80204,0.87897,0.87129,0.59459,0.60633,0.38172,0.36701,0.346,0.267,0.0892,0.25101,0.39556,0.40749,0.49127,0.54828,0.63449,0.63775,0.55406,0.66012,0.67128,0.66314,0.50936,0.54722,0.76062,0.725,0.68119,0.73979,0.70112,0.79214,0.17276,0.13705,0.49346,0.19329,0.50597,0.38968,0.59284,0.55695,0.23941,0.16197,0.30877,0.2867,0.49777,-0.10418,0.090128,0.13729,0.34863,0.37087,0.26764,0.10613,0.17627,0.1518
0.61488,0.61919,0.60852,0.69598,0.61026,0.6296,0.61011,0.61205,0.61848,0.67017,0.54422,0.5587,0.49408,0.52795,0.48463,0.57346,0.57635,0.60026,0.64621,0.69593,0.63223,0.6111,0.66508,0.65657,0.56848,0.58188,0.46045,0.58844,0.42392,0.46466,0.7128,0.74852,0.82279,0.8238,0.86738,1,0.7187,0.71145,0.67728,0.61357,0.3495,0.42536,0.7181,0.69115,0.72147,0.73046,0.72629,0.69273,0.75153,0.72112,0.69794,0.68196,0.68169,0.637,0.69753,0.67671,0.67768,0.65783,0.75687,0.68296,0.71393,0.62859,0.58864,0.62862,0.62864,0.68385,0.75708,0.76626,0.54465,0.58247,0.45139,0.46066,0.43777,0.37213,0.27323,0.46093,0.62526,0.61379,0.40572,0.46768,0.48886,0.52093,0.43778,0.53127,0.54925,0.57657,0.36312,0.3994,0.71791,0.66672,0.81304,0.79502,0.82323,0.82406,0.23006,0.22848,0.54575,0.33902,0.59447,0.5353,0.69522,0.68385,0.38984,0.34493,0.4365,0.47094,0.61787,0.065795,0.09541,0.063343,0.50223,0.53549,0.5367,0.30717,0.3893,0.26242
0.45577,0.47505,0.44546,0.48862,0.44323,0.45166,0.44014,0.41404,0.46851,0.46921,0.39017,0.36228,0.34849,0.37372,0.4003,0.41671,0.48464,0.44043,0.49985,0.55073,0.58431,0.61463,0.4768,0.45634,0.4118,0.41527,0.37601,0.42656,0.42043,0.41389,0.54572,0.55951,0.63811,0.63666,0.60187,0.7187,1,0.87201,0.80538,0.76261,0.60514,0.62064,0.56809,0.54295,0.58511,0.5784,0.61709,0.58364,0.6067,0.57233,0.59018,0.5318,0.62473,0.54302,0.66772,0.65235,0.52227,0.47,0.53462,0.47557,0.5166,0.43875,0.46475,0.44233,0.46588,0.42709,0.56294,0.54333,0.43379,0.47136,0.53447,0.56456,0.51012,0.42704,0.45535,0.54725,0.57388,0.54965,0.38311,0.37358,0.41303,0.41096,0.43518,0.48498,0.48233,0.49767,0.41135,0.39995,0.57915,0.58092,0.70125,0.71595,0.63507,0.66606,0.41455,0.47482,0.63193,0.52524,0.62951,0.55035,0.60092,0.62688,0.53015,0.46183,0.56428,0.5671,0.63477,0.26351,0.26251,0.28509,0.57426,0.56207,0.51937,0.52074,0.52159,0.39317
0.46629,0.49242,0.45532,0.4989,0.44462,0.50252,0.40017,0.40183,0.37605,0.40195,0.36757,0.33391,0.27515,0.35082,0.29727,0.37539,0.43477,0.45405,0.51453,0.56269,0.46638,0.61759,0.4528,0.44466,0.37351,0.43409,0.38494,0.41473,0.35469,0.43126,0.49848,0.54034,0.61083,0.61417,0.55141,0.71145,0.87201,1,0.7067,0.80937,0.53123,0.69676,0.54137,0.53668,0.57149,0.58292,0.58958,0.58608,0.58042,0.56449,0.53501,0.50289,0.61147,0.54425,0.61863,0.62271,0.54295,0.48201,0.49329,0.45933,0.43256,0.40434,0.36344,0.39611,0.38388,0.39437,0.54906,0.5494,0.52387,0.55681,0.42794,0.48813,0.48723,0.45744,0.42488,0.60985,0.53462,0.50757,0.2995,0.34734,0.37507,0.39575,0.3143,0.49108,0.43943,0.49044,0.41255,0.41731,0.5868,0.59221,0.67351,0.65814,0.57922,0.6024,0.3769,0.48878,0.55989,0.47313,0.60401,0.48388,0.4926,0.53574,0.46792,0.38991,0.53359,0.51269,0.54666,0.1817,0.27499,0.2026,0.51201,0.6025,0.4829,0.57172,0.51008,0.30921
0.47309,0.51347,0.51582,0.58815,0.52148,0.5009,0.55311,0.52928,0.57324,0.6052,0.51171,0.47441,0.50188,0.50092,0.53374,0.57641,0.62635,0.53556,0.53417,0.59799,0.74444,0.69321,0.59232,0.56297,0.51876,0.47076,0.43497,0.52039,0.57121,0.52085,0.69348,0.67828,0.70626,0.71192,0.65713,0.67728,0.80538,0.7067,1,0.87295,0.57063,0.51326,0.62927,0.6322,0.65701,0.656,0.65862,0.64171,0.66327,0.60855,0.59271,0.58359,0.5722,0.51795,0.75472,0.76255,0.56742,0.54873,0.58803,0.54344,0.59932,0.51625,0.57871,0.54385,0.53139,0.49507,0.65766,0.63854,0.44457,0.49962,0.4413,0.41152,0.43993,0.33443,0.32459,0.3593,0.44073,0.40884,0.51223,0.46191,0.53808,0.4977,0.59426,0.59538,0.53615,0.54554,0.52383,0.48175,0.60684,0.60831,0.64049,0.70247,0.6612,0.69652,0.52706,0.43407,0.74772,0.56463,0.5907,0.53061,0.61035,0.62193,0.41004,0.38466,0.55764,0.50086,0.60148,0.19693,0.29661,0.33432,0.57934,0.43963,0.4186,0.34261,0.44896,0.41618
0.5411,0.5855,0.57943,0.62986,0.57925,0.5817,0.57309,0.57609,0.51757,0.55731,0.55387,0.51614,0.50149,0.54255,0.51503,0.59827,0.60602,0.59038,0.59656,0.64568,0.65764,0.74273,0.61175,0.60203,0.56357,0.55943,0.53991,0.55784,0.57163,0.60277,0.64978,0.64277,0.68581,0.67978,0.60561,0.61357,0.76261,0.80937,0.87295,1,0.52878,0.62442,0.64942,0.67476,0.65952,0.67842,0.69346,0.70245,0.65608,0.64682,0.59607,0.60966,0.59049,0.5707,0.76673,0.79966,0.61134,0.59784,0.53633,0.56436,0.49759,0.50476,0.5276,0.55082,0.45179,0.44739,0.66644,0.67551,0.57041,0.61333,0.39219,0.39094,0.42742,0.38399,0.24878,0.37392,0.3403,0.32616,0.46749,0.4812,0.54939,0.52631,0.52628,0.66723,0.52125,0.57041,0.59086,0.6006,0.59667,0.63681,0.54755,0.61721,0.49546,0.57508,0.46829,0.46382,0.69598,0.52065,0.57327,0.42398,0.42761,0.43224,0.29516,0.22379,0.44944,0.36111,0.46564,0.032739,0.32258,0.34212,0.49337,0.46526,0.25607,0.32571,0.33668,0.268
0.14137,0.19136,0.11627,0.16941,0.12456,0.087119,0.1441,0.15405,0.23664,0.25083,0.23527,0.16687,0.20536,0.20902,0.30382,0.26364,0.36656,0.27143,0.17083,0.2208,0.47403,0.39429,0.21942,0.18301,0.15332,0.059342,0.089952,0.20658,0.45549,0.39793,0.34264,0.33602,0.26491,0.32583,0.24095,0.3495,0.60514,0.53123,0.57063,0.52878,1,0.70682,0.1965,0.17879,0.22127,0.20398,0.22542,0.20828,0.2154,0.16889,0.19294,0.15132,0.21772,0.113,0.34469,0.34401,0.2023,0.15501,0.14816,0.10408,0.2282,0.16981,0.29289,0.20251,0.2395,0.15251,0.17117,0.16288,0.093628,0.14259,0.58051,0.556,0.68998,0.61414,0.61754,0.50819,0.50711,0.50068,0.33832,0.26513,0.31433,0.28151,0.46299,0.35176,0.31523,0.29202,0.24752,0.30008,0.22255,0.29369,0.35017,0.35785,0.31331,0.31916,0.49416,0.46082,0.45717,0.50656,0.33739,0.36923,0.35187,0.41115,0.40123,0.38775,0.41879,0.45751,0.38144,0.36803,0.34486,0.33623,0.4218,0.29762,0.38479,0.35827,0.44949,0.39446
0.33987,0.38162,0.28983,0.29566,0.21748,0.28507,0.20886,0.23729,0.16504,0.19208,0.26037,0.22712,0.16818,0.22614,0.23639,0.28734,0.3191,0.33573,0.35758,0.38536,0.36641,0.53143,0.26382,0.27188,0.21889,0.25022,0.23261,0.23783,0.37237,0.42908,0.33773,0.36115,0.35536,0.392,0.29827,0.42536,0.62064,0.69676,0.51326,0.62442,0.70682,1,0.32587,0.33158,0.36136,0.37056,0.36664,0.39618,0.34478,0.31921,0.28615,0.22807,0.34818,0.26247,0.4049,0.42718,0.39645,0.3276,0.20784,0.22977,0.20614,0.22932,0.25726,0.26919,0.21064,0.14748,0.2829,0.29399,0.39654,0.4066,0.5676,0.59391,0.73513,0.75155,0.54024,0.69102,0.51088,0.51756,0.22584,0.28016,0.29788,0.27974,0.34313,0.43856,0.3306,0.36784,0.38409,0.35942,0.35731,0.41739,0.3951,0.40319,0.29467,0.32171,0.37278,0.51929,0.49507,0.50343,0.48737,0.39134,0.25488,0.30819,0.39479,0.32278,0.42061,0.43648,0.38989,0.20289,0.34791,0.3407,0.49512,0.52942,0.35148,0.50538,0.42771,0.25331
0.77341,0.79596,0.77704,0.79999,0.73552,0.731,0.74536,0.74169,0.6437,0.68646,0.68682,0.70319,0.65124,0.68858,0.59774,0.7147,0.67406,0.72865,0.74704,0.7621,0.6939,0.68522,0.75641,0.76769,0.71018,0.71326,0.65561,0.65317,0.50619,0.55404,0.69591,0.68908,0.76517,0.72295,0.75953,0.7181,0.56809,0.54137,0.62927,0.64942,0.1965,0.32587,1,0.97654,0.94395,0.9108,0.96796,0.96426,0.91767,0.86484,0.80341,0.7728,0.77831,0.79917,0.84078,0.86266,0.8321,0.82373,0.69519,0.74638,0.59613,0.58947,0.67136,0.73976,0.53145,0.50153,0.85926,0.85499,0.70948,0.72838,0.35352,0.36939,0.25107,0.23734,0.0074986,0.23309,0.32089,0.33032,0.49312,0.60195,0.63811,0.63321,0.51235,0.645,0.57966,0.64231,0.59622,0.57353,0.68087,0.68862,0.65437,0.72018,0.58858,0.68326,0.099964,0.11734,0.61288,0.27294,0.67143,0.48343,0.47762,0.45429,0.23696,0.11418,0.32538,0.23697,0.44098,-0.15867,0.037458,0.12953,0.37607,0.47295,0.20336,0.1692,0.1687,0.048123
