1,0.82038,0.55651,0.53429,0.47708,0.4983,0.57763,0.65689,0.56485,0.46585,0.41641,0.65424,0.36821,0.49338,0.39527,0.40925,0.63879,0.66112,0.80718,0.77925,0.37965,0.10507,0.3806,0.27123,0.22355,0.33874,0.24293,0.30417,0.52898,0.40035,0.54311,0.4962,0.84463,0.82214,0.62205,0.626,0.23438,0.34983,0.23185,0.2513,0.19637,0.30562,0.59898,0.58607,0.54055,0.53714,0.58054,0.59326,0.59293,0.58109,0.61371,0.5956,0.54023,0.4789,0.46468,0.47278,0.85897,0.76649,0.70982,0.68316,0.67981,0.39364,0.67842,0.58814,0.45873,0.48455,0.68906,0.63085,0.75537,0.67671,0.25844,0.27006,0.3995,0.31251,0.47446,0.29305,0.49093,0.44982,0.60239,0.65747,0.41099,0.56166,0.31716,0.25604,0.41828,0.47213,0.45989,0.18681,0.61212,0.48914,0.3452,0.37375,0.20198,0.28732,0.25483,0.24829,0.40074,0.41066,0.37599,0.49275,0.46295,0.3554,0.47595,0.42887,0.42255,0.41465,0.29945,0.36339,0.061907,0.33594,0.45015,0.54674,0.41649,0.42585,0.30502,0.084342
0.82038,1,0.52947,0.52657,0.4352,0.48003,0.45819,0.5576,0.41051,0.3992,0.18613,0.6101,0.26055,0.51004,0.41011,0.45786,0.6642,0.75424,0.776,0.88038,0.44859,0.13632,0.47139,0.42557,0.3222,0.44008,0.29795,0.37274,0.53435,0.4257,0.62321,0.56867,0.83198,0.83156,0.63044,0.62328,0.28942,0.38098,0.29656,0.32836,0.2837,0.36097,0.63344,0.65394,0.6252,0.63801,0.64092,0.66986,0.61748,0.6296,0.50991,0.49821,0.51074,0.46668,0.54978,0.5689,0.88528,0.93035,0.51343,0.48203,0.44723,0.15998,0.68359,0.60516,0.44596,0.33094,0.73351,0.66404,0.83509,0.78372,0.23628,0.21858,0.40338,0.39958,0.51013,0.40264,0.50063,0.46678,0.58666,0.68004,0.38825,0.58047,0.38458,0.25552,0.29679,0.47169,0.51699,0.29762,0.54504,0.47845,0.34777,0.43115,0.23757,0.30673,0.37297,0.37208,0.605,0.51638,0.48278,0.55059,0.43427,0.33287,0.50342,0.4431,0.4451,0.45285,0.32901,0.32517,0.14996,0.43657,0.59333,0.61906,0.4492,0.47694,0.35194,0.056321
0.55651,0.52947,1,0.84587,0.84378,0.72036,0.88176,0.79039,0.77925,0.73008,0.44131,0.54316,0.62585,0.63402,0.75588,0.65615,0.51726,0.47028,0.67068,0.55987,0.67551,0.33269,0.83702,0.66269,0.71322,0.69418,0.66966,0.64436,0.50978,0.44762,0.76672,0.69165,0.71961,0.65858,0.75203,0.74544,0.35835,0.50216,0.54305,0.52043,0.26894,0.36357,0.6501,0.6351,0.66369,0.67576,0.60724,0.64527,0.5541,0.61788,0.4561,0.48828,0.33534,0.33718,0.54804,0.57506,0.52865,0.50227,0.5359,0.52648,0.53681,0.41463,0.58669,0.45292,0.63839,0.57523,0.7256,0.67708,0.52245,0.51187,0.46253,0.49771,0.46201,0.41995,0.48714,0.53064,0.45578,0.42621,0.58621,0.57498,0.5324,0.54903,0.69074,0.61891,0.54883,0.52594,0.54455,0.58612,0.63741,0.67275,0.6283,0.68256,0.56741,0.71476,0.4535,0.48303,0.56149,0.54638,0.539,0.65402,0.57893,0.6262,0.63284,0.66572,0.56063,0.55758,0.49636,0.36214,0.18506,0.47588,0.58863,0.61745,0.59974,0.65353,0.58632,0.31225
0.53429,0.52657,0.84587,1,0.78635,0.72218,0.76565,0.83455,0.71482,0.74811,0.37237,0.53667,0.48958,0.6541,0.65581,0.7334,0.4804,0.433,0.68321,0.60002,0.51997,0.28723,0.79447,0.77233,0.61276,0.70972,0.66948,0.63714,0.45337,0.44175,0.72429,0.68647,0.66482,0.64573,0.73406,0.76905,0.42514,0.53066,0.52076,0.48259,0.31648,0.41445,0.59086,0.56981,0.59442,0.5925,0.53005,0.57998,0.48102,0.50496,0.3786,0.42675,0.29357,0.30279,0.43238,0.47303,0.54581,0.5151,0.44641,0.51171,0.46684,0.49283,0.53219,0.52979,0.58518,0.59404,0.70638,0.69278,0.52224,0.51685,0.39205,0.43644,0.44694,0.42489,0.47965,0.51805,0.3705,0.362,0.54986,0.47524,0.50909,0.53182,0.57189,0.56425,0.46643,0.53442,0.48984,0.5183,0.56018,0.58576,0.65893,0.60549,0.58945,0.63057,0.40663,0.49413,0.51577,0.54443,0.48931,0.60626,0.64126,0.56546,0.60763,0.56012,0.5023,0.48747,0.48094,0.39045,0.13447,0.44514,0.58376,0.61079,0.5595,0.51362,0.4188,0.19793
0.47708,0.4352,0.84378,0.78635,1,0.76878,0.81355,0.79629,0.83361,0.79393,0.41558,0.48171,0.51781,0.55294,0.64911,0.61244,0.34572,0.33215,0.53533,0.46406,0.59429,0.27734,0.64405,0.53467,0.55589,0.53823,0.73072,0.59465,0.40012,0.37083,0.6145,0.55262,0.61435,0.58436,0.6293,0.68302,0.25272,0.42568,0.44172,0.41591,0.1502,0.30916,0.54604,0.52406,0.54767,0.57482,0.50569,0.52905,0.50067,0.55231,0.5086,0.54423,0.33918,0.358,0.43244,0.45348,0.43319,0.41379,0.58577,0.58988,0.58016,0.50472,0.4533,0.46077,0.45928,0.61635,0.62993,0.61309,0.41877,0.4375,0.3837,0.43705,0.34507,0.34676,0.36539,0.4479,0.37639,0.34567,0.38871,0.42516,0.35174,0.40046,0.52293,0.5055,0.46798,0.44562,0.46157,0.4799,0.56232,0.6199,0.54114,0.56164,0.47495,0.57119,0.32537,0.34965,0.44036,0.41329,0.41162,0.52052,0.51887,0.52182,0.51916,0.47452,0.39622,0.3961,0.39967,0.29901,0.067939,0.40956,0.46743,0.51875,0.51226,0.497,0.42626,0.18763
0.4983,0.48003,0.72036,0.72218,0.76878,1,0.61917,0.64785,0.67901,0.77834,0.21534,0.45864,0.36289,0.51123,0.5717,0.58183,0.36746,0.35265,0.54171,0.49931,0.5142,0.25968,0.68904,0.63771,0.59336,0.5881,0.72234,0.72813,0.26996,0.24688,0.57837,0.49204,0.59848,0.5193,0.68045,0.69315,0.31405,0.46474,0.37379,0.3994,0.14537,0.25678,0.59763,0.56629,0.58598,0.60879,0.54799,0.57884,0.55809,0.60326,0.53243,0.56665,0.41498,0.46953,0.4609,0.50174,0.51361,0.45827,0.5529,0.54428,0.49097,0.38108,0.4032,0.41446,0.50983,0.57312,0.69415,0.67119,0.47457,0.48376,0.29124,0.30885,0.28868,0.28623,0.33594,0.38062,0.23862,0.19896,0.39396,0.34709,0.36015,0.3685,0.44182,0.40915,0.45615,0.50173,0.48792,0.50264,0.56345,0.66927,0.58558,0.61608,0.52294,0.60422,0.25485,0.35876,0.43246,0.4295,0.44232,0.58177,0.5295,0.52129,0.55911,0.52198,0.3556,0.35356,0.42116,0.3193,0.036326,0.34116,0.46218,0.51958,0.50432,0.47042,0.37401,-0.023847
0.57763,0.45819,0.88176,0.76565,0.81355,0.61917,1,0.88046,0.83785,0.74505,0.59103,0.60939,0.72945,0.65839,0.67099,0.55797,0.46495,0.4432,0.64441,0.47275,0.50978,0.23237,0.64011,0.45044,0.5175,0.47715,0.48958,0.44373,0.51398,0.44565,0.60859,0.55716,0.68532,0.64664,0.67014,0.69219,0.30155,0.40798,0.45954,0.42016,0.24664,0.3239,0.57574,0.55449,0.53365,0.55247,0.54631,0.55428,0.47051,0.53229,0.51163,0.51256,0.41671,0.36748,0.47717,0.45934,0.469,0.40473,0.62703,0.63605,0.71863,0.59077,0.60825,0.49381,0.57971,0.68023,0.63446,0.62273,0.42534,0.44837,0.46031,0.4812,0.45931,0.37693,0.44509,0.47333,0.37697,0.34865,0.53426,0.54446,0.57686,0.56228,0.6096,0.55647,0.69323,0.54926,0.50982,0.49446,0.72717,0.66069,0.63445,0.67003,0.56176,0.69774,0.37324,0.36777,0.40758,0.43207,0.45925,0.57877,0.6161,0.66521,0.59749,0.59202,0.54435,0.50284,0.44857,0.35189,0.12456,0.34624,0.44201,0.5161,0.57446,0.53816,0.4974,0.35181
0.65689,0.5576,0.79039,0.83455,0.79629,0.64785,0.88046,1,0.79707,0.77687,0.52359,0.71628,0.59095,0.75839,0.60847,0.65738,0.51422,0.4776,0.69126,0.58211,0.46056,0.20697,0.58108,0.49677,0.41156,0.49894,0.48383,0.44424,0.5309,0.47766,0.63803,0.59854,0.75106,0.74904,0.70075,0.75716,0.3651,0.45721,0.45832,0.40791,0.27512,0.39649,0.57299,0.56362,0.53014,0.55505,0.54662,0.5562,0.48901,0.50971,0.54642,0.52575,0.4885,0.40835,0.47746,0.45423,0.57316,0.52883,0.67572,0.72188,0.73166,0.64112,0.66779,0.69729,0.57644,0.73858,0.70645,0.72074,0.5414,0.53847,0.3912,0.42226,0.44026,0.37561,0.4173,0.42302,0.40265,0.38028,0.55357,0.5139,0.54364,0.60022,0.51729,0.51008,0.6137,0.6002,0.50041,0.3896,0.71875,0.62182,0.59708,0.54989,0.48702,0.5608,0.34264,0.37545,0.42278,0.44222,0.44307,0.5318,0.64425,0.59593,0.59096,0.50646,0.53907,0.46383,0.43155,0.38544,0.056833,0.36189,0.45905,0.53581,0.54197,0.44605,0.3819,0.26586
0.56485,0.41051,0.77925,0.71482,0.83361,0.67901,0.83785,0.79707,1,0.78918,0.56288,0.52031,0.57474,0.52286,0.63247,0.53158,0.37418,0.33511,0.50801,0.38432,0.47643,0.23968,0.52264,0.37422,0.44653,0.4456,0.51423,0.44713,0.42664,0.34667,0.5392,0.4703,0.60235,0.55913,0.55301,0.61545,0.23455,0.37267,0.38294,0.33286,0.1803,0.24582,0.52066,0.4768,0.45189,0.4558,0.47706,0.46588,0.46622,0.49197,0.56604,0.57391,0.38058,0.38454,0.38344,0.37658,0.48954,0.4123,0.65604,0.688,0.71042,0.64473,0.43432,0.44468,0.37345,0.62852,0.52808,0.51739,0.40871,0.41484,0.38346,0.41513,0.34136,0.28359,0.35536,0.3963,0.30772,0.25872,0.40411,0.40471,0.31174,0.32811,0.50472,0.41138,0.49657,0.39566,0.42479,0.32903,0.60497,0.59224,0.55242,0.54165,0.47358,0.54405,0.27721,0.30672,0.2965,0.33354,0.3808,0.4832,0.54153,0.55201,0.54383,0.49133,0.42194,0.37722,0.41195,0.38335,0.052696,0.28314,0.36098,0.44883,0.51279,0.46902,0.37571,0.24293
0.46585,0.3992,0.73008,0.74811,0.79393,0.77834,0.74505,0.77687,0.78918,1,0.37085,0.55258,0.4517,0.59682,0.56762,0.64988,0.37024,0.30921,0.51152,0.43137,0.46076,0.26928,0.57564,0.50165,0.46178,0.50958,0.58404,0.55577,0.34363,0.33378,0.53422,0.48919,0.56415,0.52704,0.5511,0.60606,0.29815,0.40406,0.40225,0.40293,0.17714,0.33485,0.52312,0.49127,0.47018,0.47178,0.48892,0.49849,0.45842,0.48345,0.52217,0.51599,0.39472,0.42251,0.43544,0.45891,0.43364,0.40193,0.56361,0.60119,0.58126,0.58207,0.47411,0.50851,0.45964,0.62153,0.56335,0.55803,0.44562,0.44577,0.36911,0.35064,0.37683,0.32825,0.38414,0.33998,0.26535,0.24186,0.43261,0.3841,0.4336,0.44016,0.49423,0.45786,0.52824,0.52015,0.52198,0.41092,0.63197,0.6279,0.57554,0.57273,0.51256,0.57671,0.38853,0.40344,0.40312,0.44051,0.44648,0.54103,0.56828,0.56194,0.58053,0.49895,0.44906,0.40434,0.38899,0.37699,0.11405,0.35392,0.42685,0.46927,0.53075,0.48406,0.40167,0.20367
0.41641,0.18613,0.44131,0.37237,0.41558,0.21534,0.59103,0.52359,0.56288,0.37085,1,0.5987,0.66396,0.44257,0.46172,0.30252,0.46515,0.43631,0.31785,0.16879,0.31613,0.13131,0.20696,0.055232,0.23667,0.19736,0.14839,0.12,0.57763,0.51909,0.38809,0.35216,0.33929,0.36183,0.15639,0.19531,0.12058,0.22781,0.15762,0.15071,0.2151,0.11941,0.12286,0.10221,0.06721,0.072213,0.1223,0.1269,0.099277,0.13997,0.2546,0.27862,0.16491,0.11642,0.10978,0.12159,0.24546,0.12637,0.34548,0.36016,0.44861,0.39773,0.40689,0.32804,0.17162,0.25118,0.12896,0.1214,0.14391,0.11982,0.38482,0.39382,0.3735,0.30743,0.20597,0.19767,0.23168,0.23789,0.37363,0.41772,0.27159,0.28204,0.38616,0.35725,0.3205,0.17154,0.15072,0.11106,0.34426,0.31671,0.27834,0.23146,0.23458,0.29507,0.11765,0.10345,0.04265,0.1313,0.16719,0.24643,0.23279,0.30927,0.18344,0.20475,0.19783,0.16297,0.14479,0.13635,0.082522,0.14478,0.085887,0.21204,0.25317,0.23661,0.2106,0.26162
0.65424,0.6101,0.54316,0.53667,0.48171,0.45864,0.60939,0.71628,0.52031,0.55258,0.5987,1,0.59965,0.81304,0.57188,0.61116,0.69606,0.65253,0.62866,0.57903,0.44051,0.23238,0.45555,0.39751,0.36393,0.43693,0.2974,0.37855,0.65635,0.60632,0.53985,0.50604,0.65139,0.6497,0.50679,0.56162,0.40583,0.47085,0.36101,0.40749,0.409,0.42765,0.46338,0.46714,0.36212,0.41261,0.46244,0.47459,0.3833,0.43515,0.50526,0.48356,0.51712,0.45278,0.46235,0.46456,0.58053,0.55412,0.54571,0.54094,0.55629,0.40466,0.72697,0.71492,0.57225,0.5247,0.57673,0.58263,0.53816,0.52775,0.36417,0.35672,0.49723,0.45869,0.4418,0.35644,0.30532,0.31642,0.63041,0.58666,0.58384,0.67142,0.53491,0.48997,0.54862,0.63925,0.51013,0.35292,0.64414,0.59129,0.43339,0.42124,0.35019,0.42377,0.34417,0.37881,0.35789,0.37695,0.37276,0.46935,0.45134,0.47963,0.43963,0.40929,0.48025,0.40855,0.30534,0.32144,0.16657,0.39967,0.36159,0.43205,0.44798,0.35471,0.33109,0.24549
0.36821,0.26055,0.62585,0.48958,0.51781,0.36289,0.72945,0.59095,0.57474,0.4517,0.66396,0.59965,1,0.69602,0.75488,0.54289,0.41002,0.37405,0.50285,0.28131,0.4376,0.25688,0.53108,0.33979,0.54067,0.43893,0.35893,0.41474,0.58728,0.4893,0.51551,0.48549,0.42699,0.37937,0.42977,0.4148,0.36854,0.47112,0.44472,0.41845,0.37542,0.35014,0.34659,0.35195,0.28729,0.31182,0.33643,0.31521,0.22628,0.332,0.322,0.38571,0.29075,0.25898,0.33456,0.31509,0.24122,0.19223,0.37149,0.36223,0.44257,0.33071,0.44475,0.2454,0.46248,0.40649,0.3508,0.35422,0.1682,0.2155,0.44874,0.50234,0.45138,0.38002,0.39301,0.47762,0.17596,0.21613,0.52442,0.45528,0.62719,0.52412,0.66798,0.57123,0.67193,0.48422,0.497,0.54763,0.58669,0.56261,0.48496,0.55038,0.48029,0.62577,0.27281,0.31344,0.2127,0.25824,0.31579,0.43155,0.4472,0.60982,0.39375,0.50968,0.4063,0.41908,0.35818,0.30647,0.1627,0.26335,0.20389,0.32026,0.46621,0.38715,0.3714,0.33076
0.49338,0.51004,0.63402,0.6541,0.55294,0.51123,0.65839,0.75839,0.52286,0.59682,0.44257,0.81304,0.69602,1,0.67382,0.76699,0.57207,0.48773,0.61441,0.51146,0.41893,0.26484,0.61077,0.57964,0.4777,0.5494,0.43057,0.53471,0.5404,0.49617,0.55752,0.54543,0.57806,0.54771,0.56667,0.60645,0.48763,0.53531,0.47652,0.47963,0.42644,0.44608,0.46292,0.49458,0.38936,0.44915,0.46505,0.47694,0.34399,0.4088,0.40924,0.39889,0.45063,0.3655,0.47324,0.47952,0.48062,0.4836,0.45594,0.4744,0.48496,0.41865,0.65845,0.66099,0.67324,0.60761,0.59473,0.62405,0.41761,0.4314,0.34103,0.37563,0.44688,0.39671,0.40588,0.42855,0.22756,0.23933,0.58537,0.50628,0.70182,0.71328,0.63219,0.59669,0.66028,0.72993,0.56322,0.53386,0.64627,0.63107,0.50556,0.52801,0.46487,0.55011,0.35877,0.42389,0.40274,0.41863,0.42117,0.51451,0.54907,0.58103,0.51155,0.53123,0.534,0.4995,0.40189,0.31938,0.12923,0.37125,0.39295,0.47257,0.50736,0.36778,0.35223,0.2902
0.39527,0.41011,0.75588,0.65581,0.64911,0.5717,0.67099,0.60847,0.63247,0.56762,0.46172,0.57188,0.75488,0.67382,1,0.79322,0.54138,0.46247,0.54382,0.4432,0.68544,0.46304,0.77145,0.64556,0.79366,0.72349,0.56791,0.64534,0.70601,0.60923,0.7542,0.69257,0.55557,0.48209,0.59321,0.56808,0.43749,0.55869,0.56582,0.55073,0.45105,0.49062,0.50416,0.51255,0.46543,0.48147,0.46571,0.48466,0.3852,0.43853,0.33506,0.36917,0.29366,0.29732,0.48009,0.48147,0.42096,0.36517,0.3407,0.31699,0.31963,0.2278,0.4943,0.31198,0.5449,0.39113,0.55384,0.51758,0.38128,0.38803,0.45279,0.47441,0.47605,0.46541,0.45099,0.568,0.33594,0.33335,0.61596,0.56073,0.53003,0.48775,0.83676,0.65173,0.477,0.43126,0.5182,0.62289,0.55752,0.57633,0.4696,0.59138,0.48704,0.645,0.39981,0.47487,0.3816,0.39969,0.36859,0.48766,0.43712,0.55602,0.49228,0.52463,0.47211,0.48848,0.4531,0.3515,0.19705,0.45949,0.4173,0.43368,0.49627,0.56576,0.52521,0.35281
0.40925,0.45786,0.65615,0.7334,0.61244,0.58183,0.55797,0.65738,0.53158,0.64988,0.30252,0.61116,0.54289,0.76699,0.79322,1,0.52948,0.4386,0.54084,0.50034,0.61847,0.51188,0.7443,0.76062,0.65851,0.75402,0.61863,0.69765,0.57219,0.59112,0.70239,0.71315,0.55814,0.52702,0.59696,0.61418,0.5357,0.59776,0.6136,0.61703,0.50271,0.55421,0.52743,0.54027,0.49642,0.50764,0.50419,0.52967,0.42474,0.44247,0.34756,0.37806,0.34376,0.34685,0.53922,0.57608,0.49663,0.47228,0.33956,0.34239,0.3118,0.29873,0.56523,0.53613,0.6039,0.4986,0.61279,0.60772,0.45909,0.47436,0.36828,0.376,0.50534,0.49801,0.46645,0.49871,0.2882,0.30253,0.53968,0.45524,0.5367,0.57558,0.68505,0.65231,0.46319,0.57858,0.50326,0.5178,0.5725,0.54994,0.49828,0.52123,0.43952,0.53519,0.43691,0.53323,0.50046,0.53472,0.4415,0.53473,0.4736,0.52382,0.48856,0.49749,0.49103,0.52713,0.43112,0.39444,0.17294,0.51316,0.51629,0.50767,0.46748,0.4851,0.46062,0.33275
0.63879,0.6642,0.51726,0.4804,0.34572,0.36746,0.46495,0.51422,0.37418,0.37024,0.46515,0.69606,0.41002,0.57207,0.54138,0.52948,1,0.84583,0.57559,0.59352,0.57546,0.31682,0.45651,0.37919,0.48052,0.52966,0.25132,0.38463,0.77421,0.72818,0.66867,0.60986,0.68869,0.66919,0.51658,0.49531,0.40593,0.50677,0.35276,0.47266,0.50891,0.39538,0.52617,0.5544,0.5051,0.50072,0.57009,0.61252,0.47215,0.5089,0.33125,0.35152,0.34348,0.30469,0.55788,0.59616,0.73102,0.63579,0.375,0.3614,0.31293,0.1313,0.71949,0.52309,0.50924,0.25515,0.60363,0.5355,0.62574,0.55645,0.39738,0.41766,0.59926,0.53438,0.52228,0.42943,0.45903,0.42914,0.84823,0.7783,0.59883,0.6807,0.57178,0.53416,0.3342,0.46199,0.38472,0.33662,0.46225,0.45742,0.36588,0.43536,0.28113,0.35233,0.41165,0.40544,0.56439,0.54114,0.52554,0.58077,0.35919,0.34408,0.41532,0.44645,0.4782,0.49139,0.28592,0.27389,0.26717,0.52062,0.56028,0.63021,0.49285,0.51259,0.46693,0.24698
0.66112,0.75424,0.47028,0.433,0.33215,0.35265,0.4432,0.4776,0.33511,0.30921,0.43631,0.65253,0.37405,0.48773,0.46247,0.4386,0.84583,1,0.59531,0.66386,0.53982,0.26113,0.40134,0.32836,0.41896,0.47512,0.24418,0.34102,0.75642,0.72135,0.65981,0.63242,0.69421,0.72186,0.46226,0.46172,0.31065,0.41714,0.32058,0.39978,0.42991,0.37527,0.54525,0.58564,0.54805,0.54777,0.57584,0.62254,0.52158,0.54275,0.33248,0.34663,0.33895,0.28467,0.54228,0.58153,0.75754,0.69692,0.35756,0.31865,0.27999,0.026619,0.73444,0.53815,0.40146,0.13891,0.57287,0.50565,0.62735,0.58002,0.32886,0.33575,0.52553,0.50394,0.50347,0.41803,0.49689,0.48137,0.68287,0.81881,0.44554,0.60446,0.47998,0.39371,0.23682,0.3764,0.39164,0.26863,0.42057,0.39244,0.27147,0.37059,0.15796,0.2647,0.40583,0.3787,0.57464,0.51658,0.4668,0.54149,0.27606,0.25309,0.36162,0.35995,0.38975,0.41125,0.22118,0.2163,0.2932,0.49752,0.54556,0.58388,0.38402,0.48733,0.41757,0.22601
0.80718,0.776,0.67068,0.68321,0.53533,0.54171,0.64441,0.69126,0.50801,0.51152,0.31785,0.62866,0.50285,0.61441,0.54382,0.54084,0.57559,0.59531,1,0.89246,0.38125,0.059931,0.61167,0.50336,0.35029,0.4463,0.34646,0.39095,0.50755,0.37527,0.64369,0.57322,0.8401,0.80503,0.7351,0.72779,0.30284,0.42556,0.30891,0.31574,0.23608,0.3475,0.6129,0.61665,0.57542,0.58177,0.55817,0.58417,0.51384,0.52738,0.4543,0.46945,0.44509,0.40718,0.41549,0.42699,0.75666,0.70421,0.55599,0.54846,0.54933,0.3906,0.66641,0.52897,0.5599,0.52579,0.74138,0.68472,0.71604,0.68104,0.32337,0.34987,0.43211,0.36085,0.54825,0.43682,0.4706,0.46397,0.66756,0.63808,0.58813,0.64739,0.40854,0.36572,0.52315,0.51683,0.51867,0.39691,0.62373,0.51748,0.48832,0.51548,0.37271,0.48595,0.30525,0.33282,0.4046,0.43177,0.40652,0.52855,0.56015,0.49574,0.54698,0.51752,0.4723,0.45284,0.36435,0.35352,0.065687,0.35266,0.48137,0.5527,0.47074,0.43274,0.32498,0.084984
0.77925,0.88038,0.55987,0.60002,0.46406,0.49931,0.47275,0.58211,0.38432,0.43137,0.16879,0.57903,0.28131,0.51146,0.4432,0.50034,0.59352,0.66386,0.89246,1,0.41512,0.068307,0.5412,0.48972,0.33929,0.46322,0.34806,0.39071,0.51563,0.4128,0.64544,0.60108,0.85216,0.86513,0.67541,0.6791,0.27344,0.37228,0.31436,0.32413,0.22813,0.35544,0.63546,0.64739,0.62748,0.62773,0.60051,0.63615,0.57736,0.56172,0.41468,0.42116,0.45055,0.40208,0.49078,0.51324,0.81543,0.80119,0.48413,0.44897,0.38772,0.16101,0.66487,0.54196,0.44171,0.345,0.74092,0.66976,0.83727,0.78417,0.27506,0.28657,0.43286,0.43175,0.53169,0.44158,0.52344,0.50614,0.59141,0.65052,0.41938,0.56449,0.34571,0.27459,0.30134,0.41376,0.51368,0.323,0.53397,0.43969,0.36807,0.42985,0.25286,0.34493,0.35484,0.32321,0.52759,0.49465,0.41589,0.5082,0.45523,0.34737,0.50009,0.45389,0.46014,0.45549,0.32055,0.30824,0.054127,0.42224,0.57797,0.57014,0.41592,0.46937,0.37492,0.067068
0.37965,0.44859,0.67551,0.51997,0.59429,0.5142,0.50978,0.46056,0.47643,0.46076,0.31613,0.44051,0.4376,0.41893,0.68544,0.61847,0.57546,0.53982,0.38125,0.41512,1,0.61826,0.63756,0.54182,0.75743,0.72484,0.63181,0.64967,0.62783,0.63379,0.76161,0.73539,0.53115,0.52819,0.51327,0.48197,0.43557,0.58648,0.57901,0.62226,0.4861,0.49281,0.53581,0.53228,0.55643,0.57193,0.54367,0.56444,0.49103,0.54327,0.29744,0.34333,0.22444,0.25174,0.60362,0.64136,0.442,0.41701,0.2775,0.19667,0.17396,-0.002057,0.49798,0.32709,0.48902,0.19702,0.54867,0.48041,0.46203,0.43226,0.49129,0.49251,0.52249,0.55812,0.48462,0.51903,0.50147,0.49739,0.51357,0.54025,0.35181,0.46109,0.653,0.62491,0.25666,0.37534,0.47157,0.51155,0.43656,0.53006,0.40053,0.50229,0.3646,0.47923,0.48777,0.51769,0.6323,0.5634,0.51234,0.58585,0.3407,0.37419,0.46128,0.49269,0.40209,0.4767,0.41581,0.27392,0.33492,0.63001,0.61955,0.6092,0.47078,0.62994,0.62133,0.28156
0.10507,0.13632,0.33269,0.28723,0.27734,0.25968,0.23237,0.20697,0.23968,0.26928,0.13131,0.23238,0.25688,0.26484,0.46304,0.51188,0.31682,0.26113,0.059931,0.068307,0.61826,1,0.37684,0.41033,0.55036,0.6113,0.40309,0.53737,0.39895,0.5265,0.47962,0.52653,0.23121,0.21527,0.27038,0.25331,0.55951,0.50277,0.69265,0.73949,0.54619,0.6223,0.25638,0.28512,0.30264,0.31826,0.28442,0.31699,0.26084,0.30883,0.12046,0.17703,0.077521,0.10518,0.45683,0.49089,0.2099,0.18323,0.1239,0.074199,0.050962,-0.043424,0.26893,0.24827,0.35342,0.14057,0.32255,0.31484,0.15323,0.14824,0.14237,0.18412,0.30121,0.33897,0.29403,0.27489,0.1135,0.10859,0.27359,0.18695,0.27631,0.34118,0.55537,0.62231,0.21995,0.37146,0.27491,0.32219,0.31177,0.35718,0.24441,0.26588,0.19499,0.29409,0.32641,0.50261,0.42601,0.4257,0.35807,0.41177,0.16881,0.26763,0.25127,0.31461,0.25862,0.38084,0.49681,0.46772,0.32067,0.34471,0.34633,0.3675,0.28798,0.38501,0.37603,0.42757
0.3806,0.47139,0.83702,0.79447,0.64405,0.68904,0.64011,0.58108,0.52264,0.57564,0.20696,0.45555,0.53108,0.61077,0.77145,0.7443,0.45651,0.40134,0.61167,0.5412,0.63756,0.37684,1,0.91486,0.82382,0.84615,0.72114,0.78254,0.44818,0.41004,0.77885,0.7264,0.57016,0.50449,0.74805,0.69869,0.46513,0.57844,0.57295,0.58249,0.3997,0.44113,0.60096,0.58611,0.61291,0.62167,0.53767,0.58702,0.45932,0.51503,0.28216,0.32664,0.25954,0.30652,0.53004,0.57392,0.44033,0.42954,0.26053,0.24009,0.22721,0.16807,0.4833,0.32627,0.67527,0.44206,0.6958,0.65396,0.44515,0.45433,0.38817,0.41048,0.44897,0.44156,0.48962,0.55461,0.29698,0.31349,0.54099,0.45284,0.55716,0.55691,0.70249,0.61353,0.46399,0.54344,0.56407,0.70466,0.52662,0.5968,0.60257,0.66102,0.59027,0.7069,0.43568,0.54328,0.55221,0.55506,0.50716,0.62847,0.51921,0.57604,0.55076,0.62723,0.49332,0.53561,0.45486,0.30185,0.18833,0.47361,0.59667,0.55362,0.52753,0.5698,0.53792,0.20986
0.27123,0.42557,0.66269,0.77233,0.53467,0.63771,0.45044,0.49677,0.37422,0.50165,0.055232,0.39751,0.33979,0.57964,0.64556,0.76062,0.37919,0.32836,0.50336,0.48972,0.54182,0.41033,0.91486,1,0.74675,0.85911,0.7179,0.78995,0.35273,0.37546,0.70128,0.69703,0.45145,0.41627,0.66347,0.63093,0.50719,0.57119,0.5766,0.58408,0.43628,0.4811,0.49918,0.49581,0.51736,0.52467,0.44464,0.50333,0.37427,0.4008,0.19761,0.23989,0.23508,0.28596,0.46665,0.51796,0.38963,0.40077,0.12512,0.12624,0.088399,0.10123,0.38667,0.35622,0.62015,0.39239,0.62547,0.60938,0.38622,0.40851,0.28364,0.29924,0.39352,0.42136,0.44238,0.50758,0.22697,0.24039,0.42093,0.32304,0.45837,0.498,0.60321,0.56132,0.33619,0.52438,0.49296,0.63848,0.42049,0.51082,0.55256,0.55218,0.5432,0.57882,0.40598,0.55866,0.52683,0.54021,0.46078,0.56257,0.4757,0.46642,0.49084,0.51293,0.43036,0.48348,0.46065,0.2942,0.17963,0.45472,0.56937,0.51267,0.44917,0.464,0.43033,0.18498
0.22355,0.3222,0.71322,0.61276,0.55589,0.59336,0.5175,0.41156,0.44653,0.46178,0.23667,0.36393,0.54067,0.4777,0.79366,0.65851,0.48052,0.41896,0.35029,0.33929,0.75743,0.55036,0.82382,0.74675,1,0.87827,0.70028,0.79875,0.54956,0.56711,0.76814,0.7347,0.43214,0.3747,0.58772,0.53165,0.52129,0.64862,0.64581,0.67346,0.51145,0.45112,0.50495,0.50214,0.56011,0.56918,0.48712,0.53081,0.42071,0.50915,0.17976,0.28203,0.11204,0.19951,0.5493,0.59753,0.33679,0.29834,0.1633,0.11586,0.068195,-0.056775,0.37405,0.1627,0.56805,0.20447,0.56766,0.52417,0.31589,0.33937,0.43626,0.44923,0.47724,0.50004,0.48514,0.61028,0.27757,0.27815,0.48269,0.4274,0.44905,0.40972,0.76324,0.65677,0.3415,0.44476,0.49726,0.70274,0.41948,0.59548,0.50521,0.62722,0.54828,0.68055,0.46338,0.55038,0.60197,0.57164,0.50129,0.62466,0.40376,0.52892,0.48882,0.59463,0.45646,0.55568,0.49601,0.33006,0.27924,0.52125,0.59333,0.55429,0.56323,0.66787,0.63368,0.25944
0.33874,0.44008,0.69418,0.70972,0.53823,0.5881,0.47715,0.49894,0.4456,0.50958,0.19736,0.43693,0.43893,0.5494,0.72349,0.75402,0.52966,0.47512,0.4463,0.46322,0.72484,0.6113,0.84615,0.85911,0.87827,1,0.71998,0.8429,0.5779,0.59646,0.82506,0.84741,0.51433,0.48947,0.64008,0.58449,0.61411,0.69018,0.70814,0.74307,0.56851,0.58245,0.50439,0.51948,0.56294,0.56059,0.48494,0.53747,0.43526,0.47945,0.17872,0.27392,0.15862,0.21293,0.57633,0.63196,0.45091,0.42024,0.17016,0.13991,0.086588,0.011236,0.47277,0.36731,0.60899,0.2816,0.62778,0.58761,0.43252,0.41796,0.36522,0.43931,0.50902,0.55802,0.519,0.59235,0.31393,0.33097,0.51582,0.41601,0.44893,0.50854,0.73146,0.6694,0.30278,0.50876,0.51153,0.5908,0.4509,0.54106,0.50394,0.52509,0.50451,0.56289,0.48935,0.63705,0.64708,0.64967,0.5393,0.62858,0.45228,0.48045,0.48942,0.54462,0.47899,0.56254,0.48437,0.37661,0.29886,0.55274,0.63805,0.61093,0.52565,0.60547,0.54813,0.26105
0.24293,0.29795,0.66966,0.66948,0.73072,0.72234,0.48958,0.48383,0.51423,0.58404,0.14839,0.2974,0.35893,0.43057,0.56791,0.61863,0.25132,0.24418,0.34646,0.34806,0.63181,0.40309,0.72114,0.7179,0.70028,0.71998,1,0.87707,0.22866,0.28741,0.57268,0.54444,0.37448,0.34712,0.54822,0.56451,0.39305,0.53836,0.49887,0.52105,0.21834,0.31356,0.43429,0.41763,0.49287,0.51398,0.38897,0.44073,0.3811,0.44159,0.24245,0.3267,0.13578,0.19765,0.37314,0.45788,0.2916,0.27148,0.24501,0.22526,0.18866,0.15941,0.30351,0.28028,0.486,0.4116,0.52726,0.51186,0.27099,0.26371,0.25378,0.32147,0.24224,0.31741,0.29347,0.39658,0.20835,0.23596,0.25205,0.24394,0.3037,0.36666,0.49589,0.5544,0.30861,0.43494,0.4719,0.5403,0.34646,0.5161,0.49211,0.4361,0.43454,0.44925,0.2913,0.45406,0.50478,0.49729,0.41308,0.49427,0.37615,0.34623,0.40954,0.40871,0.26219,0.3723,0.35485,0.18677,0.11729,0.44831,0.53368,0.49417,0.4081,0.42995,0.35662,0.10026
0.30417,0.37274,0.64436,0.63714,0.59465,0.72813,0.44373,0.44424,0.44713,0.55577,0.12,0.37855,0.41474,0.53471,0.64534,0.69765,0.38463,0.34102,0.39095,0.39071,0.64967,0.53737,0.78254,0.78995,0.79875,0.8429,0.87707,1,0.33906,0.38184,0.63293,0.62714,0.42572,0.37058,0.60506,0.56832,0.52178,0.629,0.57654,0.64823,0.38523,0.44827,0.47003,0.45656,0.49751,0.50631,0.44266,0.48821,0.40754,0.4659,0.26246,0.35739,0.22845,0.2577,0.50396,0.58586,0.3834,0.35374,0.25308,0.2113,0.16251,0.076632,0.37355,0.29712,0.60507,0.40083,0.60085,0.58477,0.33814,0.32996,0.22502,0.30376,0.31052,0.36479,0.35142,0.42346,0.11857,0.14773,0.37194,0.29636,0.44389,0.46943,0.63829,0.63001,0.39696,0.57773,0.55904,0.64121,0.44404,0.60351,0.47394,0.49185,0.43468,0.51385,0.33047,0.52304,0.55359,0.54999,0.45126,0.56605,0.39858,0.43529,0.44073,0.5068,0.35666,0.49699,0.39743,0.27811,0.17288,0.46425,0.53141,0.50128,0.43848,0.45563,0.42039,0.13453
0.52898,0.53435,0.50978,0.45337,0.40012,0.26996,0.51398,0.5309,0.42664,0.34363,0.57763,0.65635,0.58728,0.5404,0.70601,0.57219,0.77421,0.75642,0.50755,0.51563,0.62783,0.39895,0.44818,0.35273,0.54956,0.5779,0.22866,0.33906,1,0.8874,0.73561,0.73231,0.60506,0.62971,0.407,0.37013,0.40957,0.51823,0.45784,0.50435,0.57767,0.55826,0.42259,0.45781,0.40947,0.41156,0.43971,0.46168,0.37161,0.39628,0.26644,0.28995,0.29351,0.23106,0.52783,0.51372,0.53416,0.44969,0.27759,0.23295,0.22593,0.034951,0.63236,0.43692,0.3625,0.11926,0.45929,0.38907,0.51673,0.46878,0.4952,0.52383,0.65031,0.6548,0.55053,0.58073,0.51901,0.52682,0.70529,0.71048,0.44089,0.51964,0.69667,0.5528,0.24871,0.28663,0.37958,0.34167,0.4563,0.38973,0.27128,0.36738,0.23319,0.36309,0.47202,0.45276,0.47426,0.48193,0.38552,0.446,0.2941,0.36687,0.33958,0.37087,0.45279,0.42793,0.25348,0.29471,0.36315,0.58332,0.48007,0.49584,0.40393,0.55491,0.51899,0.41581
0.40035,0.4257,0.44762,0.44175,0.37083,0.24688,0.44565,0.47766,0.34667,0.33378,0.51909,0.60632,0.4893,0.49617,0.60923,0.59112,0.72818,0.72135,0.37527,0.4128,0.63379,0.5265,0.41004,0.37546,0.56711,0.59646,0.28741,0.38184,0.8874,1,0.72469,0.748,0.52485,0.56744,0.34934,0.33839,0.45924,0.5523,0.53416,0.59894,0.60727,0.57886,0.32434,0.36171,0.34104,0.35639,0.3491,0.39439,0.28138,0.32918,0.17967,0.23101,0.20445,0.15272,0.49196,0.51805,0.44055,0.37712,0.21459,0.17963,0.1504,0.0069869,0.5561,0.42521,0.36497,0.098154,0.41015,0.36425,0.4141,0.39618,0.45119,0.45407,0.60572,0.62293,0.51207,0.52986,0.44848,0.45621,0.60404,0.61225,0.38253,0.46032,0.62795,0.59916,0.20205,0.28624,0.30129,0.30886,0.40448,0.39762,0.252,0.32437,0.23764,0.34354,0.46921,0.47696,0.49467,0.51763,0.36047,0.44049,0.24742,0.32378,0.29216,0.3313,0.41933,0.43508,0.28415,0.31674,0.35559,0.55697,0.47485,0.48508,0.39511,0.53437,0.50275,0.44718
0.54311,0.62321,0.76672,0.72429,0.6145,0.57837,0.60859,0.63803,0.5392,0.53422,0.38809,0.53985,0.51551,0.55752,0.7542,0.70239,0.66867,0.65981,0.64369,0.64544,0.76161,0.47962,0.77885,0.70128,0.76814,0.82506,0.57268,0.63293,0.73561,0.72469,1,0.93758,0.73694,0.7288,0.69372,0.6519,0.51622,0.64389,0.62584,0.6369,0.51826,0.5082,0.56378,0.57983,0.61167,0.61615,0.5444,0.5994,0.48378,0.53207,0.28305,0.34214,0.24413,0.25939,0.55601,0.58367,0.6097,0.56557,0.34621,0.31744,0.2796,0.12476,0.5908,0.43915,0.53644,0.28771,0.69236,0.62378,0.59534,0.56704,0.4277,0.44527,0.53682,0.52302,0.55255,0.58265,0.54196,0.52108,0.62852,0.6121,0.44958,0.52591,0.68488,0.5866,0.30078,0.40271,0.45727,0.46538,0.52241,0.54205,0.49207,0.54811,0.44668,0.55454,0.47225,0.5606,0.61602,0.62632,0.51157,0.62497,0.47642,0.47962,0.52973,0.54337,0.47944,0.51993,0.47787,0.40568,0.26551,0.56728,0.6531,0.66012,0.54698,0.65477,0.55423,0.26382
0.4962,0.56867,0.69165,0.68647,0.55262,0.49204,0.55716,0.59854,0.4703,0.48919,0.35216,0.50604,0.48549,0.54543,0.69257,0.71315,0.60986,0.63242,0.57322,0.60108,0.73539,0.52653,0.7264,0.69703,0.7347,0.84741,0.54444,0.62714,0.73231,0.748,0.93758,1,0.67091,0.69814,0.62203,0.57744,0.49104,0.60472,0.64231,0.65143,0.51158,0.54988,0.48416,0.50607,0.54545,0.54421,0.4698,0.52329,0.42801,0.46194,0.21417,0.27484,0.2116,0.20348,0.54369,0.57206,0.54838,0.51263,0.28327,0.24931,0.22428,0.096497,0.5611,0.46882,0.49717,0.258,0.61441,0.55834,0.53539,0.51233,0.39096,0.41856,0.54959,0.54746,0.54445,0.56446,0.49356,0.4839,0.56859,0.56849,0.4083,0.51255,0.66664,0.57322,0.25892,0.38436,0.45553,0.44167,0.49131,0.4942,0.40478,0.46038,0.3774,0.48062,0.47572,0.56012,0.59382,0.61027,0.45433,0.56072,0.39225,0.41047,0.43289,0.4665,0.47002,0.52667,0.43211,0.37705,0.27302,0.56023,0.60471,0.61024,0.47985,0.60979,0.53646,0.34952
0.84463,0.83198,0.71961,0.66482,0.61435,0.59848,0.68532,0.75106,0.60235,0.56415,0.33929,0.65139,0.42699,0.57806,0.55557,0.55814,0.68869,0.69421,0.8401,0.85216,0.53115,0.23121,0.57016,0.45145,0.43214,0.51433,0.37448,0.42572,0.60506,0.52485,0.73694,0.67091,1,0.95843,0.82457,0.82323,0.36894,0.47467,0.47328,0.47934,0.27517,0.3803,0.69711,0.70509,0.68771,0.70213,0.68138,0.71708,0.62961,0.65406,0.54253,0.52845,0.51713,0.43872,0.62074,0.61042,0.82295,0.78186,0.70725,0.67252,0.63561,0.36715,0.74934,0.62894,0.58165,0.54842,0.86849,0.80895,0.84395,0.79805,0.32505,0.34374,0.48843,0.4254,0.55156,0.44256,0.54455,0.50696,0.65193,0.7091,0.49237,0.60469,0.4651,0.3937,0.49138,0.5103,0.54072,0.32078,0.7258,0.57052,0.4553,0.51881,0.32494,0.46314,0.42346,0.4243,0.58699,0.56683,0.46706,0.59021,0.54397,0.4911,0.58218,0.54507,0.59045,0.54581,0.41813,0.43988,0.13526,0.46937,0.61984,0.64404,0.50934,0.54599,0.48544,0.18012
0.82214,0.83156,0.65858,0.64573,0.58436,0.5193,0.64664,0.74904,0.55913,0.52704,0.36183,0.6497,0.37937,0.54771,0.48209,0.52702,0.66919,0.72186,0.80503,0.86513,0.52819,0.21527,0.50449,0.41627,0.3747,0.48947,0.34712,0.37058,0.62971,0.56744,0.7288,0.69814,0.95843,1,0.74647,0.76773,0.32774,0.43775,0.46031,0.44921,0.28691,0.39306,0.64737,0.65453,0.64581,0.65003,0.64369,0.67733,0.59744,0.60528,0.50388,0.48475,0.51316,0.41417,0.5943,0.58249,0.79969,0.78134,0.66614,0.63843,0.58803,0.32481,0.7523,0.67235,0.49441,0.47785,0.80414,0.75103,0.83872,0.79147,0.31913,0.32816,0.50665,0.46453,0.54801,0.42221,0.58856,0.5515,0.61491,0.69522,0.43397,0.58634,0.40472,0.36301,0.41241,0.463,0.50359,0.25433,0.68021,0.51851,0.41772,0.44758,0.26179,0.37819,0.43478,0.41063,0.58803,0.55874,0.44736,0.55052,0.50682,0.41524,0.54191,0.47979,0.54945,0.50528,0.40401,0.40878,0.11856,0.47932,0.62439,0.64456,0.46553,0.51846,0.46299,0.21488
0.62205,0.63044,0.75203,0.73406,0.6293,0.68045,0.67014,0.70075,0.55301,0.5511,0.15639,0.50679,0.42977,0.56667,0.59321,0.59696,0.51658,0.46226,0.7351,0.67541,0.51327,0.27038,0.74805,0.66347,0.58772,0.64008,0.54822,0.60506,0.407,0.34934,0.69372,0.62203,0.82457,0.74647,1,0.94569,0.49953,0.56496,0.56128,0.55004,0.29101,0.37214,0.68184,0.67139,0.67408,0.69396,0.6343,0.66134,0.55024,0.57555,0.45215,0.45799,0.45391,0.43896,0.56768,0.55834,0.61152,0.57161,0.57024,0.54709,0.53246,0.37521,0.56592,0.44991,0.74614,0.66435,0.89517,0.87235,0.60529,0.60531,0.29695,0.32238,0.3984,0.3473,0.49461,0.4608,0.39229,0.36847,0.56601,0.51808,0.58914,0.60518,0.51644,0.48343,0.59943,0.61886,0.53754,0.50636,0.68907,0.60616,0.58135,0.59956,0.47432,0.59343,0.34421,0.49,0.54689,0.55327,0.45584,0.58716,0.60295,0.57235,0.58549,0.58112,0.55366,0.55223,0.47766,0.40974,0.14019,0.44539,0.58701,0.58031,0.49041,0.45015,0.43619,0.11524
0.626,0.62328,0.74544,0.76905,0.68302,0.69315,0.69219,0.75716,0.61545,0.60606,0.19531,0.56162,0.4148,0.60645,0.56808,0.61418,0.49531,0.46172,0.72779,0.6791,0.48197,0.25331,0.69869,0.63093,0.53165,0.58449,0.56451,0.56832,0.37013,0.33839,0.6519,0.57744,0.82323,0.76773,0.94569,1,0.48185,0.55594,0.55248,0.52947,0.27008,0.35748,0.67191,0.65571,0.6562,0.69227,0.62045,0.65069,0.53518,0.56887,0.46528,0.45366,0.44881,0.41092,0.52032,0.51749,0.62332,0.57814,0.62001,0.61799,0.58575,0.46621,0.57558,0.54269,0.70199,0.71468,0.88238,0.88249,0.62832,0.62619,0.30436,0.32218,0.3892,0.33308,0.47328,0.42736,0.40032,0.38413,0.51483,0.50784,0.54581,0.56289,0.45789,0.44878,0.59298,0.61527,0.54881,0.45538,0.67584,0.60469,0.60895,0.58709,0.49289,0.5747,0.37024,0.48235,0.53177,0.55065,0.43864,0.57861,0.62845,0.557,0.61228,0.54426,0.52619,0.50213,0.49668,0.41465,0.10962,0.44417,0.60451,0.58865,0.52002,0.42783,0.39618,0.12444
0.23438,0.28942,0.35835,0.42514,0.25272,0.31405,0.30155,0.3651,0.23455,0.29815,0.12058,0.40583,0.36854,0.48763,0.43749,0.5357,0.40593,0.31065,0.30284,0.27344,0.43557,0.55951,0.46513,0.50719,0.52129,0.61411,0.39305,0.52178,0.40957,0.45924,0.51622,0.49104,0.36894,0.32774,0.49953,0.48185,1,0.88719,0.79002,0.81595,0.78739,0.62747,0.41686,0.43874,0.41667,0.43337,0.46365,0.47751,0.3652,0.39861,0.24523,0.31504,0.26419,0.29213,0.57783,0.56712,0.30241,0.26837,0.18753,0.16288,0.15003,0.052655,0.34602,0.27644,0.53132,0.2826,0.49643,0.5242,0.27726,0.31428,0.35228,0.40819,0.45636,0.48997,0.52146,0.58136,0.28028,0.30963,0.37259,0.16883,0.45379,0.45758,0.49253,0.54005,0.41709,0.59574,0.4514,0.46444,0.47899,0.51548,0.5983,0.49783,0.51124,0.49695,0.44204,0.65688,0.54954,0.62898,0.59331,0.62442,0.56661,0.55807,0.53823,0.54637,0.52274,0.52373,0.57534,0.57144,0.39257,0.46827,0.5481,0.56372,0.52826,0.39644,0.41417,0.19931
0.34983,0.38098,0.50216,0.53066,0.42568,0.46474,0.40798,0.45721,0.37267,0.40406,0.22781,0.47085,0.47112,0.53531,0.55869,0.59776,0.50677,0.41714,0.42556,0.37228,0.58648,0.50277,0.57844,0.57119,0.64862,0.69018,0.53836,0.629,0.51823,0.5523,0.64389,0.60472,0.47467,0.43775,0.56496,0.55594,0.88719,1,0.72425,0.82129,0.75724,0.62974,0.48102,0.48987,0.49176,0.50969,0.50929,0.53538,0.42821,0.49804,0.31216,0.40826,0.29124,0.34153,0.58747,0.62084,0.38733,0.35567,0.28165,0.24942,0.21583,0.082698,0.39127,0.27485,0.54726,0.32009,0.58053,0.58429,0.38978,0.42985,0.45388,0.512,0.51493,0.53127,0.58399,0.6437,0.38846,0.4093,0.46955,0.31975,0.47751,0.48192,0.56684,0.59376,0.45065,0.59099,0.53346,0.58339,0.54158,0.63226,0.63737,0.58307,0.58215,0.58794,0.50537,0.69071,0.61029,0.67077,0.62589,0.7032,0.6065,0.61741,0.58229,0.63064,0.55445,0.54615,0.5855,0.54534,0.43306,0.58736,0.63195,0.67312,0.62903,0.53865,0.5149,0.18868
0.23185,0.29656,0.54305,0.52076,0.44172,0.37379,0.45954,0.45832,0.38294,0.40225,0.15762,0.36101,0.44472,0.47652,0.56582,0.6136,0.35276,0.32058,0.30891,0.31436,0.57901,0.69265,0.57295,0.5766,0.64581,0.70814,0.49887,0.57654,0.45784,0.53416,0.62584,0.64231,0.47328,0.46031,0.56128,0.55248,0.79002,0.72425,1,0.89789,0.67721,0.67178,0.47501,0.49725,0.51814,0.51635,0.50566,0.52589,0.4324,0.45798,0.26649,0.34394,0.25696,0.27474,0.68085,0.64166,0.30157,0.28517,0.26564,0.22622,0.19359,0.064024,0.37831,0.30024,0.51777,0.30505,0.5374,0.55297,0.31167,0.36215,0.35918,0.39365,0.49165,0.53452,0.53456,0.60979,0.34763,0.35758,0.34419,0.27278,0.38357,0.43464,0.62202,0.62124,0.41047,0.53329,0.52436,0.51523,0.57388,0.56118,0.54928,0.52559,0.49719,0.54575,0.57963,0.67021,0.62168,0.65524,0.5915,0.63058,0.5412,0.57375,0.54993,0.59613,0.61765,0.65541,0.67702,0.67551,0.34238,0.46803,0.58032,0.58897,0.56401,0.56653,0.59731,0.45143
0.2513,0.32836,0.52043,0.48259,0.41591,0.3994,0.42016,0.40791,0.33286,0.40293,0.15071,0.40749,0.41845,0.47963,0.55073,0.61703,0.47266,0.39978,0.31574,0.32413,0.62226,0.73949,0.58249,0.58408,0.67346,0.74307,0.52105,0.64823,0.50435,0.59894,0.6369,0.65143,0.47934,0.44921,0.55004,0.52947,0.81595,0.82129,0.89789,1,0.71632,0.68005,0.47886,0.49987,0.51417,0.51538,0.51278,0.55812,0.42801,0.48989,0.25634,0.33464,0.26521,0.28199,0.70606,0.72224,0.33639,0.31402,0.25442,0.18998,0.16732,0.014128,0.42626,0.29849,0.55739,0.29759,0.57865,0.57627,0.36617,0.40423,0.33052,0.4024,0.51911,0.55088,0.55143,0.56397,0.31463,0.3223,0.42548,0.33165,0.46368,0.52021,0.65692,0.67813,0.43007,0.57807,0.54696,0.55194,0.57251,0.5939,0.53867,0.52487,0.48826,0.54149,0.58358,0.72339,0.69256,0.72784,0.62746,0.68101,0.48953,0.57178,0.50578,0.5958,0.60322,0.64886,0.61438,0.60635,0.41157,0.56436,0.64455,0.62113,0.58741,0.5764,0.6275,0.41773
0.19637,0.2837,0.26894,0.31648,0.1502,0.14537,0.24664,0.27512,0.1803,0.17714,0.2151,0.409,0.37542,0.42644,0.45105,0.50271,0.50891,0.42991,0.23608,0.22813,0.4861,0.54619,0.3997,0.43628,0.51145,0.56851,0.21834,0.38523,0.57767,0.60727,0.51826,0.51158,0.27517,0.28691,0.29101,0.27008,0.78739,0.75724,0.67721,0.71632,1,0.7198,0.32589,0.35061,0.32008,0.3108,0.39375,0.39736,0.27144,0.31395,0.1044,0.19437,0.17369,0.21013,0.54347,0.52953,0.30263,0.24805,-1.4396e-05,-0.010591,0.0083043,-0.12587,0.35666,0.22301,0.40896,0.052175,0.33642,0.34154,0.27026,0.3391,0.42557,0.43066,0.60845,0.62944,0.55969,0.62712,0.30529,0.33279,0.39554,0.2616,0.38249,0.4201,0.53774,0.54289,0.27894,0.46499,0.38493,0.42662,0.39629,0.40433,0.49534,0.45343,0.45993,0.44286,0.46891,0.55979,0.49439,0.52687,0.57889,0.58453,0.48644,0.53115,0.45879,0.49108,0.47473,0.52346,0.52605,0.52761,0.37673,0.42331,0.51348,0.5369,0.49893,0.43977,0.46095,0.30262
0.30562,0.36097,0.36357,0.41445,0.30916,0.25678,0.3239,0.39649,0.24582,0.33485,0.11941,0.42765,0.35014,0.44608,0.49062,0.55421,0.39538,0.37527,0.3475,0.35544,0.49281,0.6223,0.44113,0.4811,0.45112,0.58245,0.31356,0.44827,0.55826,0.57886,0.5082,0.54988,0.3803,0.39306,0.37214,0.35748,0.62747,0.62974,0.67178,0.68005,0.7198,1,0.36941,0.40569,0.37387,0.3832,0.39063,0.3994,0.30386,0.31966,0.20501,0.21311,0.30334,0.27729,0.55855,0.53354,0.30907,0.28662,0.10339,0.075544,0.097479,-0.051275,0.39762,0.33792,0.40629,0.17685,0.41484,0.42093,0.35496,0.37157,0.38906,0.41374,0.58497,0.64332,0.56781,0.58293,0.32272,0.38753,0.43466,0.30502,0.43071,0.48227,0.58341,0.57238,0.33248,0.47937,0.46319,0.46772,0.47249,0.40857,0.37191,0.39834,0.32178,0.39992,0.53567,0.60235,0.51067,0.49285,0.45556,0.51056,0.43567,0.48929,0.42628,0.45958,0.48168,0.5422,0.45873,0.56743,0.38187,0.45979,0.46219,0.45563,0.40731,0.49134,0.47121,0.42303
0.59898,0.63344,0.6501,0.59086,0.54604,0.59763,0.57574,0.57299,0.52066,0.52312,0.12286,0.46338,0.34659,0.46292,0.50416,0.52743,0.52617,0.54525,0.6129,0.63546,0.53581,0.25638,0.60096,0.49918,0.50495,0.50439,0.43429,0.47003,0.42259,0.32434,0.56378,0.48416,0.69711,0.64737,0.68184,0.67191,0.41686,0.48102,0.47501,0.47886,0.32589,0.36941,1,0.97613,0.9325,0.89828,0.96938,0.95442,0.92066,0.89098,0.67054,0.63707,0.54468,0.6267,0.76084,0.77499,0.69264,0.65625,0.59763,0.54306,0.43027,0.12758,0.54071,0.3646,0.51465,0.41312,0.797,0.76761,0.63886,0.6897,0.31,0.29954,0.38499,0.35624,0.47649,0.46936,0.40331,0.34121,0.54005,0.60721,0.44485,0.5437,0.43339,0.33531,0.42436,0.55086,0.48352,0.47052,0.55428,0.51929,0.52243,0.67575,0.33682,0.49078,0.41573,0.38487,0.63625,0.49241,0.62193,0.65588,0.51154,0.46428,0.60035,0.58714,0.5168,0.52583,0.45698,0.44182,0.16618,0.42608,0.57417,0.63461,0.48508,0.53961,0.52976,0.10895
