1,0.82015,0.72933,0.68351,0.61905,0.55249,0.71709,0.67555,0.31691,0.6308,0.77759,0.61972,0.64294,0.51614,0.50704,0.52459,0.66285,0.6446,0.77178,0.76565,0.46055,0.40626,0.48842,0.48096,0.16419,0.45788,0.50008,0.54419,0.6247,0.45247,0.48188,0.50606,0.76799,0.71379,0.48988,0.38953,0.63018,0.57936,0.24006,0.35006,0.30787,0.17216,0.58214,0.57625,0.56303,0.57725,0.55,0.53821,0.57584,0.59443,0.55797,0.55884,0.45335,0.42643,0.30426,0.36006,0.84178,0.72867,0.7135,0.70174,0.71934,0.60404,0.67049,0.70145,0.38591,0.51355,0.6922,0.66373,0.67825,0.65581,0.29992,0.2377,0.19519,0.1639,0.30519,0.35137,0.22329,0.25087,0.62897,0.66992,0.54916,0.49206,0.51404,0.4956,0.30431,0.37028,0.37709,0.47799,0.35259,0.53719,0.10916,0.06835,0.094415,0.15038,0.079542,0.11172,0.13396,0.080733,0.13286,-0.0062946,-0.045521,0.12588,-0.037626,0.069903,-0.13787,0.040356,0.11854,0.062643,-0.016543,0.070902,-0.024578,0.053631,0.051894,0.33227,0.13352,-0.26639
0.82015,1,0.56576,0.60296,0.5279,0.52487,0.57271,0.65426,0.27354,0.57116,0.61691,0.59232,0.45149,0.43704,0.30063,0.38929,0.67952,0.73458,0.71411,0.8249,0.43536,0.40624,0.30745,0.32856,0.15468,0.40588,0.39369,0.45965,0.58527,0.50634,0.47173,0.50294,0.79337,0.81603,0.44889,0.41082,0.51354,0.53504,0.21959,0.37437,0.23413,0.19968,0.62448,0.62576,0.62016,0.63864,0.5933,0.6051,0.6377,0.65805,0.52917,0.55765,0.3806,0.3615,0.26995,0.36876,0.8681,0.90169,0.65106,0.69859,0.64219,0.57778,0.51431,0.70344,0.14059,0.34317,0.65067,0.62115,0.77721,0.77749,0.30601,0.28361,0.22994,0.29792,0.32879,0.44114,0.30331,0.34331,0.5693,0.72251,0.40608,0.33954,0.34944,0.33026,0.042661,0.17871,0.21632,0.26454,0.19627,0.45703,0.096604,-0.050287,0.025312,0.022952,0.12519,0.23702,0.27451,0.18251,0.23931,0.01378,-0.0219,0.077491,0.051392,0.048613,-0.097633,0.0020239,0.20437,0.1072,0.056012,0.22303,0.051192,0.11099,0.087748,0.42459,0.23937,-0.26749
0.72933,0.56576,1,0.89314,0.76579,0.71661,0.91685,0.80187,0.52653,0.73738,0.64413,0.61855,0.76411,0.65248,0.64773,0.64347,0.54816,0.53456,0.53917,0.50928,0.48773,0.41914,0.81026,0.79327,0.45731,0.6976,0.64219,0.71505,0.55227,0.40968,0.59386,0.57922,0.67524,0.58413,0.64458,0.44478,0.64239,0.61019,0.31299,0.4652,0.35593,0.19868,0.64579,0.63123,0.62699,0.61213,0.62011,0.61459,0.59387,0.60411,0.67063,0.61722,0.55136,0.61456,0.47434,0.53916,0.64163,0.60499,0.72135,0.68914,0.73581,0.67621,0.62022,0.6379,0.65205,0.72714,0.76943,0.74414,0.46267,0.47407,0.32008,0.25141,0.080447,0.042696,0.1773,0.21627,0.11479,0.11716,0.59242,0.61412,0.61272,0.59321,0.59149,0.54232,0.55732,0.57816,0.45771,0.50609,0.51832,0.65955,0.27204,0.22187,0.32548,0.3769,0.18721,0.14934,0.14974,0.16395,0.19366,0.083431,0.13539,0.28892,0.046785,0.16011,-0.0040581,0.19001,0.12283,0.126,0.045322,0.072445,-0.061774,0.012093,0.060734,0.24583,0.15573,-0.30533
0.68351,0.60296,0.89314,1,0.68404,0.72488,0.88703,0.91442,0.52834,0.71737,0.63587,0.69581,0.70853,0.72203,0.56028,0.63827,0.54616,0.57667,0.55357,0.5578,0.45426,0.4055,0.71795,0.78896,0.43274,0.6512,0.47275,0.62045,0.5946,0.54649,0.62826,0.65608,0.6956,0.6566,0.64007,0.52401,0.54247,0.56518,0.29925,0.41841,0.3167,0.2432,0.5645,0.55366,0.56942,0.56149,0.54491,0.55597,0.54406,0.54915,0.63953,0.58421,0.53603,0.54688,0.46781,0.5286,0.59228,0.5948,0.69511,0.70374,0.74821,0.77563,0.57448,0.70591,0.59689,0.77792,0.73665,0.77048,0.43133,0.46325,0.3478,0.34444,0.1426,0.14361,0.19929,0.24584,0.16724,0.22432,0.53942,0.5934,0.51127,0.50696,0.48293,0.4784,0.45375,0.52174,0.35294,0.40489,0.52639,0.68589,0.3355,0.2033,0.33769,0.32402,0.22706,0.21889,0.19613,0.20414,0.24451,0.12569,0.22755,0.3149,0.1747,0.19926,0.10715,0.16439,0.15552,0.1676,0.046001,0.15232,0.022263,0.068331,0.11222,0.22517,0.13657,-0.27983
0.61905,0.5279,0.76579,0.68404,1,0.78427,0.75232,0.70403,0.49493,0.783,0.5381,0.60139,0.67189,0.55527,0.54001,0.6107,0.37592,0.38114,0.36728,0.39705,0.31685,0.29911,0.53236,0.50882,0.26584,0.55909,0.73545,0.77164,0.47972,0.36244,0.49579,0.43664,0.57577,0.48903,0.54977,0.38936,0.56755,0.6063,0.20131,0.43983,0.24259,0.10514,0.55454,0.55467,0.52203,0.52308,0.52972,0.51243,0.52823,0.54659,0.60337,0.61961,0.48484,0.60503,0.38103,0.45057,0.51963,0.5427,0.67713,0.6643,0.6315,0.63207,0.46764,0.55548,0.41897,0.55974,0.59661,0.58725,0.46113,0.45766,0.18419,0.11545,0.0040387,-0.0010692,0.088528,0.24939,0.057323,0.076755,0.43594,0.48377,0.39467,0.38102,0.49924,0.46141,0.33997,0.34912,0.4111,0.3733,0.34943,0.56581,0.083006,0.057492,0.13699,0.16771,0.19183,0.18255,0.089266,0.082435,0.050532,-0.069177,-0.049335,0.12573,-0.085695,-0.0072383,-0.13016,0.082137,-0.022831,0.014101,0.067908,0.12531,-0.13485,-0.072965,-0.048288,0.26442,0.13386,-0.33813
0.55249,0.52487,0.71661,0.72488,0.78427,1,0.70179,0.72001,0.4154,0.76899,0.46249,0.55984,0.59945,0.55636,0.49994,0.57172,0.35539,0.40849,0.38667,0.44267,0.23756,0.21364,0.50764,0.48376,0.20531,0.4693,0.63417,0.69415,0.42476,0.39487,0.49476,0.49164,0.52184,0.45095,0.50288,0.40095,0.50696,0.52241,0.10259,0.33919,0.14183,0.14056,0.54714,0.53748,0.53385,0.55383,0.54746,0.56419,0.55459,0.5791,0.60715,0.64166,0.51774,0.55025,0.46904,0.48422,0.50961,0.52631,0.60955,0.62443,0.59929,0.59378,0.41688,0.51644,0.39287,0.49531,0.56581,0.57284,0.43065,0.43509,0.17621,0.15148,0.018573,0.089902,0.092817,0.34757,0.10191,0.14358,0.40864,0.46906,0.3456,0.34221,0.44074,0.34897,0.33964,0.35861,0.42167,0.2232,0.42812,0.56839,0.2467,0.22482,0.25256,0.31957,0.29016,0.22924,0.2443,0.21629,0.22387,0.11207,0.14751,0.27355,0.13702,0.1468,0.029606,0.21227,0.043395,0.12077,0.14751,0.22927,0.031133,0.086958,0.16167,0.36875,0.25909,-0.27154
0.71709,0.57271,0.91685,0.88703,0.75232,0.70179,1,0.90412,0.5482,0.75246,0.74616,0.74804,0.83502,0.73764,0.62308,0.66624,0.56573,0.54273,0.51646,0.50386,0.42855,0.37652,0.68201,0.71349,0.37958,0.62937,0.57131,0.65863,0.64868,0.51071,0.60915,0.59203,0.69261,0.62753,0.6139,0.45363,0.56224,0.53768,0.24003,0.38829,0.28441,0.18192,0.5907,0.58103,0.58611,0.57306,0.56327,0.54748,0.56449,0.57503,0.63162,0.6018,0.5447,0.606,0.43714,0.48207,0.59258,0.56833,0.76202,0.72713,0.7746,0.76021,0.62048,0.72156,0.56052,0.73976,0.73663,0.74063,0.43387,0.44813,0.34808,0.29701,0.11234,0.078161,0.18369,0.19612,0.088617,0.13182,0.60298,0.62116,0.58578,0.55145,0.57904,0.55463,0.47111,0.49959,0.40761,0.415,0.50496,0.64133,0.22451,0.15744,0.23812,0.2577,0.17248,0.17054,0.078782,0.091189,0.12098,0.0033733,0.11404,0.27406,0.047305,0.098131,-0.022569,0.10433,0.091041,0.070179,0.030829,0.074983,-0.13503,-0.06636,0.012002,0.17215,0.10316,-0.35561
0.67555,0.65426,0.80187,0.91442,0.70403,0.72001,0.90412,1,0.53265,0.76181,0.70355,0.82156,0.73308,0.78667,0.49955,0.64197,0.58728,0.61218,0.5012,0.55042,0.43079,0.39386,0.55382,0.64258,0.37766,0.60366,0.44584,0.59179,0.68179,0.6322,0.63633,0.64718,0.72581,0.71037,0.60649,0.52464,0.51669,0.5088,0.23768,0.35631,0.26406,0.21609,0.53891,0.5295,0.54207,0.54093,0.51374,0.51043,0.55338,0.54579,0.6216,0.59278,0.55075,0.54273,0.42405,0.46401,0.59656,0.62621,0.75658,0.76698,0.76791,0.82167,0.5474,0.78508,0.41886,0.72082,0.70514,0.74916,0.4577,0.4888,0.36121,0.35427,0.15687,0.16531,0.1892,0.247,0.15616,0.23259,0.53854,0.62593,0.43758,0.40146,0.46028,0.47075,0.28911,0.36653,0.2585,0.27837,0.43462,0.63313,0.24996,0.10093,0.23026,0.18837,0.20736,0.23749,0.1295,0.12449,0.15321,0.024822,0.17866,0.26912,0.15056,0.11567,0.074631,0.092317,0.15698,0.091028,0.053598,0.15926,-0.061233,-0.004016,0.073599,0.23058,0.13816,-0.29305
0.31691,0.27354,0.52653,0.52834,0.49493,0.4154,0.5482,0.53265,1,0.47858,0.42531,0.42489,0.55519,0.60839,0.58262,0.53697,0.37763,0.37784,0.23885,0.19891,0.42962,0.37204,0.5319,0.55969,0.70852,0.57891,0.18185,0.40239,0.49869,0.43483,0.34367,0.37519,0.44437,0.40186,0.52958,0.37151,0.48528,0.36081,0.51809,0.41948,0.44421,0.22703,0.32058,0.29328,0.35273,0.31181,0.34494,0.34815,0.37536,0.33226,0.40341,0.3543,0.34852,0.35534,0.41598,0.50114,0.26413,0.29751,0.4662,0.4445,0.53288,0.50935,0.34524,0.40123,0.37029,0.47686,0.42457,0.42542,0.14031,0.17967,0.34836,0.4387,0.25981,0.18157,0.15436,0.047132,0.17743,0.24551,0.33734,0.33388,0.34674,0.30439,0.33581,0.37195,0.38524,0.37331,0.14981,0.26393,0.53563,0.59354,0.38933,0.26901,0.39206,0.41289,0.20047,0.20665,0.26062,0.27632,0.29361,0.27201,0.40734,0.47388,0.3134,0.32121,0.3887,0.30215,0.38765,0.27434,0.13393,0.029092,0.13425,0.21447,0.23977,0.094773,0.16369,-0.036692
0.6308,0.57116,0.73738,0.71737,0.783,0.76899,0.75246,0.76181,0.47858,1,0.60516,0.70578,0.7579,0.69328,0.63975,0.74264,0.44127,0.4461,0.36735,0.40605,0.37891,0.38861,0.56511,0.58634,0.31269,0.62006,0.71552,0.79217,0.54773,0.463,0.46772,0.43818,0.50989,0.46103,0.41259,0.23843,0.506,0.57461,0.13631,0.38898,0.27817,0.18426,0.54512,0.54364,0.4663,0.49476,0.50481,0.4818,0.48688,0.5132,0.55181,0.5771,0.44508,0.55802,0.30543,0.38519,0.56003,0.58832,0.64082,0.64828,0.6596,0.64774,0.52153,0.62427,0.40778,0.56175,0.55166,0.53733,0.42886,0.44404,0.20004,0.14528,0.014166,0.039922,0.048479,0.17677,-0.025114,0.029744,0.48071,0.5324,0.38486,0.38764,0.555,0.56426,0.28921,0.36731,0.44491,0.39409,0.28358,0.53364,0.023519,-0.026665,0.077141,0.11294,0.10292,0.15809,-0.018155,0.013439,-0.016641,-0.12681,-0.074657,0.068925,-0.10014,-0.076856,-0.14492,0.017017,-0.023848,-0.078365,-0.0020765,0.13139,-0.23541,-0.13679,-0.08305,0.20271,0.043273,-0.2911
0.77759,0.61691,0.64413,0.63587,0.5381,0.46249,0.74616,0.70355,0.42531,0.60516,1,0.80521,0.77213,0.70371,0.588,0.64721,0.72812,0.66497,0.5585,0.52764,0.44905,0.4161,0.49072,0.52792,0.2826,0.49371,0.41953,0.47844,0.80206,0.65289,0.54,0.53574,0.61847,0.61658,0.37585,0.29259,0.47691,0.46551,0.20179,0.26687,0.35757,0.24099,0.37753,0.36284,0.32963,0.33016,0.36763,0.32928,0.33772,0.36338,0.40511,0.38178,0.39664,0.34111,0.26682,0.28089,0.56824,0.51875,0.54592,0.53022,0.62777,0.62362,0.74561,0.80769,0.37609,0.52785,0.46251,0.46896,0.37201,0.37865,0.38057,0.34647,0.26721,0.22207,0.24805,0.19543,0.11151,0.17674,0.61712,0.63635,0.56505,0.47308,0.56686,0.59695,0.34091,0.37515,0.31579,0.41011,0.36327,0.54579,0.10635,0.093657,0.12743,0.14824,0.094671,0.12431,0.046201,0.021128,0.041065,-0.03882,0.022033,0.19028,0.030258,0.063438,-0.0273,0.038172,0.10689,-0.010744,0.056462,0.10191,-0.090745,-0.0085895,0.016763,0.19646,0.079095,-0.14759
0.61972,0.59232,0.61855,0.69581,0.60139,0.55984,0.74804,0.82156,0.42489,0.70578,0.80521,1,0.74578,0.86609,0.53061,0.72688,0.56874,0.59529,0.39679,0.45685,0.4594,0.47565,0.42783,0.51983,0.27186,0.53146,0.4512,0.54245,0.76053,0.72807,0.607,0.59217,0.54449,0.58375,0.29399,0.21684,0.38038,0.44057,0.10785,0.22261,0.25614,0.26938,0.32505,0.32551,0.2698,0.28865,0.30294,0.27032,0.335,0.34488,0.48188,0.45723,0.50876,0.45999,0.29542,0.30578,0.44493,0.49677,0.56705,0.58992,0.58875,0.66973,0.57572,0.81577,0.2584,0.56201,0.42139,0.45965,0.34838,0.36262,0.35594,0.2986,0.19503,0.2123,0.14163,0.16624,-0.00087014,0.10047,0.47771,0.58602,0.40059,0.36202,0.51772,0.5816,0.20817,0.32433,0.28287,0.32412,0.26291,0.54728,0.062501,-0.017393,0.055611,0.022943,0.15443,0.23321,-0.041126,-0.01728,-0.061517,-0.13767,0.010229,0.090087,-0.0055052,-0.059814,-0.069777,-0.054849,0.049349,-0.11232,0.068197,0.15509,-0.20856,-0.15542,-0.0851,0.12309,0.026552,-0.15163
0.64294,0.45149,0.76411,0.70853,0.67189,0.59945,0.83502,0.73308,0.55519,0.7579,0.77213,0.74578,1,0.80373,0.8563,0.82953,0.52255,0.46015,0.38436,0.34623,0.41817,0.36689,0.70647,0.69701,0.42351,0.63474,0.6372,0.70963,0.69064,0.5259,0.53289,0.50298,0.48017,0.41746,0.42196,0.20632,0.49558,0.52308,0.17832,0.33289,0.33845,0.19895,0.46439,0.4612,0.38541,0.39248,0.43543,0.39453,0.38118,0.40746,0.48375,0.47564,0.44581,0.59642,0.3264,0.3732,0.48369,0.45609,0.56616,0.52502,0.6115,0.58792,0.60729,0.59286,0.51599,0.60002,0.49002,0.47777,0.29659,0.31126,0.35639,0.27726,0.11585,0.043847,0.11583,0.081528,-0.065404,0.015927,0.62046,0.58705,0.6371,0.61211,0.72733,0.70627,0.54382,0.58981,0.5063,0.5032,0.41709,0.56477,0.042994,0.044787,0.11244,0.17556,0.1354,0.15904,-0.088648,-0.03466,-0.078981,-0.13802,-0.032914,0.10796,-0.10563,-0.064589,-0.083573,-0.0016811,-0.0086569,-0.11159,0.0083845,0.065752,-0.2888,-0.21865,-0.12824,0.018131,-0.001467,-0.27114
0.51614,0.43704,0.65248,0.72203,0.55527,0.55636,0.73764,0.78667,0.60839,0.69328,0.70371,0.86609,0.80373,1,0.68681,0.81114,0.55202,0.55108,0.33988,0.3569,0.50089,0.48178,0.60124,0.68997,0.47458,0.62253,0.42116,0.55966,0.7674,0.73737,0.60705,0.60556,0.50172,0.50702,0.35156,0.25593,0.4432,0.47611,0.25168,0.34419,0.3858,0.38562,0.33387,0.33396,0.27595,0.29088,0.33779,0.30319,0.32393,0.31352,0.4665,0.41999,0.48872,0.51772,0.42977,0.43479,0.38301,0.41762,0.50222,0.50106,0.55551,0.60305,0.5531,0.70837,0.36582,0.62182,0.42451,0.46128,0.23795,0.27655,0.43582,0.4002,0.2513,0.24864,0.14265,0.13271,0.0076276,0.12521,0.51206,0.53316,0.47808,0.47095,0.58797,0.62833,0.37939,0.50571,0.35793,0.39896,0.41209,0.59551,0.18963,0.094674,0.19074,0.17989,0.20438,0.28572,0.039163,0.090879,0.034302,-0.0061486,0.176,0.20617,0.12055,0.048487,0.13358,0.066513,0.12996,-0.021935,0.080165,0.10419,-0.15536,-0.093819,-0.0010235,0.068336,0.073644,-0.10156
0.50704,0.30063,0.64773,0.56028,0.54001,0.49994,0.62308,0.49955,0.58262,0.63975,0.588,0.53061,0.8563,0.68681,1,0.88245,0.44021,0.38058,0.3145,0.238,0.43141,0.38981,0.78797,0.72016,0.48945,0.65222,0.58771,0.65948,0.61229,0.47211,0.46529,0.43481,0.3243,0.26472,0.36103,0.074781,0.42508,0.45204,0.19605,0.34205,0.37062,0.21383,0.37431,0.36236,0.27797,0.28951,0.37787,0.32862,0.25262,0.28496,0.31921,0.34098,0.31247,0.50073,0.28043,0.3598,0.38983,0.35474,0.34257,0.33421,0.48617,0.43323,0.5738,0.45198,0.55384,0.4378,0.34246,0.30502,0.15339,0.17191,0.29362,0.24594,0.11035,0.040431,0.070535,0.045246,-0.1239,-0.052734,0.59964,0.49364,0.6645,0.65817,0.77327,0.78632,0.62752,0.64994,0.65323,0.65846,0.41895,0.52126,0.011152,0.053736,0.1042,0.2343,0.10376,0.13841,-0.077625,-0.003362,-0.058685,-0.094113,-0.030475,0.056534,-0.07941,-0.056517,-0.020518,0.026424,-0.045935,-0.11558,-0.0060604,0.059815,-0.26012,-0.20272,-0.15062,-0.067034,-0.063534,-0.17178
0.52459,0.38929,0.64347,0.63827,0.6107,0.57172,0.66624,0.64197,0.53697,0.74264,0.64721,0.72688,0.82953,0.81114,0.88245,1,0.50337,0.47586,0.31311,0.28898,0.4805,0.47685,0.70356,0.72811,0.45645,0.69289,0.57182,0.66973,0.72674,0.64342,0.60178,0.5701,0.38216,0.36729,0.33275,0.11052,0.38291,0.46753,0.13723,0.33517,0.35007,0.24148,0.36206,0.35462,0.2724,0.29587,0.35492,0.30579,0.26559,0.29503,0.33584,0.36743,0.31937,0.47157,0.24984,0.33465,0.41312,0.43043,0.38533,0.39819,0.50939,0.50977,0.57363,0.6194,0.43829,0.45951,0.35081,0.34609,0.19365,0.21577,0.32582,0.26822,0.13541,0.094922,0.073409,0.087832,-0.12963,-0.038426,0.57911,0.54605,0.57275,0.5883,0.70764,0.81095,0.44979,0.55042,0.55877,0.59823,0.28495,0.49254,-0.034357,-0.034875,0.06856,0.12953,0.099169,0.20716,-0.11867,-0.025543,-0.11643,-0.15591,-0.040675,0.013212,-0.085649,-0.10094,-0.048999,-0.028536,-0.077925,-0.16921,0.048182,0.12595,-0.29204,-0.23294,-0.18901,-0.022188,-0.06417,-0.17071
0.66285,0.67952,0.54816,0.54616,0.37592,0.35539,0.56573,0.58728,0.37763,0.44127,0.72812,0.56874,0.52255,0.55202,0.44021,0.50337,1,0.9213,0.56825,0.57698,0.54581,0.49654,0.46417,0.52273,0.38006,0.56259,0.28916,0.36323,0.80555,0.68541,0.57205,0.5828,0.72565,0.73466,0.42374,0.33143,0.42368,0.36427,0.25076,0.31733,0.38397,0.27072,0.51709,0.49867,0.47454,0.47482,0.5264,0.49934,0.4393,0.46262,0.36237,0.35567,0.32628,0.27361,0.31993,0.37206,0.74569,0.71195,0.44601,0.44514,0.52827,0.482,0.65231,0.75063,0.21421,0.34566,0.48766,0.46194,0.44568,0.46249,0.39948,0.41595,0.32405,0.25553,0.26551,0.18082,0.19707,0.25248,0.8195,0.85057,0.68035,0.52563,0.48556,0.53039,0.21206,0.31986,0.22688,0.35073,0.21137,0.4079,0.19065,0.057997,0.17604,0.12434,0.12923,0.14896,0.22146,0.20497,0.25618,0.1278,0.12377,0.1498,0.15485,0.11476,0.089703,0.041029,0.19894,0.074361,0.036535,0.12566,0.066798,0.13149,0.06478,0.27332,0.14503,-0.2746
0.6446,0.73458,0.53456,0.57667,0.38114,0.40849,0.54273,0.61218,0.37784,0.4461,0.66497,0.59529,0.46015,0.55108,0.38058,0.47586,0.9213,1,0.60473,0.65127,0.58059,0.54286,0.42806,0.50067,0.36148,0.55466,0.25758,0.36505,0.77777,0.7666,0.61482,0.64504,0.75574,0.78973,0.47468,0.3903,0.43726,0.42527,0.26771,0.34785,0.4074,0.34554,0.48651,0.47278,0.47346,0.48114,0.49945,0.50793,0.45432,0.47122,0.39296,0.37028,0.37335,0.28653,0.31165,0.4027,0.73609,0.7327,0.42708,0.45013,0.50633,0.49145,0.58947,0.74268,0.18118,0.3053,0.4877,0.48651,0.47355,0.49762,0.4181,0.43707,0.34912,0.32349,0.30848,0.28051,0.22804,0.30602,0.75672,0.88752,0.60357,0.52247,0.46166,0.5063,0.17561,0.30686,0.17858,0.31758,0.20964,0.43282,0.25287,0.087885,0.21767,0.14933,0.1503,0.22428,0.2355,0.24631,0.29363,0.15992,0.16324,0.18046,0.18188,0.1726,0.06218,0.06756,0.21918,0.11298,0.054225,0.15586,0.10098,0.17379,0.10299,0.32359,0.1798,-0.2519
0.77178,0.71411,0.53917,0.55357,0.36728,0.38667,0.51646,0.5012,0.23885,0.36735,0.5585,0.39679,0.38436,0.33988,0.3145,0.31311,0.56825,0.60473,1,0.9248,0.47575,0.40697,0.40485,0.37975,0.12761,0.26304,0.20306,0.27678,0.49475,0.4513,0.50782,0.54585,0.77186,0.78936,0.47133,0.44002,0.55401,0.48282,0.32875,0.33185,0.40258,0.28705,0.36347,0.35177,0.40815,0.40623,0.38122,0.3998,0.36373,0.38157,0.32571,0.28409,0.26656,0.2251,0.28398,0.28806,0.71097,0.53694,0.44119,0.45464,0.46731,0.42408,0.48163,0.50884,0.34509,0.35156,0.57379,0.57614,0.65942,0.64664,0.48591,0.45443,0.48055,0.47855,0.59938,0.5454,0.5325,0.5474,0.48792,0.55161,0.41328,0.39693,0.29211,0.29774,0.24692,0.2922,0.18227,0.33007,0.37623,0.45342,0.28502,0.2403,0.26201,0.23807,0.23737,0.24094,0.32536,0.2458,0.30844,0.20349,0.20051,0.29057,0.21347,0.29477,0.076956,0.2052,0.27133,0.25998,0.076625,0.16546,0.24895,0.28865,0.27383,0.38906,0.25991,-0.12352
0.76565,0.8249,0.50928,0.5578,0.39705,0.44267,0.50386,0.55042,0.19891,0.40605,0.52764,0.45685,0.34623,0.3569,0.238,0.28898,0.57698,0.65127,0.9248,1,0.44787,0.43274,0.30548,0.31637,0.064018,0.26266,0.24144,0.30237,0.47774,0.47335,0.47933,0.5252,0.82667,0.86115,0.45519,0.46031,0.54306,0.52551,0.30904,0.38034,0.33263,0.32278,0.46724,0.46942,0.51019,0.52898,0.47468,0.50719,0.48544,0.51472,0.39704,0.38734,0.32161,0.27018,0.33678,0.34493,0.77536,0.66116,0.51144,0.54654,0.46146,0.40927,0.43725,0.56285,0.19899,0.31424,0.63675,0.63105,0.82856,0.82282,0.40096,0.37684,0.41051,0.45915,0.50259,0.5743,0.50391,0.51947,0.47866,0.60551,0.35125,0.32684,0.27805,0.26382,0.10318,0.1965,0.20191,0.26475,0.32062,0.4223,0.2578,0.13744,0.20302,0.15141,0.30203,0.34365,0.40708,0.32236,0.3369,0.17603,0.15589,0.22961,0.20376,0.23891,0.03965,0.15325,0.27137,0.28062,0.14668,0.2409,0.28171,0.29014,0.26105,0.47938,0.31776,-0.16175
0.46055,0.43536,0.48773,0.45426,0.31685,0.23756,0.42855,0.43079,0.42962,0.37891,0.44905,0.4594,0.41817,0.50089,0.43141,0.4805,0.54581,0.58059,0.47575,0.44787,1,0.89072,0.5333,0.57503,0.49917,0.58994,0.21228,0.38029,0.56912,0.52324,0.54864,0.55847,0.52212,0.55308,0.40182,0.26121,0.55951,0.41262,0.5513,0.42934,0.61098,0.3618,0.27456,0.24905,0.26983,0.237,0.27559,0.27536,0.2262,0.21307,0.25012,0.16341,0.2565,0.27073,0.21308,0.31025,0.47546,0.41885,0.28323,0.27376,0.36309,0.33568,0.42034,0.49488,0.35895,0.31788,0.39047,0.37831,0.31729,0.33553,0.55451,0.53532,0.37975,0.314,0.31699,0.22346,0.15987,0.25638,0.46339,0.53688,0.47215,0.50039,0.44591,0.54782,0.34096,0.45611,0.19244,0.573,0.29315,0.42437,0.2696,0.1305,0.34044,0.23598,0.11174,0.26927,0.13732,0.1835,0.17522,0.10024,0.21599,0.20235,0.14795,0.18828,0.18362,0.16574,0.36336,0.10469,0.029025,-0.091718,0.050301,0.12838,0.046372,0.12619,0.056594,0.074988
0.40626,0.40624,0.41914,0.4055,0.29911,0.21364,0.37652,0.39386,0.37204,0.38861,0.4161,0.47565,0.36689,0.48178,0.38981,0.47685,0.49654,0.54286,0.40697,0.43274,0.89072,1,0.45853,0.53127,0.42355,0.57151,0.23837,0.37608,0.54285,0.53981,0.51161,0.522,0.48227,0.53049,0.31601,0.1975,0.48217,0.41023,0.45401,0.45851,0.53517,0.42403,0.24902,0.22878,0.25036,0.21642,0.24255,0.26299,0.2168,0.21055,0.21569,0.16362,0.2381,0.23671,0.18217,0.28823,0.42958,0.38779,0.24475,0.24886,0.28012,0.25878,0.33463,0.45978,0.23403,0.24987,0.34686,0.32448,0.34779,0.35319,0.49773,0.47634,0.346,0.3067,0.2536,0.19538,0.12798,0.22616,0.3938,0.5005,0.37323,0.4061,0.43253,0.55464,0.20075,0.36431,0.24298,0.5475,0.18925,0.35853,0.17576,0.031144,0.26484,0.14189,0.14704,0.33681,0.12024,0.21663,0.11864,0.067107,0.11857,0.12535,0.088487,0.12178,0.09826,0.11858,0.26712,0.12058,0.070864,0.014912,0.061022,0.10869,0.0044214,0.17296,0.033554,0.10977
0.48842,0.30745,0.81026,0.71795,0.53236,0.50764,0.68201,0.55382,0.5319,0.56511,0.49072,0.42783,0.70647,0.60124,0.78797,0.70356,0.46417,0.42806,0.40485,0.30548,0.5333,0.45853,1,0.93219,0.64212,0.78278,0.55882,0.64677,0.48447,0.38832,0.60287,0.57982,0.44444,0.37863,0.54664,0.26959,0.49536,0.50084,0.29118,0.43494,0.44055,0.28289,0.44047,0.41474,0.41271,0.37751,0.4448,0.42973,0.32358,0.33255,0.41737,0.33805,0.36858,0.47452,0.34459,0.4263,0.43825,0.39941,0.36314,0.33923,0.49234,0.47238,0.55206,0.43848,0.73276,0.56102,0.52945,0.50056,0.18411,0.22542,0.38532,0.32519,0.14106,0.091719,0.1616,0.1217,0.034262,0.063761,0.57095,0.49737,0.65208,0.67563,0.61813,0.62204,0.71272,0.73378,0.52515,0.62634,0.46811,0.53476,0.20149,0.2127,0.3495,0.43483,0.13799,0.09867,0.065079,0.13323,0.12578,0.087573,0.16602,0.23914,0.064829,0.13526,0.10344,0.21006,0.10785,0.077944,-0.0082661,0.0059703,-0.090533,-0.030008,-0.0038904,0.082468,0.068676,-0.19468
0.48096,0.32856,0.79327,0.78896,0.50882,0.48376,0.71349,0.64258,0.55969,0.58634,0.52792,0.51983,0.69701,0.68997,0.72016,0.72811,0.52273,0.50067,0.37975,0.31637,0.57503,0.53127,0.93219,1,0.68609,0.84278,0.4977,0.62913,0.56808,0.49237,0.64367,0.64084,0.4875,0.45004,0.54531,0.31171,0.4496,0.47794,0.29748,0.42801,0.43861,0.3133,0.42869,0.40248,0.4125,0.38201,0.42285,0.41031,0.33028,0.33435,0.42595,0.33808,0.36602,0.44844,0.36087,0.43515,0.43846,0.42724,0.40073,0.38476,0.52269,0.51488,0.57646,0.53764,0.6584,0.62241,0.55993,0.55557,0.19,0.23958,0.40091,0.36532,0.15191,0.10888,0.13187,0.077454,0.026119,0.081643,0.57057,0.53551,0.62144,0.64528,0.58907,0.6277,0.6002,0.68381,0.43986,0.57643,0.4141,0.50981,0.23965,0.17375,0.36007,0.37975,0.12741,0.14085,0.055924,0.14043,0.12921,0.096614,0.20991,0.2538,0.099839,0.14208,0.13921,0.16223,0.1446,0.095624,-0.024727,0.019897,-0.083039,-0.026162,0.00071464,0.057073,0.04267,-0.18686
0.16419,0.15468,0.45731,0.43274,0.26584,0.20531,0.37958,0.37766,0.70852,0.31269,0.2826,0.27186,0.42351,0.47458,0.48945,0.45645,0.38006,0.36148,0.12761,0.064018,0.49917,0.42355,0.64212,0.68609,1,0.76989,0.20908,0.40807,0.41965,0.35923,0.41757,0.41289,0.32957,0.30148,0.48946,0.285,0.30047,0.20224,0.40748,0.3329,0.41596,0.23782,0.22534,0.17167,0.26374,0.1849,0.23827,0.2354,0.21263,0.16192,0.2276,0.13728,0.17939,0.21925,0.24193,0.33343,0.19125,0.26599,0.27075,0.23539,0.38009,0.38645,0.33833,0.30099,0.40566,0.39888,0.34995,0.3318,0.00041128,0.050777,0.36886,0.43124,0.18543,0.13225,0.071518,-0.10635,0.096172,0.17219,0.32817,0.33909,0.35707,0.32934,0.33056,0.38517,0.3862,0.40338,0.068082,0.27946,0.34,0.40901,0.30462,0.21143,0.40853,0.42234,0.10218,0.082676,0.12268,0.16008,0.20828,0.22555,0.41178,0.3884,0.27155,0.28538,0.37223,0.23909,0.39851,0.19499,0.11993,-0.042009,0.027587,0.13001,0.14155,-0.0020651,0.10089,-0.021176
0.45788,0.40588,0.6976,0.6512,0.55909,0.4693,0.62937,0.60366,0.57891,0.62006,0.49371,0.53146,0.63474,0.62253,0.65222,0.69289,0.56259,0.55466,0.26304,0.26266,0.58994,0.57151,0.78278,0.84278,0.76989,1,0.59529,0.71635,0.61025,0.52333,0.66233,0.63823,0.52263,0.4846,0.55495,0.27614,0.39123,0.42697,0.24494,0.40049,0.36966,0.26949,0.46593,0.41326,0.44004,0.39933,0.43879,0.40591,0.35241,0.35847,0.35007,0.30455,0.2757,0.36306,0.24377,0.35207,0.45497,0.53384,0.42506,0.42315,0.52528,0.51586,0.54374,0.5634,0.46381,0.48527,0.5248,0.50101,0.23434,0.28292,0.34106,0.30121,0.084216,0.044672,0.034514,0.0068107,-0.026454,0.047665,0.56659,0.58413,0.54323,0.53206,0.59205,0.65337,0.39422,0.49607,0.3987,0.49935,0.25997,0.4271,0.077135,0.0034088,0.20795,0.23824,0.097834,0.15952,0.00010257,0.073198,0.049703,-0.023782,0.085433,0.12947,0.0080151,0.017766,0.036195,0.032825,0.12799,-0.036185,0.016978,0.041358,-0.18022,-0.10711,-0.11684,0.063774,0.026019,-0.21047
0.50008,0.39369,0.64219,0.47275,0.73545,0.63417,0.57131,0.44584,0.18185,0.71552,0.41953,0.4512,0.6372,0.42116,0.58771,0.57182,0.28916,0.25758,0.20306,0.24144,0.21228,0.23837,0.55882,0.4977,0.20908,0.59529,1,0.89277,0.34541,0.22264,0.42975,0.33112,0.3534,0.25527,0.30425,0.068296,0.35899,0.51879,-0.10209,0.30984,0.071964,0.093534,0.54752,0.54663,0.45178,0.46891,0.49993,0.45571,0.41189,0.4752,0.42363,0.48166,0.32785,0.53031,0.21393,0.27825,0.45342,0.48805,0.45496,0.441,0.43192,0.357,0.44843,0.38698,0.33687,0.37147,0.43511,0.37145,0.37261,0.35845,0.0099903,-0.11162,-0.20007,-0.1559,-0.12993,0.054569,-0.21058,-0.22728,0.41248,0.4069,0.39882,0.40257,0.57961,0.51781,0.28344,0.37615,0.5575,0.40053,0.13192,0.321,-0.19827,-0.12819,-0.12104,0.0022049,0.091024,0.090659,-0.11091,-0.068049,-0.1633,-0.26129,-0.3428,-0.16432,-0.35919,-0.28172,-0.40358,-0.11455,-0.19875,-0.22193,-0.043265,0.067716,-0.37186,-0.30656,-0.27574,0.12843,0.051131,-0.33863
0.54419,0.45965,0.71505,0.62045,0.77164,0.69415,0.65863,0.59179,0.40239,0.79217,0.47844,0.54245,0.70963,0.55966,0.65948,0.66973,0.36323,0.36505,0.27678,0.30237,0.38029,0.37608,0.64677,0.62913,0.40807,0.71635,0.89277,1,0.43363,0.3324,0.46043,0.39426,0.4617,0.36518,0.47306,0.23488,0.44885,0.55315,0.099806,0.39529,0.17314,0.10433,0.56919,0.55399,0.49631,0.4922,0.52711,0.4851,0.47146,0.49501,0.51515,0.53821,0.41319,0.59761,0.28724,0.38765,0.4902,0.53749,0.55071,0.54435,0.54816,0.51856,0.49874,0.46614,0.43679,0.49733,0.53428,0.49218,0.37221,0.38089,0.089991,0.039967,-0.13971,-0.10874,-0.097217,0.050304,-0.17025,-0.11916,0.4684,0.48999,0.45397,0.45608,0.57644,0.56685,0.36753,0.43859,0.48354,0.43318,0.26417,0.48055,-0.055462,-0.10204,-0.0015844,0.058803,0.091159,0.12199,-0.064976,-0.027284,-0.090532,-0.20226,-0.19564,-0.057976,-0.26181,-0.19023,-0.24984,-0.067973,-0.076185,-0.10885,-0.038243,0.0073784,-0.32491,-0.25714,-0.21941,0.040914,0.00065603,-0.33292
0.6247,0.58527,0.55227,0.5946,0.47972,0.42476,0.64868,0.68179,0.49869,0.54773,0.80206,0.76053,0.69064,0.7674,0.61229,0.72674,0.80555,0.77777,0.49475,0.47774,0.56912,0.54285,0.48447,0.56808,0.41965,0.61025,0.34541,0.43363,1,0.89024,0.71759,0.71627,0.62248,0.66379,0.33298,0.22191,0.42531,0.41098,0.22998,0.29801,0.45383,0.4025,0.34794,0.32171,0.29214,0.29687,0.3594,0.31401,0.29196,0.30988,0.27616,0.28411,0.3164,0.30575,0.25894,0.31231,0.55017,0.56344,0.42294,0.42568,0.55958,0.53852,0.64966,0.78395,0.19771,0.36115,0.35224,0.36604,0.29793,0.31272,0.48435,0.45763,0.38963,0.32112,0.25537,0.17972,0.1049,0.21754,0.70833,0.72437,0.61643,0.54175,0.63798,0.70503,0.24945,0.37978,0.31119,0.41037,0.25216,0.47259,0.096547,0.01802,0.097769,0.076658,0.17899,0.27129,0.05686,0.075046,0.061017,-0.024662,0.096727,0.12817,0.10892,0.045704,0.059852,0.027069,0.16237,-0.047514,0.11892,0.20014,-0.11826,-0.045179,-0.022826,0.16188,0.10639,-0.10249
0.45247,0.50634,0.40968,0.54649,0.36244,0.39487,0.51071,0.6322,0.43483,0.463,0.65289,0.72807,0.5259,0.73737,0.47211,0.64342,0.68541,0.7666,0.4513,0.47335,0.52324,0.53981,0.38832,0.49237,0.35923,0.52333,0.22264,0.3324,0.89024,1,0.69943,0.71587,0.56628,0.65018,0.27934,0.21834,0.31307,0.3976,0.20989,0.29518,0.45272,0.53832,0.21838,0.20219,0.19117,0.20403,0.24981,0.24229,0.19347,0.21352,0.20989,0.20344,0.29458,0.22921,0.25771,0.31748,0.40818,0.44647,0.27304,0.30854,0.41071,0.4543,0.49052,0.70348,0.11248,0.28144,0.23951,0.28541,0.24812,0.278,0.50424,0.51354,0.4569,0.47423,0.27555,0.25835,0.15769,0.29366,0.5657,0.64084,0.44794,0.44325,0.53731,0.62767,0.15324,0.31867,0.24029,0.31602,0.21279,0.43292,0.17616,0.06114,0.14701,0.095592,0.27797,0.40784,0.13425,0.18593,0.12397,0.073112,0.19568,0.18536,0.21778,0.11956,0.13177,0.0862,0.20137,0.021395,0.16374,0.26947,0.00094737,0.043353,0.068261,0.21766,0.16505,-0.038248
0.48188,0.47173,0.59386,0.62826,0.49579,0.49476,0.60915,0.63633,0.34367,0.46772,0.54,0.607,0.53289,0.60705,0.46529,0.60178,0.57205,0.61482,0.50782,0.47933,0.54864,0.51161,0.60287,0.64367,0.41757,0.66233,0.42975,0.46043,0.71759,0.69943,1,0.95396,0.60263,0.65399,0.46105,0.31169,0.37852,0.41039,0.080635,0.22292,0.33961,0.35448,0.32002,0.29093,0.32968,0.31079,0.3243,0.31597,0.23098,0.26629,0.18917,0.18244,0.19596,0.20958,0.18478,0.23185,0.44788,0.48675,0.32189,0.34114,0.45984,0.49084,0.49594,0.63327,0.29772,0.33273,0.4189,0.46333,0.27642,0.30956,0.55904,0.46194,0.34453,0.32441,0.29479,0.30819,0.1883,0.26472,0.49747,0.56864,0.45109,0.48369,0.45401,0.52721,0.25081,0.37926,0.2313,0.31178,0.19629,0.31113,0.14719,0.14511,0.21705,0.21481,0.27462,0.27207,0.068475,0.11275,0.084808,0.033294,0.16497,0.17969,0.14767,0.094609,0.014541,0.058419,0.15342,-0.030856,0.083111,0.18395,-0.086922,0.0020447,0.040342,0.22196,0.22763,-0.1202
0.50606,0.50294,0.57922,0.65608,0.43664,0.49164,0.59203,0.64718,0.37519,0.43818,0.53574,0.59217,0.50298,0.60556,0.43481,0.5701,0.5828,0.64504,0.54585,0.5252,0.55847,0.522,0.57982,0.64084,0.41289,0.63823,0.33112,0.39426,0.71627,0.71587,0.95396,1,0.62831,0.68336,0.46328,0.3447,0.38666,0.40315,0.1076,0.21319,0.37102,0.38634,0.33043,0.29559,0.34844,0.32837,0.33752,0.33964,0.26027,0.27812,0.19923,0.18046,0.18507,0.17031,0.19474,0.24068,0.48054,0.49609,0.32697,0.34094,0.48135,0.48637,0.45826,0.62364,0.29729,0.34196,0.43346,0.48409,0.30206,0.33725,0.57296,0.5221,0.39591,0.38342,0.34748,0.34497,0.24363,0.34425,0.47536,0.57445,0.42103,0.46163,0.40682,0.47915,0.24151,0.37697,0.20013,0.2928,0.23216,0.31005,0.20593,0.17146,0.27063,0.25248,0.30164,0.28558,0.13176,0.16894,0.14526,0.093926,0.24554,0.24379,0.20914,0.16045,0.074515,0.10059,0.20386,0.036044,0.1347,0.23223,0.002505,0.086669,0.1195,0.25287,0.25893,-0.093191
0.76799,0.79337,0.67524,0.6956,0.57577,0.52184,0.69261,0.72581,0.44437,0.50989,0.61847,0.54449,0.48017,0.50172,0.3243,0.38216,0.72565,0.75574,0.77186,0.82667,0.52212,0.48227,0.44444,0.4875,0.32957,0.52263,0.3534,0.4617,0.62248,0.56628,0.60263,0.62831,1,0.94644,0.73638,0.67735,0.633,0.55369,0.38055,0.4481,0.35622,0.27865,0.62293,0.60191,0.69469,0.66471,0.61242,0.61992,0.64092,0.63416,0.55013,0.51819,0.42992,0.41044,0.43245,0.49233,0.79426,0.74742,0.71311,0.7088,0.64195,0.61799,0.52113,0.67291,0.30498,0.50406,0.80902,0.8037,0.74271,0.76315,0.42648,0.4275,0.33114,0.33399,0.3768,0.41146,0.45373,0.4802,0.57605,0.70458,0.44787,0.38137,0.35718,0.35655,0.17416,0.2633,0.15167,0.26105,0.36383,0.50623,0.33388,0.15485,0.28021,0.22312,0.29158,0.30513,0.38852,0.33419,0.35923,0.19989,0.21823,0.32156,0.20188,0.24091,0.088374,0.17734,0.36647,0.27863,0.14117,0.15728,0.20428,0.25088,0.23358,0.42945,0.33371,-0.28974
0.71379,0.81603,0.58413,0.6566,0.48903,0.45095,0.62753,0.71037,0.40186,0.46103,0.61658,0.58375,0.41746,0.50702,0.26472,0.36729,0.73466,0.78973,0.78936,0.86115,0.55308,0.53049,0.37863,0.45004,0.30148,0.4846,0.25527,0.36518,0.66379,0.65018,0.65399,0.68336,0.94644,1,0.63261,0.60802,0.56181,0.50199,0.36459,0.4236,0.38549,0.34741,0.52415,0.51274,0.5901,0.56934,0.53336,0.54701,0.53995,0.54311,0.44276,0.41584,0.36889,0.30644,0.38452,0.43444,0.74631,0.72836,0.61181,0.62782,0.59833,0.59118,0.4949,0.70947,0.21927,0.42285,0.70464,0.71596,0.71377,0.74548,0.49674,0.49256,0.43677,0.46516,0.44575,0.43928,0.49077,0.53665,0.55336,0.70505,0.40133,0.33777,0.32118,0.34921,0.0958,0.20701,0.11645,0.22386,0.3295,0.47262,0.31743,0.12455,0.26149,0.17754,0.29992,0.34414,0.40299,0.34589,0.36908,0.19914,0.24128,0.30328,0.27018,0.24568,0.13692,0.16579,0.37353,0.26664,0.17088,0.218,0.23982,0.26984,0.23838,0.45011,0.34977,-0.2
0.48988,0.44889,0.64458,0.64007,0.54977,0.50288,0.6139,0.60649,0.52958,0.41259,0.37585,0.29399,0.42196,0.35156,0.36103,0.33275,0.42374,0.47468,0.47133,0.45519,0.40182,0.31601,0.54664,0.54531,0.48946,0.55495,0.30425,0.47306,0.33298,0.27934,0.46105,0.46328,0.73638,0.63261,1,0.84206,0.53864,0.43798,0.40512,0.40795,0.21735,0.053454,0.48045,0.4562,0.61868,0.53526,0.47468,0.5024,0.4857,0.45101,0.46394,0.38692,0.34605,0.41516,0.36702,0.45012,0.49684,0.47288,0.574,0.54879,0.5726,0.6111,0.35986,0.39998,0.55697,0.53007,0.75893,0.7755,0.38371,0.42023,0.31934,0.34032,0.098725,0.073574,0.20618,0.26851,0.32581,0.35687,0.35757,0.44199,0.3432,0.31961,0.27204,0.2507,0.36631,0.31929,0.11075,0.22004,0.4611,0.4625,0.41999,0.26165,0.44022,0.40974,0.17445,0.13173,0.29373,0.25785,0.33213,0.25133,0.30588,0.41824,0.2214,0.31427,0.20028,0.26065,0.29581,0.30394,0.062552,0.0099126,0.20818,0.23747,0.23362,0.21165,0.18807,-0.2521
0.38953,0.41082,0.44478,0.52401,0.38936,0.40095,0.45363,0.52464,0.37151,0.23843,0.29259,0.21684,0.20632,0.25593,0.074781,0.11052,0.33143,0.3903,0.44002,0.46031,0.26121,0.1975,0.26959,0.31171,0.285,0.27614,0.068296,0.23488,0.22191,0.21834,0.31169,0.3447,0.67735,0.60802,0.84206,1,0.48906,0.37509,0.40525,0.36064,0.1629,0.041305,0.35529,0.35144,0.51362,0.45929,0.3704,0.43189,0.44052,0.39296,0.44616,0.37107,0.34487,0.30385,0.43689,0.45958,0.4017,0.39648,0.53923,0.53415,0.49274,0.55627,0.24494,0.35561,0.39239,0.50922,0.67429,0.73563,0.38056,0.41205,0.32925,0.37613,0.19955,0.2091,0.29154,0.35848,0.49074,0.50627,0.20671,0.3122,0.1706,0.14492,0.064857,0.026376,0.22106,0.17553,-0.066245,0.032307,0.46866,0.4518,0.53472,0.34436,0.47613,0.38427,0.26654,0.20363,0.45914,0.39288,0.45909,0.40678,0.40645,0.49387,0.37072,0.43938,0.32534,0.36559,0.4204,0.45745,0.20362,0.09378,0.42076,0.44501,0.42351,0.33836,0.30168,-0.11718
0.63018,0.51354,0.64239,0.54247,0.56755,0.50696,0.56224,0.51669,0.48528,0.506,0.47691,0.38038,0.49558,0.4432,0.42508,0.38291,0.42368,0.43726,0.55401,0.54306,0.55951,0.48217,0.49536,0.4496,0.30047,0.39123,0.35899,0.44885,0.42531,0.31307,0.37852,0.38666,0.633,0.56181,0.53864,0.48906,1,0.77017,0.67495,0.6555,0.63165,0.3906,0.51554,0.51198,0.51958,0.52226,0.54172,0.57585,0.53845,0.5339,0.51607,0.49556,0.43163,0.4986,0.48717,0.57068,0.58943,0.49018,0.54679,0.53938,0.48942,0.41648,0.39074,0.41795,0.37645,0.4356,0.62139,0.59247,0.52879,0.53475,0.47789,0.4303,0.35914,0.29664,0.46938,0.46176,0.39389,0.40007,0.43757,0.42947,0.45558,0.4522,0.5126,0.40849,0.44256,0.47347,0.32309,0.43669,0.53153,0.59068,0.42028,0.33163,0.44992,0.44992,0.28824,0.35952,0.41687,0.39944,0.36368,0.28513,0.30323,0.39901,0.24445,0.35301,0.23385,0.43461,0.40332,0.35078,0.24676,0.089333,0.26146,0.32861,0.32568,0.42619,0.36558,-0.045225
0.57936,0.53504,0.61019,0.56518,0.6063,0.52241,0.53768,0.5088,0.36081,0.57461,0.46551,0.44057,0.52308,0.47611,0.45204,0.46753,0.36427,0.42527,0.48282,0.52551,0.41262,0.41023,0.50084,0.47794,0.20224,0.42697,0.51879,0.55315,0.41098,0.3976,0.41039,0.40315,0.55369,0.50199,0.43798,0.37509,0.77017,1,0.51936,0.75555,0.55542,0.52252,0.52177,0.55059,0.5135,0.54186,0.52848,0.58357,0.49302,0.53888,0.47496,0.49381,0.3725,0.52633,0.40467,0.536,0.55273,0.53567,0.45297,0.48619,0.4173,0.32914,0.42949,0.44358,0.34988,0.39723,0.57678,0.55006,0.5511,0.5585,0.35309,0.2878,0.20833,0.21933,0.35241,0.45791,0.26109,0.27727,0.42937,0.45732,0.4392,0.51662,0.54363,0.47868,0.40285,0.53007,0.43123,0.45855,0.37291,0.52682,0.24462,0.17915,0.27029,0.27303,0.29441,0.43438,0.32222,0.35637,0.23623,0.15988,0.10476,0.21952,0.08887,0.21621,0.048014,0.33112,0.17026,0.2592,0.19918,0.18696,0.1515,0.16619,0.17001,0.41475,0.356,-0.083842
0.24006,0.21959,0.31299,0.29925,0.20131,0.10259,0.24003,0.23768,0.51809,0.13631,0.20179,0.10785,0.17832,0.25168,0.19605,0.13723,0.25076,0.26771,0.32875,0.30904,0.5513,0.45401,0.29118,0.29748,0.40748,0.24494,-0.10209,0.099806,0.22998,0.20989,0.080635,0.1076,0.38055,0.36459,0.40512,0.40525,0.67495,0.51936,1,0.70906,0.6895,0.39408,0.22206,0.2251,0.27986,0.25406,0.27941,0.33692,0.28931,0.26695,0.30286,0.22726,0.25557,0.24828,0.45347,0.54698,0.26605,0.19443,0.26401,0.2599,0.24609,0.19572,0.2127,0.20392,0.30476,0.30312,0.36024,0.34919,0.26153,0.28653,0.39224,0.4716,0.35849,0.2908,0.37633,0.26337,0.37737,0.39117,0.21938,0.19789,0.30057,0.30137,0.25681,0.24189,0.39329,0.37287,0.060497,0.31148,0.56014,0.56031,0.58501,0.36726,0.56463,0.45305,0.24288,0.36563,0.53623,0.50954,0.52952,0.48762,0.50404,0.49298,0.45701,0.54274,0.56135,0.52042,0.52272,0.55912,0.25653,-0.051576,0.4751,0.46455,0.40115,0.2517,0.25458,0.18977
0.35006,0.37437,0.4652,0.41841,0.43983,0.33919,0.38829,0.35631,0.41948,0.38898,0.26687,0.22261,0.33289,0.34419,0.34205,0.33517,0.31733,0.34785,0.33185,0.38034,0.42934,0.45851,0.43494,0.42801,0.3329,0.40049,0.30984,0.39529,0.29801,0.29518,0.22292,0.21319,0.4481,0.4236,0.40795,0.36064,0.6555,0.75555,0.70906,1,0.59835,0.53498,0.50582,0.54736,0.53343,0.54682,0.54257,0.62221,0.49241,0.53433,0.39027,0.41973,0.22947,0.36697,0.47856,0.66526,0.45201,0.43477,0.33664,0.35493,0.30395,0.21669,0.28937,0.31543,0.3036,0.3322,0.48655,0.44843,0.44008,0.46675,0.34748,0.33441,0.22827,0.22798,0.2653,0.31862,0.23913,0.25739,0.35655,0.34743,0.37142,0.43948,0.45658,0.41104,0.37593,0.48385,0.34079,0.41055,0.41539,0.52326,0.32025,0.17517,0.35885,0.30862,0.24735,0.45788,0.45631,0.55926,0.41582,0.33419,0.23069,0.26732,0.21472,0.31203,0.24933,0.44154,0.29525,0.44357,0.19627,0.091756,0.29894,0.2795,0.20117,0.37697,0.33738,-0.029615
0.30787,0.23413,0.35593,0.3167,0.24259,0.14183,0.28441,0.26406,0.44421,0.27817,0.35757,0.25614,0.33845,0.3858,0.37062,0.35007,0.38397,0.4074,0.40258,0.33263,0.61098,0.53517,0.44055,0.43861,0.41596,0.36966,0.071964,0.17314,0.45383,0.45272,0.33961,0.37102,0.35622,0.38549,0.21735,0.1629,0.63165,0.55542,0.6895,0.59835,1,0.67259,0.12765,0.13875,0.11864,0.12615,0.17933,0.23161,0.10936,0.12481,0.10563,0.072641,0.12052,0.15293,0.24787,0.34533,0.31354,0.22973,0.14871,0.13885,0.21059,0.18096,0.28321,0.30045,0.27203,0.25286,0.21461,0.21476,0.23254,0.26345,0.56947,0.57936,0.61613,0.50693,0.49483,0.32083,0.36177,0.40388,0.36107,0.35289,0.40122,0.45191,0.45208,0.44124,0.3967,0.44301,0.20026,0.4257,0.36195,0.43079,0.36927,0.30002,0.45895,0.40543,0.26809,0.35929,0.34756,0.38427,0.28432,0.33091,0.40009,0.3829,0.33919,0.40795,0.39918,0.46359,0.43929,0.33061,0.26876,0.066207,0.2977,0.3277,0.30272,0.31761,0.32729,0.093928
0.17216,0.19968,0.19868,0.2432,0.10514,0.14056,0.18192,0.21609,0.22703,0.18426,0.24099,0.26938,0.19895,0.38562,0.21383,0.24148,0.27072,0.34554,0.28705,0.32278,0.3618,0.42403,0.28289,0.3133,0.23782,0.26949,0.093534,0.10433,0.4025,0.53832,0.35448,0.38634,0.27865,0.34741,0.053454,0.041305,0.3906,0.52252,0.39408,0.53498,0.67259,1,0.059966,0.082423,0.066026,0.086985,0.10402,0.17451,0.040702,0.078468,0.026353,0.02183,0.091809,0.1402,0.26054,0.30014,0.19284,0.17115,0.0041523,0.030047,0.054439,0.031571,0.19107,0.27831,0.040103,0.11569,0.10862,0.12756,0.21396,0.24817,0.45775,0.44413,0.49615,0.56197,0.37369,0.36555,0.26846,0.34314,0.24993,0.25971,0.25686,0.35007,0.42071,0.38695,0.18373,0.37376,0.28581,0.28661,0.25037,0.28191,0.24088,0.22176,0.30835,0.2728,0.3409,0.47965,0.30688,0.37934,0.20891,0.24745,0.35514,0.30433,0.32912,0.31188,0.33042,0.41255,0.30385,0.25205,0.29224,0.21703,0.23074,0.21093,0.26487,0.32072,0.39034,0.14607
0.58214,0.62448,0.64579,0.5645,0.55454,0.54714,0.5907,0.53891,0.32058,0.54512,0.37753,0.32505,0.46439,0.33387,0.37431,0.36206,0.51709,0.48651,0.36347,0.46724,0.27456,0.24902,0.44047,0.42869,0.22534,0.46593,0.54752,0.56919,0.34794,0.21838,0.32002,0.33043,0.62293,0.52415,0.48045,0.35529,0.51554,0.52177,0.22206,0.50582,0.12765,0.059966,1,0.96804,0.93402,0.95106,0.96551,0.93627,0.90509,0.91962,0.67195,0.75002,0.35427,0.53051,0.46756,0.64177,0.7287,0.74518,0.643,0.64026,0.52762,0.38186,0.38652,0.4485,0.22889,0.37127,0.73137,0.6349,0.61418,0.63112,0.10134,0.11359,-0.090341,-0.079183,0.021337,0.19227,0.049505,0.066651,0.56088,0.58752,0.47945,0.43754,0.40282,0.34963,0.19564,0.31646,0.32316,0.27053,0.1955,0.34371,0.12651,-0.072532,0.01671,0.042485,0.10882,0.20329,0.29908,0.31292,0.35477,0.067229,-0.083899,-0.011278,-0.069838,-0.029753,-0.14023,0.043833,0.078598,0.13255,-0.019248,0.060733,-0.036645,0.031265,-0.028991,0.33179,0.28686,-0.4101
