1,0.89253,0.8715,0.81036,0.78908,0.80501,0.85281,0.83733,0.69068,0.73199,0.73974,0.73326,0.7376,0.73737,0.67968,0.72894,0.73423,0.719,0.8325,0.84526,0.55076,0.5547,0.76427,0.74291,0.73106,0.59808,0.49023,0.48448,0.62188,0.69745,0.58249,0.59471,0.8184,0.8214,0.64282,0.62588,0.41211,0.2097,0.63947,0.52973,0.49708,0.40204,0.71543,0.66041,0.5905,0.59236,0.70027,0.6843,0.68203,0.64319,0.70205,0.55028,0.58613,0.58334,0.58575,0.5844,0.89159,0.83523,0.82447,0.75291,0.75153,0.72858,0.76059,0.77363,0.45851,0.55191,0.75487,0.74756,0.74367,0.76592,0.34861,0.33585,0.46715,0.50512,0.4281,0.41112,0.36671,0.41586,0.68186,0.62458,0.7518,0.72757,0.65279,0.6896,0.52255,0.48809,0.35813,0.35594,0.62154,0.60404,0.0038445,-0.033362,0.19551,0.17141,0.13465,0.13203,0.27835,0.12506,-0.091911,-0.023219,0.32556,0.25427,0.024599,0.025584,-0.15146,0.086927,0.057916,0.0028132,0.11986,0.27223,0.23252,0.1114,-0.027109,0.11966,-0.073252,-0.31814
0.89253,1,0.76682,0.80478,0.70575,0.73107,0.74014,0.80113,0.61304,0.67699,0.63472,0.77619,0.63078,0.75138,0.64685,0.74075,0.73358,0.76631,0.82545,0.88613,0.57537,0.55207,0.69518,0.70208,0.63092,0.58431,0.44846,0.43334,0.6624,0.74548,0.6212,0.62411,0.81755,0.82775,0.55979,0.52795,0.34419,0.16375,0.60597,0.52889,0.50758,0.45789,0.70417,0.67605,0.56676,0.5865,0.67834,0.69243,0.63816,0.59995,0.58584,0.44629,0.47458,0.56366,0.50922,0.58532,0.891,0.89419,0.65378,0.6616,0.52235,0.58671,0.69658,0.80862,0.30841,0.38877,0.68434,0.70863,0.79895,0.81872,0.33238,0.3071,0.51811,0.58805,0.45946,0.43418,0.37077,0.43673,0.67913,0.64857,0.73919,0.71646,0.63981,0.71081,0.40766,0.46113,0.31221,0.34598,0.44292,0.48857,-0.12855,-0.15719,0.058898,0.040395,0.12321,0.19272,0.26899,0.12365,-0.1611,-0.054472,0.2234,0.1299,-0.026289,-0.069659,-0.14502,0.044142,-0.012115,-0.098966,0.12598,0.25468,0.20593,0.06351,-0.16021,0.050965,-0.09282,-0.34228
0.8715,0.76682,1,0.86054,0.85895,0.79767,0.95676,0.82953,0.8078,0.78897,0.67218,0.65213,0.74074,0.69389,0.71525,0.72725,0.66131,0.62232,0.78843,0.74705,0.55824,0.54513,0.86249,0.81631,0.82624,0.68289,0.58839,0.56066,0.59405,0.6324,0.65481,0.65762,0.78314,0.78025,0.70348,0.67807,0.42676,0.20328,0.64112,0.45758,0.42391,0.30404,0.77243,0.71811,0.67581,0.68933,0.76565,0.75112,0.75196,0.69261,0.72983,0.54029,0.57564,0.58545,0.57504,0.5904,0.8043,0.74999,0.7951,0.72221,0.75995,0.7323,0.7511,0.73832,0.64119,0.61121,0.80255,0.78939,0.66206,0.68678,0.46032,0.46079,0.4213,0.44219,0.43278,0.42183,0.4258,0.47544,0.64178,0.54354,0.71263,0.68346,0.60122,0.62348,0.57153,0.52221,0.32723,0.32251,0.60903,0.59002,0.079575,0.064967,0.28318,0.27318,0.22848,0.19136,0.34121,0.16294,-0.005453,0.062961,0.4167,0.32633,0.10972,0.088952,-0.059665,0.18864,0.12692,0.092413,0.16378,0.33494,0.28963,0.14681,0.046507,0.14705,0.0027077,-0.29207
0.81036,0.80478,0.86054,1,0.79297,0.8112,0.82982,0.8817,0.68326,0.79175,0.56175,0.71331,0.58927,0.71407,0.6113,0.71556,0.61017,0.59287,0.71264,0.71538,0.55066,0.52124,0.77533,0.83503,0.75391,0.71235,0.56346,0.56876,0.56212,0.6284,0.69579,0.70488,0.75034,0.75835,0.68364,0.66698,0.36427,0.20039,0.59169,0.46872,0.38605,0.33699,0.71757,0.6946,0.61192,0.65024,0.68159,0.69665,0.67361,0.63719,0.64498,0.49984,0.49764,0.54552,0.50366,0.57235,0.77829,0.71263,0.69046,0.66375,0.5897,0.69216,0.66592,0.73312,0.48057,0.58654,0.75244,0.78524,0.60488,0.64829,0.40413,0.4055,0.40651,0.43304,0.42416,0.39485,0.38209,0.44254,0.58577,0.51348,0.67715,0.64722,0.557,0.6,0.44724,0.5434,0.25981,0.28232,0.4658,0.49321,-0.0032708,-0.03707,0.19854,0.1494,0.12507,0.13342,0.23937,0.08278,-0.091471,0.0064725,0.34295,0.224,0.042338,0.0032273,-0.0048354,0.15498,0.048673,-0.0122,0.11067,0.22928,0.20631,0.042438,-0.094195,0.04464,-0.013609,-0.28458
0.78908,0.70575,0.85895,0.79297,1,0.89891,0.86905,0.83037,0.88224,0.86191,0.46863,0.53494,0.56271,0.55971,0.55364,0.58977,0.5266,0.53814,0.69833,0.6892,0.5082,0.52564,0.70481,0.71116,0.72724,0.51634,0.51192,0.46036,0.48231,0.54391,0.52879,0.48691,0.72389,0.7286,0.59955,0.62656,0.42384,0.26968,0.50734,0.40883,0.33242,0.28762,0.69011,0.62472,0.60344,0.63549,0.68508,0.66485,0.70298,0.70975,0.7005,0.58568,0.56443,0.57811,0.5118,0.54085,0.73404,0.71524,0.80464,0.78643,0.74561,0.77889,0.61626,0.67625,0.4992,0.62307,0.76691,0.75495,0.6346,0.66068,0.43903,0.44624,0.41305,0.42483,0.46488,0.44778,0.41785,0.47459,0.47733,0.47068,0.57211,0.54908,0.50259,0.5127,0.40275,0.41694,0.22688,0.13407,0.55626,0.59421,0.21565,0.1923,0.35559,0.37192,0.23647,0.11479,0.37432,0.13451,0.069539,0.14433,0.48418,0.42607,0.20547,0.24578,-0.023761,0.26171,0.22452,0.25232,0.17007,0.31756,0.34092,0.20724,0.11969,0.23427,0.083024,-0.20977
0.80501,0.73107,0.79767,0.8112,0.89891,1,0.82354,0.88609,0.77396,0.88433,0.48643,0.58359,0.56412,0.59255,0.50989,0.58898,0.56279,0.56215,0.66115,0.6822,0.50898,0.52342,0.65793,0.7252,0.6887,0.52734,0.41917,0.45382,0.5052,0.57055,0.53467,0.4882,0.70123,0.72808,0.56817,0.58559,0.39177,0.22043,0.4992,0.40916,0.34102,0.2912,0.6622,0.60441,0.55173,0.59536,0.65368,0.63629,0.66257,0.66869,0.69575,0.58379,0.58263,0.55665,0.53814,0.52868,0.73649,0.70618,0.77735,0.74443,0.71268,0.7865,0.57471,0.65882,0.42266,0.62041,0.70923,0.71127,0.60423,0.63901,0.38292,0.40329,0.40952,0.42977,0.42988,0.42392,0.39584,0.46176,0.50244,0.48611,0.57171,0.50668,0.50485,0.51528,0.34462,0.35324,0.21251,0.0905,0.54034,0.53953,0.13369,0.076075,0.28004,0.26032,0.17611,0.082259,0.31721,0.1133,0.0070873,0.053876,0.41434,0.3388,0.14467,0.15857,-0.049007,0.19574,0.15473,0.14713,0.1411,0.25387,0.27021,0.1417,0.062402,0.19468,0.03355,-0.23301
0.85281,0.74014,0.95676,0.82982,0.86905,0.82354,1,0.87198,0.84921,0.83076,0.68342,0.64756,0.78657,0.71083,0.7014,0.71821,0.6748,0.62885,0.73009,0.705,0.51179,0.49,0.7949,0.76641,0.77409,0.61247,0.54335,0.49407,0.61658,0.65366,0.60098,0.5906,0.74654,0.74795,0.62878,0.62028,0.40943,0.18791,0.59712,0.40704,0.37628,0.26157,0.74291,0.69058,0.64218,0.6657,0.74215,0.72568,0.72049,0.66648,0.7113,0.52254,0.56155,0.56071,0.56838,0.55965,0.77731,0.71237,0.78759,0.70011,0.81143,0.7617,0.76838,0.75528,0.60685,0.60793,0.75175,0.73827,0.62363,0.63618,0.44639,0.45609,0.42041,0.42233,0.42236,0.41046,0.41907,0.47652,0.63813,0.55544,0.71171,0.674,0.60691,0.63358,0.5417,0.47886,0.28261,0.2445,0.6348,0.57182,0.079262,0.063197,0.26799,0.27396,0.24785,0.22172,0.34061,0.20423,0.010413,0.074553,0.41562,0.32864,0.12545,0.11694,-0.065979,0.1851,0.1407,0.099446,0.19404,0.3445,0.25368,0.14549,0.093464,0.19548,0.025018,-0.27074
0.83733,0.80113,0.82953,0.8817,0.83037,0.88609,0.87198,1,0.72383,0.84526,0.59772,0.76508,0.66641,0.76471,0.56112,0.68957,0.64606,0.65955,0.67892,0.7045,0.50314,0.45163,0.6612,0.73654,0.64925,0.55621,0.43329,0.43352,0.62009,0.70592,0.60937,0.57371,0.72415,0.74865,0.53173,0.55466,0.35046,0.16094,0.53852,0.4308,0.35399,0.29018,0.65134,0.61789,0.50948,0.56254,0.63315,0.62902,0.62467,0.59989,0.66369,0.53047,0.53568,0.52435,0.53116,0.53339,0.76081,0.69385,0.7333,0.67,0.70595,0.78853,0.65026,0.76659,0.3645,0.56181,0.667,0.69503,0.60021,0.62976,0.34291,0.36674,0.4147,0.45269,0.37623,0.3793,0.3747,0.44707,0.57966,0.55321,0.65322,0.60434,0.58111,0.61691,0.33485,0.38671,0.15627,0.1197,0.51157,0.47807,-0.029546,-0.059908,0.14474,0.12949,0.098141,0.14949,0.19032,0.086544,-0.11198,-0.036608,0.31117,0.19613,0.0080614,0.0044723,-0.11374,0.081188,-0.0032138,-0.030199,0.10641,0.21057,0.13545,0.0071335,-0.072175,0.061874,-0.065055,-0.30066
0.69068,0.61304,0.8078,0.68326,0.88224,0.77396,0.84921,0.72383,1,0.83598,0.48222,0.45316,0.62094,0.52291,0.61401,0.59189,0.50411,0.52295,0.63657,0.62316,0.47942,0.4732,0.67338,0.64213,0.69177,0.5081,0.52715,0.45495,0.48152,0.5207,0.4963,0.47126,0.66404,0.66326,0.4847,0.52641,0.41257,0.24597,0.47223,0.31621,0.31478,0.22916,0.63888,0.56726,0.55539,0.57235,0.64164,0.61439,0.60964,0.59351,0.58208,0.44384,0.44378,0.48637,0.4307,0.45405,0.65444,0.65133,0.67078,0.66374,0.67282,0.65834,0.63927,0.65745,0.50614,0.54221,0.64694,0.63402,0.58773,0.60422,0.44297,0.47525,0.41056,0.39827,0.42961,0.40609,0.40706,0.47681,0.44873,0.45373,0.53645,0.53083,0.49416,0.5169,0.40626,0.36657,0.23887,0.1487,0.53396,0.5512,0.18984,0.18558,0.33665,0.37038,0.31063,0.19125,0.41024,0.22346,0.094101,0.15904,0.43521,0.40247,0.21535,0.24682,-0.052745,0.24121,0.29608,0.24807,0.24684,0.38154,0.34373,0.23793,0.18296,0.28697,0.083269,-0.16837
0.73199,0.67699,0.78897,0.79175,0.86191,0.88433,0.83076,0.84526,0.83598,1,0.51943,0.57142,0.61573,0.608,0.56218,0.62062,0.50848,0.50541,0.59686,0.60541,0.4173,0.42203,0.64855,0.71281,0.66417,0.53536,0.48414,0.4702,0.45873,0.50405,0.49974,0.47898,0.61496,0.63039,0.48283,0.51252,0.35484,0.19282,0.45227,0.31862,0.28292,0.2181,0.60966,0.55509,0.52328,0.56259,0.60563,0.58326,0.59584,0.60598,0.61217,0.49074,0.50061,0.49382,0.46485,0.46594,0.67139,0.66037,0.67317,0.67581,0.66571,0.75511,0.58651,0.64815,0.4734,0.62929,0.62525,0.6343,0.55409,0.57618,0.35751,0.3901,0.33957,0.34395,0.35912,0.32627,0.33194,0.41024,0.43312,0.41392,0.51571,0.4877,0.46141,0.48829,0.38725,0.39509,0.21442,0.12314,0.5281,0.55006,0.1214,0.079472,0.27264,0.25667,0.19898,0.12589,0.32624,0.14869,0.027085,0.072301,0.38642,0.31319,0.13116,0.13227,-0.039127,0.17056,0.16916,0.16602,0.14861,0.26439,0.26119,0.1512,0.072606,0.20035,0.044015,-0.1793
0.73974,0.63472,0.67218,0.56175,0.46863,0.48643,0.68342,0.59772,0.48222,0.51943,1,0.72344,0.90527,0.80038,0.78164,0.74056,0.65161,0.61239,0.55309,0.54681,0.37124,0.33931,0.67172,0.6037,0.61778,0.54158,0.45499,0.41335,0.58788,0.60539,0.43107,0.47891,0.50061,0.50916,0.44117,0.40959,0.31745,0.1109,0.58043,0.45261,0.44314,0.3061,0.4936,0.46573,0.41988,0.40365,0.49096,0.47657,0.45627,0.38282,0.4463,0.29698,0.46597,0.36198,0.5316,0.4442,0.57354,0.5197,0.52637,0.43026,0.61878,0.49083,0.68829,0.5639,0.42404,0.32071,0.44308,0.44193,0.42151,0.4322,0.14499,0.13998,0.24052,0.2681,0.1522,0.15081,0.0517,0.088941,0.63538,0.54508,0.70069,0.72364,0.66979,0.68933,0.66459,0.53673,0.46703,0.55408,0.62116,0.47878,-0.15761,-0.14763,-0.01102,-0.013386,0.045894,0.1705,0.10577,0.083178,-0.19426,-0.15757,0.083925,0.015695,-0.15822,-0.18598,-0.17759,-0.069552,-0.17008,-0.19704,0.051985,0.18626,0.0012141,-0.048027,-0.073406,-0.037282,-0.14837,-0.20477
0.73326,0.77619,0.65213,0.71331,0.53494,0.58359,0.64756,0.76508,0.45316,0.57142,0.72344,1,0.69751,0.90406,0.64203,0.75053,0.5895,0.65062,0.58147,0.60809,0.40854,0.28485,0.59391,0.59182,0.5405,0.5191,0.44306,0.39743,0.61762,0.70927,0.50979,0.52309,0.55783,0.56057,0.40148,0.34121,0.20861,0.027794,0.49128,0.42343,0.39123,0.31467,0.44558,0.43246,0.33242,0.36048,0.44221,0.43507,0.4585,0.45452,0.52123,0.44156,0.49528,0.50395,0.51528,0.51328,0.61174,0.58594,0.51868,0.50191,0.46956,0.52932,0.59317,0.71661,0.19276,0.25079,0.45058,0.50091,0.46949,0.50043,0.090698,0.083637,0.2821,0.3522,0.16592,0.15875,0.063578,0.13486,0.54807,0.52153,0.66099,0.6716,0.59428,0.67489,0.45288,0.54564,0.28989,0.39982,0.45535,0.44113,-0.29084,-0.251,-0.15359,-0.14986,-0.085155,0.10617,-0.043843,-0.040625,-0.3146,-0.23809,0.021449,-0.1005,-0.25231,-0.27943,-0.23812,-0.15574,-0.26913,-0.29825,-0.044109,0.051804,-0.12882,-0.2233,-0.32249,-0.19331,-0.25584,-0.28649
0.7376,0.63078,0.74074,0.58927,0.56271,0.56412,0.78657,0.66641,0.62094,0.61573,0.90527,0.69751,1,0.82412,0.84567,0.77221,0.63762,0.59759,0.57826,0.55825,0.41008,0.38659,0.71762,0.63796,0.65723,0.55105,0.48642,0.44986,0.61398,0.62394,0.45944,0.48756,0.52501,0.53529,0.44128,0.41405,0.352,0.16339,0.60049,0.45119,0.43613,0.28467,0.53932,0.50132,0.46049,0.45506,0.53528,0.51555,0.50828,0.43031,0.4852,0.32054,0.44245,0.36975,0.52406,0.45614,0.57573,0.53265,0.55416,0.45166,0.67241,0.53501,0.69983,0.58902,0.49826,0.3677,0.46324,0.45614,0.44149,0.44862,0.20287,0.21996,0.25537,0.26962,0.20413,0.18834,0.10706,0.15415,0.62339,0.52314,0.67629,0.68102,0.68676,0.6733,0.62775,0.48939,0.43685,0.45328,0.63895,0.49672,-0.15274,-0.13397,0.0076175,0.030033,0.10648,0.25527,0.12894,0.13197,-0.1835,-0.13933,0.12651,0.060237,-0.10725,-0.13803,-0.1532,-0.025479,-0.10696,-0.14899,0.10299,0.2462,-0.0091007,-0.059028,-0.059107,-0.0039798,-0.12199,-0.20689
0.73737,0.75138,0.69389,0.71407,0.55971,0.59255,0.71083,0.76471,0.52291,0.608,0.80038,0.90406,0.82412,1,0.78156,0.85471,0.66183,0.70568,0.57352,0.59927,0.51732,0.40511,0.70898,0.71678,0.6634,0.64328,0.55065,0.5308,0.6793,0.75035,0.56579,0.5782,0.58225,0.58594,0.47816,0.42747,0.31295,0.11981,0.61572,0.51598,0.47513,0.39361,0.52265,0.50534,0.39881,0.41655,0.51763,0.51362,0.48435,0.43989,0.48756,0.35186,0.44886,0.44526,0.53451,0.5414,0.62588,0.5855,0.5014,0.45845,0.51989,0.52923,0.6716,0.71752,0.35631,0.31301,0.47026,0.50577,0.46688,0.49164,0.17114,0.1696,0.28862,0.34493,0.18138,0.17293,0.083252,0.15688,0.63524,0.60314,0.72089,0.74106,0.70161,0.75827,0.52628,0.57483,0.3722,0.45298,0.52645,0.47866,-0.27894,-0.23797,-0.12321,-0.11088,-0.012678,0.21958,0.016184,0.051739,-0.31541,-0.21778,0.028243,-0.076493,-0.23607,-0.27449,-0.17966,-0.10071,-0.25501,-0.29846,0.039178,0.15882,-0.10598,-0.19084,-0.27356,-0.14961,-0.20367,-0.24229
0.67968,0.64685,0.71525,0.6113,0.55364,0.50989,0.7014,0.56112,0.61401,0.56218,0.78164,0.64203,0.84567,0.78156,1,0.90279,0.70833,0.69513,0.63917,0.62994,0.58268,0.55246,0.80825,0.71915,0.74434,0.729,0.63826,0.6215,0.72634,0.71257,0.62248,0.64897,0.61468,0.62102,0.53712,0.50063,0.32544,0.12417,0.67232,0.51612,0.5166,0.42906,0.61679,0.58494,0.53859,0.52449,0.60066,0.60125,0.52162,0.42594,0.39591,0.22235,0.34865,0.38809,0.47345,0.49697,0.62844,0.60886,0.46748,0.40846,0.46553,0.40159,0.73737,0.65989,0.51088,0.2803,0.53314,0.52573,0.5176,0.52485,0.26921,0.2459,0.34278,0.34999,0.27369,0.20982,0.10542,0.17228,0.71301,0.63626,0.75042,0.75969,0.82326,0.79743,0.60951,0.54039,0.53152,0.56027,0.45701,0.42786,-0.24075,-0.21969,-0.075467,-0.046183,0.17177,0.33398,0.19374,0.1507,-0.25549,-0.15904,0.056266,0.010309,-0.14146,-0.19947,-0.17062,-0.028016,-0.059036,-0.17512,0.20858,0.35702,0.037906,-0.061931,-0.15023,-0.028545,-0.15729,-0.21526
0.72894,0.74075,0.72725,0.71556,0.58977,0.58898,0.71821,0.68957,0.59189,0.62062,0.74056,0.75053,0.77221,0.85471,0.90279,1,0.75215,0.77258,0.67972,0.7005,0.64461,0.58645,0.78201,0.7652,0.72675,0.75419,0.60048,0.61814,0.78114,0.81696,0.68513,0.71308,0.67285,0.69273,0.54376,0.51683,0.30079,0.095986,0.66819,0.51661,0.51487,0.46021,0.6373,0.6072,0.50313,0.5078,0.61539,0.61068,0.51561,0.42015,0.42564,0.23882,0.35299,0.41811,0.45829,0.50297,0.70445,0.66449,0.49843,0.43507,0.45646,0.46097,0.74199,0.74787,0.42166,0.28882,0.5587,0.57461,0.55653,0.58211,0.27605,0.25241,0.41299,0.44218,0.30989,0.27991,0.18068,0.27535,0.75516,0.71547,0.79269,0.78348,0.82445,0.86093,0.51261,0.5201,0.43978,0.47785,0.40372,0.39524,-0.29476,-0.26946,-0.096244,-0.077282,0.11737,0.29594,0.14601,0.074317,-0.29877,-0.20037,0.051466,-0.020193,-0.17724,-0.23468,-0.20532,-0.06187,-0.093837,-0.20963,0.1825,0.30429,0.0128,-0.10465,-0.22242,-0.07109,-0.20534,-0.23155
0.73423,0.73358,0.66131,0.61017,0.5266,0.56279,0.6748,0.64606,0.50411,0.50848,0.65161,0.5895,0.63762,0.66183,0.70833,0.75215,1,0.92731,0.70734,0.75963,0.65698,0.60031,0.69283,0.6698,0.61657,0.6495,0.42704,0.4464,0.90364,0.8785,0.75082,0.74962,0.79545,0.82382,0.51898,0.52897,0.34832,0.11942,0.63761,0.52408,0.47975,0.41786,0.68632,0.67637,0.55679,0.55886,0.69205,0.71059,0.52884,0.41137,0.40266,0.20381,0.31714,0.38314,0.48063,0.5225,0.82381,0.73913,0.52154,0.38628,0.46399,0.41698,0.80034,0.78011,0.33968,0.26404,0.59108,0.58368,0.69453,0.68776,0.39845,0.34812,0.55711,0.55831,0.41419,0.40233,0.33837,0.39043,0.93666,0.89349,0.89769,0.80683,0.79086,0.83342,0.3718,0.34684,0.28338,0.34329,0.37375,0.32002,-0.21956,-0.26767,-0.037304,-0.062072,0.19491,0.32931,0.28664,0.22793,-0.17125,-0.066613,0.12365,0.028623,-0.065959,-0.1406,-0.1992,0.0045514,-0.028997,-0.18076,0.27465,0.36704,0.19117,0.073232,-0.095111,0.058363,-0.096608,-0.2535
0.719,0.76631,0.62232,0.59287,0.53814,0.56215,0.62885,0.65955,0.52295,0.50541,0.61239,0.65062,0.59759,0.70568,0.69513,0.77258,0.92731,1,0.70234,0.77134,0.67119,0.59271,0.67895,0.66579,0.60499,0.6247,0.42492,0.4384,0.89653,0.9262,0.74263,0.72956,0.78275,0.81146,0.49028,0.49744,0.33429,0.11701,0.61652,0.53375,0.52529,0.47324,0.64187,0.6225,0.49737,0.50089,0.64346,0.65501,0.48755,0.39302,0.38238,0.2034,0.30412,0.40828,0.45644,0.53469,0.80379,0.7606,0.47264,0.38637,0.40777,0.41388,0.76815,0.82056,0.27383,0.21937,0.5538,0.55661,0.69108,0.69385,0.35764,0.30708,0.56247,0.60739,0.39383,0.41117,0.29327,0.36193,0.87273,0.92464,0.8623,0.82418,0.79226,0.87059,0.31983,0.34616,0.26416,0.33727,0.33061,0.35365,-0.24598,-0.26398,-0.084879,-0.072542,0.13637,0.27834,0.24674,0.16273,-0.22144,-0.10221,0.068324,-0.0030102,-0.11488,-0.17365,-0.24036,-0.034681,-0.081913,-0.21762,0.24192,0.31169,0.1543,0.025806,-0.15789,0.0048281,-0.1462,-0.25189
0.8325,0.82545,0.78843,0.71264,0.69833,0.66115,0.73009,0.67892,0.63657,0.59686,0.55309,0.58147,0.57826,0.57352,0.63917,0.67972,0.70734,0.70234,1,0.94708,0.58034,0.62667,0.72876,0.65594,0.61291,0.53504,0.3877,0.41484,0.6514,0.69833,0.65349,0.66596,0.8687,0.87426,0.57613,0.58071,0.37908,0.20488,0.56732,0.49946,0.46346,0.43038,0.7101,0.66129,0.58754,0.5969,0.68444,0.68838,0.63017,0.56819,0.54929,0.38709,0.4047,0.49507,0.43164,0.51856,0.84074,0.79969,0.66801,0.61857,0.53851,0.53788,0.69625,0.71394,0.38752,0.37855,0.7285,0.71893,0.81085,0.82462,0.46872,0.40863,0.59716,0.64628,0.54809,0.54933,0.47789,0.51854,0.68044,0.63269,0.71459,0.68457,0.61283,0.65397,0.3981,0.37784,0.32698,0.33066,0.41261,0.47515,0.006783,0.0036547,0.20453,0.20371,0.20865,0.18531,0.33533,0.14869,-0.03918,0.07568,0.36276,0.29967,0.12227,0.11504,-0.083823,0.18227,0.14278,0.054639,0.19364,0.3371,0.32728,0.18148,-0.015585,0.15094,-0.020099,-0.29478
0.84526,0.88613,0.74705,0.71538,0.6892,0.6822,0.705,0.7045,0.62316,0.60541,0.54681,0.60809,0.55825,0.59927,0.62994,0.7005,0.75963,0.77134,0.94708,1,0.61126,0.67413,0.69939,0.66922,0.59876,0.54233,0.35558,0.39258,0.69854,0.75672,0.66219,0.6652,0.89994,0.91833,0.55972,0.58014,0.41323,0.22773,0.59007,0.53647,0.5255,0.49769,0.71714,0.66403,0.56884,0.57326,0.69064,0.70158,0.60391,0.54207,0.51624,0.35434,0.38541,0.48242,0.43569,0.52246,0.88012,0.86093,0.63931,0.61767,0.49653,0.53125,0.70635,0.75965,0.30472,0.35542,0.70927,0.70879,0.86247,0.87778,0.46502,0.41047,0.64814,0.69031,0.57751,0.58726,0.51706,0.56057,0.71117,0.68714,0.74431,0.70171,0.65217,0.71004,0.36294,0.35268,0.31885,0.31445,0.4007,0.45794,-0.014733,-0.055053,0.18703,0.16123,0.24478,0.22206,0.37466,0.17371,-0.059784,0.049654,0.34206,0.25955,0.12155,0.073248,-0.075574,0.17845,0.13147,0.024775,0.23209,0.37916,0.35449,0.20817,-0.02659,0.14749,-0.0032793,-0.30283
0.55076,0.57537,0.55824,0.55066,0.5082,0.50898,0.51179,0.50314,0.47942,0.4173,0.37124,0.40854,0.41008,0.51732,0.58268,0.64461,0.65698,0.67119,0.58034,0.61126,1,0.80949,0.68236,0.70452,0.6619,0.70689,0.58397,0.62439,0.64316,0.65784,0.72318,0.70899,0.66948,0.69265,0.53026,0.5345,0.49377,0.37635,0.66868,0.62906,0.5637,0.5481,0.54798,0.50771,0.3979,0.38911,0.55586,0.54548,0.40356,0.3246,0.37021,0.21883,0.35158,0.39159,0.44549,0.50548,0.60985,0.5661,0.40165,0.34702,0.32026,0.35774,0.55718,0.56454,0.40618,0.35003,0.48997,0.4941,0.52917,0.53018,0.50966,0.48088,0.50158,0.50422,0.44212,0.4037,0.36154,0.43372,0.64988,0.67711,0.64557,0.6086,0.642,0.66766,0.32877,0.3666,0.40957,0.33836,0.32765,0.38776,-0.043571,-0.026245,0.11792,0.11303,0.19604,0.22824,0.2673,0.15284,-0.079741,-0.0044006,0.19437,0.14751,0.056687,0.0095126,-0.015334,0.16254,0.08613,-0.021639,0.27684,0.32667,0.23274,0.097101,-0.056024,0.10049,0.0029026,-0.13664
0.5547,0.55207,0.54513,0.52124,0.52564,0.52342,0.49,0.45163,0.4732,0.42203,0.33931,0.28485,0.38659,0.40511,0.55246,0.58645,0.60031,0.59271,0.62667,0.67413,0.80949,1,0.61985,0.64937,0.58241,0.60242,0.40147,0.54836,0.58618,0.59408,0.60456,0.60825,0.68059,0.71271,0.49245,0.54223,0.6097,0.49838,0.70473,0.69923,0.61913,0.69127,0.55555,0.50017,0.42227,0.41981,0.54796,0.55265,0.41528,0.36187,0.36295,0.21738,0.30993,0.34517,0.40863,0.46693,0.61982,0.59094,0.4402,0.3782,0.34826,0.37486,0.51144,0.48302,0.36273,0.36492,0.52093,0.51519,0.5831,0.59221,0.5569,0.55639,0.54025,0.54455,0.5222,0.49652,0.44103,0.48836,0.60865,0.60815,0.62308,0.58778,0.65327,0.63863,0.37157,0.32882,0.46897,0.34411,0.39311,0.42592,0.088183,0.046225,0.27509,0.23093,0.30104,0.31064,0.36289,0.20919,0.036219,0.07536,0.35077,0.30263,0.22066,0.14378,0.11522,0.29119,0.22371,0.1515,0.273,0.43072,0.36177,0.25539,0.084023,0.2052,0.12957,-0.13392
0.76427,0.69518,0.86249,0.77533,0.70481,0.65793,0.7949,0.6612,0.67338,0.64855,0.67172,0.59391,0.71762,0.70898,0.80825,0.78201,0.69283,0.67895,0.72876,0.69939,0.68236,0.61985,1,0.92662,0.89772,0.83528,0.71104,0.72483,0.62632,0.63453,0.74123,0.76542,0.7274,0.7327,0.75574,0.68724,0.44154,0.23956,0.6798,0.54604,0.53273,0.41594,0.72668,0.68064,0.64214,0.6235,0.70828,0.70425,0.65585,0.56763,0.53238,0.33848,0.45258,0.50264,0.50095,0.57444,0.73336,0.68088,0.60073,0.56392,0.57246,0.56549,0.76323,0.67852,0.72745,0.52562,0.69708,0.68243,0.56024,0.60106,0.44037,0.40167,0.38267,0.38716,0.38275,0.33708,0.29768,0.33364,0.69891,0.61648,0.73736,0.72822,0.65667,0.68267,0.61541,0.57061,0.46301,0.49937,0.53758,0.58385,-0.031388,-0.023308,0.17657,0.15022,0.133,0.15366,0.2546,0.080346,-0.13305,-0.034598,0.23984,0.18969,-0.0018917,-0.05372,-0.052523,0.15052,0.0031055,-0.054632,0.14328,0.28058,0.20377,0.044367,-0.093706,0.020814,-0.017752,-0.24608
0.74291,0.70208,0.81631,0.83503,0.71116,0.7252,0.76641,0.73654,0.64213,0.71281,0.6037,0.59182,0.63796,0.71678,0.71915,0.7652,0.6698,0.66579,0.65594,0.66922,0.70452,0.64937,0.92662,1,0.87462,0.89342,0.69512,0.75784,0.60387,0.62491,0.75034,0.77519,0.71785,0.72457,0.7531,0.71651,0.43632,0.25432,0.67806,0.54597,0.50541,0.42493,0.68598,0.64743,0.56866,0.57608,0.66158,0.6599,0.59353,0.52968,0.51252,0.3313,0.44408,0.47742,0.47634,0.54107,0.73165,0.67357,0.57599,0.55998,0.54672,0.63627,0.70172,0.67945,0.67443,0.62995,0.66821,0.67648,0.54625,0.58727,0.42653,0.41857,0.36325,0.36345,0.36438,0.30842,0.30467,0.35558,0.64915,0.58479,0.69325,0.67126,0.62482,0.65749,0.51034,0.52563,0.39778,0.40657,0.49277,0.54323,-0.042681,-0.060463,0.1685,0.11717,0.092994,0.13641,0.20521,0.053221,-0.15898,-0.066902,0.21745,0.15248,-0.024347,-0.082146,-0.034577,0.11965,-0.023095,-0.084912,0.12302,0.23513,0.17205,0.014727,-0.12914,-0.015899,-0.047529,-0.24691
0.73106,0.63092,0.82624,0.75391,0.72724,0.6887,0.77409,0.64925,0.69177,0.66417,0.61778,0.5405,0.65723,0.6634,0.74434,0.72675,0.61657,0.60499,0.61291,0.59876,0.6619,0.58241,0.89772,0.87462,1,0.8472,0.78689,0.76767,0.5416,0.56316,0.67296,0.67659,0.69546,0.68105,0.80473,0.74916,0.44826,0.27373,0.68532,0.52689,0.46749,0.34172,0.72699,0.68379,0.66289,0.65453,0.73045,0.70936,0.68448,0.63845,0.62242,0.45828,0.54019,0.57536,0.55806,0.611,0.6895,0.65311,0.65214,0.6227,0.58517,0.59508,0.68122,0.63852,0.70415,0.58602,0.7268,0.71698,0.51657,0.55156,0.42358,0.42578,0.30735,0.30112,0.35389,0.30375,0.28616,0.33379,0.61684,0.55862,0.68139,0.66553,0.59827,0.62132,0.60796,0.59492,0.42154,0.41876,0.54968,0.58021,0.035635,0.034998,0.20164,0.19478,0.17437,0.16854,0.28905,0.13164,-0.085815,0.0016575,0.27296,0.22169,0.041812,0.0016752,-0.0093438,0.18908,0.077512,0.0040774,0.16715,0.31509,0.21964,0.064829,-0.021382,0.067972,0.0019254,-0.19147
0.59808,0.58431,0.68289,0.71235,0.51634,0.52734,0.61247,0.55621,0.5081,0.53536,0.54158,0.5191,0.55105,0.64328,0.729,0.75419,0.6495,0.6247,0.53504,0.54233,0.70689,0.60242,0.83528,0.89342,0.8472,1,0.77929,0.84995,0.59445,0.58907,0.77167,0.80616,0.64018,0.63642,0.73417,0.67667,0.301,0.14737,0.66224,0.49913,0.43494,0.35926,0.62871,0.61898,0.54603,0.54339,0.60129,0.6078,0.52131,0.44048,0.4013,0.2289,0.33915,0.40343,0.39387,0.47407,0.63538,0.57983,0.44322,0.40007,0.3625,0.42433,0.63489,0.61633,0.60963,0.48754,0.5886,0.60337,0.46211,0.49116,0.31628,0.32281,0.27123,0.26324,0.25093,0.17396,0.16965,0.22939,0.64194,0.56972,0.6705,0.6432,0.61601,0.63461,0.45463,0.50622,0.3728,0.4175,0.32696,0.36486,-0.22399,-0.23126,-0.039479,-0.076328,0.01278,0.16545,0.092702,0.013252,-0.3009,-0.19844,0.014682,-0.03441,-0.17591,-0.24402,-0.11312,-0.031735,-0.089524,-0.22979,0.10269,0.19354,0.034202,-0.12221,-0.25385,-0.14622,-0.18662,-0.27596
0.49023,0.44846,0.58839,0.56346,0.51192,0.41917,0.54335,0.43329,0.52715,0.48414,0.45499,0.44306,0.48642,0.55065,0.63826,0.60048,0.42704,0.42492,0.3877,0.35558,0.58397,0.40147,0.71104,0.69512,0.78689,0.77929,1,0.8629,0.38297,0.39011,0.56714,0.5624,0.4724,0.43684,0.59008,0.52728,0.27639,0.17305,0.50478,0.39477,0.35367,0.27102,0.47477,0.46499,0.4698,0.46312,0.49324,0.47324,0.48783,0.46169,0.44194,0.34884,0.42466,0.45358,0.44995,0.50433,0.47438,0.46402,0.4331,0.43641,0.38044,0.3936,0.52563,0.49844,0.56476,0.44177,0.49236,0.49141,0.32706,0.3444,0.28618,0.28836,0.18853,0.1664,0.19304,0.10509,0.045144,0.10184,0.4045,0.37789,0.46369,0.50547,0.42536,0.45848,0.4925,0.56353,0.32248,0.38759,0.40617,0.50243,-0.023625,0.017585,0.064796,0.09028,0.059241,0.08158,0.14974,0.081282,-0.11686,-0.010909,0.10182,0.098054,-0.055017,-0.057775,-0.023276,0.059177,0.044103,-0.029941,0.088732,0.15425,0.058766,-0.045789,-0.10632,-0.0073342,-0.039291,-0.15265
0.48448,0.43334,0.56066,0.56876,0.46036,0.45382,0.49407,0.43352,0.45495,0.4702,0.41335,0.39743,0.44986,0.5308,0.6215,0.61814,0.4464,0.4384,0.41484,0.39258,0.62439,0.54836,0.72483,0.75784,0.76767,0.84995,0.8629,1,0.40461,0.39723,0.59667,0.61132,0.4872,0.46185,0.61656,0.56432,0.30719,0.21946,0.52959,0.44035,0.39418,0.35849,0.46056,0.44594,0.42475,0.4261,0.4542,0.44409,0.44055,0.41913,0.39232,0.27552,0.3656,0.39853,0.36908,0.43754,0.48597,0.43841,0.40852,0.37936,0.34263,0.37954,0.47048,0.43912,0.56834,0.46261,0.47969,0.48481,0.33269,0.356,0.29941,0.32118,0.20185,0.1866,0.20311,0.12786,0.065661,0.12474,0.4418,0.40289,0.48532,0.50305,0.46013,0.47093,0.43515,0.49905,0.35802,0.37997,0.34739,0.44221,-0.061998,-0.044323,0.06304,0.047246,0.014642,0.095076,0.06317,0.027641,-0.19215,-0.092659,0.068248,0.077457,-0.07619,-0.099469,-0.0067131,0.046698,-0.0032657,-0.068848,0.079626,0.13919,0.016777,-0.085457,-0.1558,-0.098375,-0.092544,-0.19592
0.62188,0.6624,0.59405,0.56212,0.48231,0.5052,0.61658,0.62009,0.48152,0.45873,0.58788,0.61762,0.61398,0.6793,0.72634,0.78114,0.90364,0.89653,0.6514,0.69854,0.64316,0.58618,0.62632,0.60387,0.5416,0.59445,0.38297,0.40461,1,0.94474,0.78623,0.75739,0.70078,0.75413,0.40607,0.42363,0.34556,0.14727,0.62565,0.51514,0.51173,0.45091,0.58041,0.56816,0.45746,0.46389,0.5898,0.6082,0.44549,0.3246,0.31129,0.11843,0.2137,0.29414,0.41899,0.45582,0.71074,0.6306,0.40342,0.27933,0.35089,0.34004,0.691,0.72054,0.23643,0.13804,0.47926,0.48119,0.59852,0.58929,0.37787,0.32841,0.5713,0.57401,0.38168,0.38539,0.2772,0.3399,0.86067,0.8541,0.83269,0.74415,0.84989,0.86273,0.28287,0.27857,0.24867,0.3045,0.28605,0.24167,-0.29378,-0.29867,-0.13066,-0.11593,0.19484,0.42327,0.21242,0.21063,-0.2212,-0.10302,0.057193,-0.03116,-0.10434,-0.18152,-0.17305,-0.017524,-0.082256,-0.20657,0.2788,0.39449,0.097783,0.013683,-0.13168,0.0047637,-0.096172,-0.18726
0.69745,0.74548,0.6324,0.6284,0.54391,0.57055,0.65366,0.70592,0.5207,0.50405,0.60539,0.70927,0.62394,0.75035,0.71257,0.81696,0.8785,0.9262,0.69833,0.75672,0.65784,0.59408,0.63453,0.62491,0.56316,0.58907,0.39011,0.39723,0.94474,1,0.76619,0.73506,0.75694,0.79379,0.4438,0.45658,0.32531,0.12865,0.64045,0.56122,0.54005,0.50312,0.62764,0.61008,0.4844,0.49635,0.62091,0.63072,0.49826,0.39362,0.40023,0.22745,0.29221,0.37143,0.46412,0.52091,0.75331,0.69545,0.49029,0.3802,0.40825,0.41175,0.71882,0.80121,0.22603,0.18049,0.5516,0.56302,0.65552,0.65622,0.34773,0.3063,0.57748,0.62191,0.38217,0.40909,0.28708,0.36325,0.83681,0.8781,0.84749,0.79943,0.8503,0.90935,0.30467,0.34231,0.27156,0.31414,0.32204,0.29667,-0.31239,-0.30401,-0.14556,-0.11318,0.15605,0.36842,0.19349,0.16856,-0.27013,-0.13758,0.059103,-0.030545,-0.14057,-0.19278,-0.2261,-0.05633,-0.10003,-0.24064,0.24508,0.34442,0.072623,-0.043928,-0.18107,-0.018743,-0.15845,-0.2455
0.58249,0.6212,0.65481,0.69579,0.52879,0.53467,0.60098,0.60937,0.4963,0.49974,0.43107,0.50979,0.45944,0.56579,0.62248,0.68513,0.75082,0.74263,0.65349,0.66219,0.72318,0.60456,0.74123,0.75034,0.67296,0.77167,0.56714,0.59667,0.78623,0.76619,1,0.95314,0.73164,0.78717,0.60763,0.61373,0.32501,0.17535,0.60195,0.47921,0.43523,0.35337,0.66233,0.65459,0.57848,0.58093,0.63953,0.66492,0.54356,0.42416,0.36597,0.16977,0.23469,0.32101,0.38645,0.47021,0.68953,0.62802,0.41927,0.35,0.30553,0.37194,0.61315,0.6542,0.4066,0.31873,0.5987,0.60711,0.56238,0.59244,0.48684,0.45277,0.52829,0.52892,0.43112,0.42104,0.37517,0.42966,0.72282,0.69781,0.69844,0.63136,0.65511,0.68722,0.25145,0.31429,0.15721,0.2568,0.21804,0.28,-0.17902,-0.18031,0.0033761,-0.0067379,0.11203,0.24536,0.22035,0.10145,-0.18672,-0.057473,0.13079,0.067262,-0.056788,-0.10441,-0.062562,0.077076,-0.01351,-0.14745,0.2025,0.28813,0.18346,0.012168,-0.15146,-0.0036519,-0.059101,-0.22313
0.59471,0.62411,0.65762,0.70488,0.48691,0.4882,0.5906,0.57371,0.47126,0.47898,0.47891,0.52309,0.48756,0.5782,0.64897,0.71308,0.74962,0.72956,0.66596,0.6652,0.70899,0.60825,0.76542,0.77519,0.67659,0.80616,0.5624,0.61132,0.75739,0.73506,0.95314,1,0.70764,0.75741,0.62289,0.60664,0.30302,0.16374,0.60651,0.47693,0.45732,0.37543,0.63698,0.62928,0.54933,0.54429,0.60418,0.62943,0.50323,0.38042,0.32154,0.11611,0.19775,0.28737,0.33937,0.42595,0.68415,0.61498,0.40099,0.32954,0.30102,0.34862,0.64039,0.64091,0.44416,0.32349,0.57964,0.58737,0.54097,0.56973,0.43957,0.40864,0.49599,0.50289,0.40868,0.38961,0.32237,0.37634,0.73232,0.68739,0.71714,0.67347,0.65355,0.69463,0.32563,0.37054,0.24696,0.36515,0.23499,0.29077,-0.22749,-0.22046,-0.012271,-0.045774,0.089234,0.23323,0.17392,0.070206,-0.22932,-0.10955,0.099421,0.027388,-0.088872,-0.16036,-0.081733,0.037391,-0.057909,-0.1958,0.19434,0.27103,0.14246,-0.022649,-0.18801,-0.047884,-0.0886,-0.22464
0.8184,0.81755,0.78314,0.75034,0.72389,0.70123,0.74654,0.72415,0.66404,0.61496,0.50061,0.55783,0.52501,0.58225,0.61468,0.67285,0.79545,0.78275,0.8687,0.89994,0.66948,0.68059,0.7274,0.71785,0.69546,0.64018,0.4724,0.4872,0.70078,0.75694,0.73164,0.70764,1,0.9713,0.7148,0.74163,0.46191,0.27578,0.66717,0.58834,0.49206,0.46822,0.82402,0.78925,0.70184,0.71193,0.79283,0.81065,0.70376,0.62681,0.59673,0.43534,0.42678,0.54055,0.50645,0.62278,0.89148,0.85194,0.68884,0.62288,0.5416,0.56533,0.76172,0.81027,0.39207,0.4527,0.84003,0.84433,0.86705,0.88323,0.54166,0.51443,0.60838,0.62958,0.58385,0.57856,0.58827,0.63366,0.73829,0.72546,0.79973,0.75214,0.66585,0.71646,0.39514,0.44045,0.27913,0.26774,0.42632,0.467,0.021482,-0.020451,0.21722,0.22004,0.30716,0.25416,0.43042,0.23672,-0.038547,0.097996,0.38725,0.31355,0.15593,0.13316,-0.03813,0.2542,0.2105,0.057915,0.30979,0.43347,0.41421,0.22228,0.013168,0.20892,0.056072,-0.31077
0.8214,0.82775,0.78025,0.75835,0.7286,0.72808,0.74795,0.74865,0.66326,0.63039,0.50916,0.56057,0.53529,0.58594,0.62102,0.69273,0.82382,0.81146,0.87426,0.91833,0.69265,0.71271,0.7327,0.72457,0.68105,0.63642,0.43684,0.46185,0.75413,0.79379,0.78717,0.75741,0.9713,1,0.67488,0.71517,0.48463,0.27928,0.66588,0.58601,0.51997,0.48263,0.80464,0.76418,0.67014,0.68153,0.78284,0.79892,0.67632,0.58766,0.56403,0.3798,0.42149,0.50121,0.50593,0.59899,0.88832,0.84962,0.67205,0.59415,0.53407,0.56498,0.76009,0.80115,0.37146,0.42193,0.79287,0.79623,0.84171,0.8648,0.56876,0.53818,0.65344,0.67374,0.60336,0.61285,0.60912,0.65229,0.77029,0.7598,0.80286,0.73715,0.69673,0.73566,0.36286,0.38294,0.2619,0.25733,0.42043,0.45321,0.0087032,-0.048833,0.20925,0.19047,0.28172,0.23884,0.42554,0.21473,-0.041829,0.077553,0.37763,0.29103,0.15186,0.11228,-0.030332,0.24332,0.18616,0.044776,0.29914,0.42337,0.41005,0.22197,0.011054,0.20307,0.059995,-0.29435
0.64282,0.55979,0.70348,0.68364,0.59955,0.56817,0.62878,0.53173,0.4847,0.48283,0.44117,0.40148,0.44128,0.47816,0.53712,0.54376,0.51898,0.49028,0.57613,0.55972,0.53026,0.49245,0.75574,0.7531,0.80473,0.73417,0.59008,0.61656,0.40607,0.4438,0.60763,0.62289,0.7148,0.67488,1,0.91824,0.34605,0.24238,0.5783,0.44962,0.36651,0.29875,0.72287,0.71163,0.68187,0.69326,0.67579,0.68237,0.65685,0.61435,0.53602,0.3981,0.43475,0.50306,0.40887,0.51746,0.64289,0.61201,0.60915,0.56792,0.48867,0.54194,0.57437,0.55114,0.66783,0.61074,0.82038,0.81745,0.52299,0.56118,0.44286,0.43571,0.2814,0.28299,0.3829,0.33585,0.40018,0.40845,0.54705,0.46507,0.6277,0.60966,0.44033,0.46519,0.50686,0.5629,0.31269,0.33311,0.37148,0.42425,0.044819,0.01582,0.209,0.19308,0.098751,0.078538,0.21523,0.010909,-0.10875,-0.010054,0.2689,0.22318,0.049329,0.032746,0.036538,0.2272,0.086171,-0.021034,0.1263,0.22526,0.25115,0.052939,-0.058289,0.041603,0.018148,-0.28128
0.62588,0.52795,0.67807,0.66698,0.62656,0.58559,0.62028,0.55466,0.52641,0.51252,0.40959,0.34121,0.41405,0.42747,0.50063,0.51683,0.52897,0.49744,0.58071,0.58014,0.5345,0.54223,0.68724,0.71651,0.74916,0.67667,0.52728,0.56432,0.42363,0.45658,0.61373,0.60664,0.74163,0.71517,0.91824,1,0.4277,0.33495,0.58673,0.47344,0.34278,0.30827,0.72738,0.70451,0.67869,0.69636,0.6943,0.68947,0.63463,0.58951,0.51839,0.38346,0.41083,0.46444,0.41414,0.51563,0.63495,0.60166,0.60374,0.55448,0.49962,0.57658,0.56162,0.54281,0.58931,0.64925,0.81774,0.82615,0.57075,0.59709,0.52403,0.52385,0.32324,0.30666,0.43014,0.39577,0.48416,0.48414,0.5395,0.48412,0.61213,0.5915,0.46248,0.46955,0.4447,0.49537,0.25571,0.24294,0.37571,0.41403,0.16426,0.096093,0.31845,0.28119,0.17733,0.10705,0.31873,0.070539,-0.0044192,0.081479,0.37317,0.30136,0.15545,0.13755,0.12468,0.30356,0.20924,0.084942,0.18618,0.29695,0.37611,0.17159,0.058502,0.15724,0.10586,-0.21057
0.41211,0.34419,0.42676,0.36427,0.42384,0.39177,0.40943,0.35046,0.41257,0.35484,0.31745,0.20861,0.352,0.31295,0.32544,0.30079,0.34832,0.33429,0.37908,0.41323,0.49377,0.6097,0.44154,0.43632,0.44826,0.301,0.27639,0.30719,0.34556,0.32531,0.32501,0.30302,0.46191,0.48463,0.34605,0.4277,1,0.83896,0.66891,0.71054,0.69945,0.61075,0.32559,0.25746,0.23701,0.21427,0.40727,0.38571,0.27731,0.27905,0.36927,0.28942,0.40345,0.34674,0.55876,0.53959,0.37963,0.33953,0.32071,0.28169,0.35455,0.35564,0.37965,0.2702,0.29087,0.35167,0.32576,0.32176,0.3485,0.3321,0.61147,0.61314,0.3794,0.33,0.44625,0.47253,0.52774,0.50159,0.3489,0.33808,0.40998,0.39435,0.44173,0.40422,0.49947,0.40884,0.4871,0.37428,0.625,0.62298,0.45856,0.44738,0.56235,0.53677,0.42876,0.23352,0.52713,0.41195,0.39874,0.41274,0.57419,0.52483,0.50218,0.43442,0.52137,0.58773,0.31456,0.36908,0.29968,0.46785,0.55576,0.5498,0.45314,0.45189,0.53155,0.21546
0.2097,0.16375,0.20328,0.20039,0.26968,0.22043,0.18791,0.16094,0.24597,0.19282,0.1109,0.027794,0.16339,0.11981,0.12417,0.095986,0.11942,0.11701,0.20488,0.22773,0.37635,0.49838,0.23956,0.25432,0.27373,0.14737,0.17305,0.21946,0.14727,0.12865,0.17535,0.16374,0.27578,0.27928,0.24238,0.33495,0.83896,1,0.51109,0.67136,0.53917,0.55506,0.16485,0.11511,0.11232,0.09353,0.24349,0.20859,0.14377,0.1832,0.25329,0.25954,0.24858,0.2263,0.40205,0.42713,0.17428,0.16331,0.19202,0.18073,0.20252,0.21578,0.13389,0.041548,0.18792,0.30951,0.1907,0.2003,0.21288,0.17999,0.49969,0.51544,0.24862,0.20181,0.3453,0.39908,0.38998,0.35391,0.11653,0.16585,0.17919,0.20357,0.24459,0.20084,0.34189,0.31069,0.3951,0.27372,0.48356,0.54201,0.50327,0.51312,0.56552,0.55824,0.34253,0.19487,0.41627,0.34588,0.42764,0.44385,0.54053,0.53119,0.52921,0.50725,0.58708,0.62257,0.34485,0.45784,0.24496,0.36158,0.4766,0.50252,0.47021,0.45375,0.57245,0.3071
0.63947,0.60597,0.64112,0.59169,0.50734,0.4992,0.59712,0.53852,0.47223,0.45227,0.58043,0.49128,0.60049,0.61572,0.67232,0.66819,0.63761,0.61652,0.56732,0.59007,0.66868,0.70473,0.6798,0.67806,0.68532,0.66224,0.50478,0.52959,0.62565,0.64045,0.60195,0.60651,0.66717,0.66588,0.5783,0.58673,0.66891,0.51109,1,0.84206,0.63684,0.54754,0.67721,0.64449,0.5862,0.55878,0.69543,0.69209,0.58283,0.48983,0.536,0.39348,0.45688,0.47849,0.68402,0.69865,0.64328,0.61392,0.5,0.41315,0.41738,0.42043,0.60816,0.56851,0.43382,0.40557,0.60587,0.61148,0.57912,0.58016,0.40336,0.38074,0.32909,0.34406,0.31131,0.29364,0.30385,0.33783,0.6529,0.60247,0.69921,0.66492,0.76363,0.71116,0.5615,0.53906,0.54048,0.48606,0.54245,0.51238,-0.047768,-0.044272,0.11832,0.12917,0.32952,0.48227,0.40387,0.34453,-0.038852,0.05119,0.25356,0.17307,0.068875,-0.0031407,0.093183,0.20707,0.10021,-0.015456,0.31269,0.49169,0.30267,0.19172,0.049549,0.16638,0.089271,-0.05633
0.52973,0.52889,0.45758,0.46872,0.40883,0.40916,0.40704,0.4308,0.31621,0.31862,0.45261,0.42343,0.45119,0.51598,0.51612,0.51661,0.52408,0.53375,0.49946,0.53647,0.62906,0.69923,0.54604,0.54597,0.52689,0.49913,0.39477,0.44035,0.51514,0.56122,0.47921,0.47693,0.58834,0.58601,0.44962,0.47344,0.71054,0.67136,0.84206,1,0.72859,0.73774,0.50757,0.49056,0.42599,0.39506,0.53663,0.55286,0.42165,0.37489,0.42905,0.35486,0.40709,0.42312,0.66193,0.74097,0.52509,0.49252,0.36323,0.28932,0.29811,0.29069,0.46667,0.4146,0.28578,0.29083,0.47079,0.49377,0.49445,0.49823,0.38242,0.36082,0.38201,0.40018,0.36716,0.37276,0.2742,0.27544,0.52135,0.53938,0.59683,0.61768,0.66315,0.64486,0.53616,0.55741,0.60005,0.5666,0.54817,0.56187,0.082674,0.11194,0.19989,0.22859,0.26442,0.33415,0.3836,0.33502,0.054688,0.1747,0.30702,0.2581,0.18486,0.1182,0.25146,0.33117,0.06214,0.051809,0.26803,0.38841,0.34379,0.26029,0.098577,0.21444,0.23423,0.021327
0.49708,0.50758,0.42391,0.38605,0.33242,0.34102,0.37628,0.35399,0.31478,0.28292,0.44314,0.39123,0.43613,0.47513,0.5166,0.51487,0.47975,0.52529,0.46346,0.5255,0.5637,0.61913,0.53273,0.50541,0.46749,0.43494,0.35367,0.39418,0.51173,0.54005,0.43523,0.45732,0.49206,0.51997,0.36651,0.34278,0.69945,0.53917,0.63684,0.72859,1,0.79383,0.32967,0.28663,0.24103,0.20558,0.35271,0.36579,0.24721,0.22563,0.27997,0.18568,0.29533,0.32134,0.4856,0.54096,0.46513,0.44723,0.2596,0.22211,0.24518,0.25077,0.46235,0.38106,0.2858,0.20503,0.31396,0.31928,0.38509,0.39251,0.43155,0.39142,0.49945,0.49363,0.43206,0.40223,0.32326,0.33493,0.48678,0.49512,0.52538,0.54957,0.62924,0.61317,0.50619,0.46573,0.62852,0.59286,0.49801,0.52994,0.0768,0.13432,0.20364,0.22453,0.21459,0.19386,0.30802,0.235,0.043928,0.12443,0.25114,0.22906,0.17295,0.089134,0.20693,0.27558,0.0017712,0.020968,0.22002,0.33052,0.29239,0.25222,0.10004,0.17509,0.21198,0.034284
0.40204,0.45789,0.30404,0.33699,0.28762,0.2912,0.26157,0.29018,0.22916,0.2181,0.3061,0.31467,0.28467,0.39361,0.42906,0.46021,0.41786,0.47324,0.43038,0.49769,0.5481,0.69127,0.41594,0.42493,0.34172,0.35926,0.27102,0.35849,0.45091,0.50312,0.35337,0.37543,0.46822,0.48263,0.29875,0.30827,0.61075,0.55506,0.54754,0.73774,0.79383,1,0.28224,0.24309,0.17035,0.15439,0.29853,0.30873,0.18439,0.18586,0.21413,0.14408,0.22431,0.29372,0.36767,0.4717,0.41367,0.40753,0.21935,0.19442,0.16242,0.17767,0.38905,0.36048,0.17364,0.13342,0.28698,0.3004,0.36957,0.37609,0.41445,0.38708,0.48832,0.5119,0.42691,0.42796,0.30758,0.30935,0.43178,0.47998,0.4775,0.54002,0.57223,0.58743,0.41278,0.41152,0.58973,0.52075,0.36158,0.44682,0.078176,0.10744,0.18141,0.18341,0.16234,0.19098,0.24719,0.19509,0.032938,0.12475,0.24919,0.23725,0.20476,0.11948,0.24614,0.29377,0.040395,0.063493,0.20414,0.27627,0.24044,0.21109,0.056468,0.14999,0.2148,0.038757
0.71543,0.70417,0.77243,0.71757,0.69011,0.6622,0.74291,0.65134,0.63888,0.60966,0.4936,0.44558,0.53932,0.52265,0.61679,0.6373,0.68632,0.64187,0.7101,0.71714,0.54798,0.55555,0.72668,0.68598,0.72699,0.62871,0.47477,0.46056,0.58041,0.62764,0.66233,0.63698,0.82402,0.80464,0.72287,0.72738,0.32559,0.16485,0.67721,0.50757,0.32967,0.28224,1,0.97465,0.92102,0.91204,0.94831,0.95863,0.87366,0.73949,0.6425,0.42983,0.40204,0.52906,0.50569,0.63533,0.80433,0.80857,0.66804,0.61585,0.48602,0.49277,0.66375,0.70458,0.47485,0.4226,0.88846,0.87746,0.75559,0.78789,0.46836,0.42778,0.4448,0.45971,0.47132,0.4372,0.47204,0.50205,0.69778,0.63113,0.73201,0.6681,0.58889,0.61552,0.41869,0.42444,0.23565,0.23825,0.33462,0.35171,-0.033676,-0.086529,0.15078,0.15933,0.2888,0.31662,0.46902,0.23941,-0.053707,0.082398,0.32673,0.24212,0.10537,0.064618,-0.05761,0.20586,0.21564,0.036293,0.28292,0.41863,0.385,0.17155,0.0198,0.22476,0.045928,-0.31101
