1,0.74255,0.61913,0.54596,0.40973,0.48288,0.62811,0.59486,0.48308,0.48585,0.71611,0.57911,0.58297,0.4203,0.48847,0.4553,0.49644,0.47248,0.65466,0.66218,0.28427,0.2266,0.37711,0.37293,0.27854,0.37121,0.26035,0.39554,0.55525,0.39304,0.16806,0.20009,0.61134,0.54506,0.42885,0.45597,0.52547,0.39926,0.28409,0.32313,0.28051,0.22711,0.37879,0.33789,0.3642,0.36187,0.31626,0.36066,0.44676,0.37852,0.41081,0.38601,0.41498,0.25664,0.24612,0.30671,0.75381,0.63836,0.68969,0.64886,0.73812,0.54309,0.50258,0.38123,0.27752,0.24492,0.55691,0.4949,0.53683,0.50402,0.37167,0.33441,0.43007,0.37264,0.36771,0.37891,0.32565,0.38978,0.37978,0.45021,0.30573,0.19004,0.42617,0.35562,0.2245,0.092779,0.24002,0.25236,0.44771,0.53851,0.21861,0.0036652,0.12167,0.19028,0.01218,0.065299,0.039315,0.024152,0.098894,0.02772,0.047047,0.24145,0.095873,0.16219,0.11082,0.15482,0.26408,0.27932,0.0010876,-0.0086907,0.1277,0.14093,0.11438,0.19599,0.12765,0.010844
0.74255,1,0.34046,0.31513,0.41549,0.3754,0.34323,0.41588,0.29827,0.40404,0.44312,0.48014,0.26829,0.25378,0.24875,0.29028,0.59533,0.64575,0.56128,0.76943,0.26124,0.23245,0.1212,0.096135,0.21439,0.28983,0.25219,0.3229,0.5366,0.50436,0.18883,0.20753,0.63647,0.65577,0.29287,0.2891,0.38631,0.3969,0.21573,0.34101,0.26386,0.2919,0.41454,0.38248,0.38884,0.39854,0.35771,0.42526,0.478,0.44346,0.26948,0.35529,0.20447,0.1526,0.1611,0.28419,0.81549,0.8956,0.50374,0.52121,0.52505,0.40007,0.43513,0.49953,-0.071598,-0.044517,0.44551,0.34676,0.70105,0.70162,0.34303,0.32734,0.51103,0.51807,0.48094,0.4859,0.3885,0.45751,0.42207,0.50581,0.23707,0.097699,0.27988,0.31693,-0.12706,-0.11283,0.18955,0.14396,0.19051,0.37037,0.074577,-0.15594,-0.022975,0.011574,0.18482,0.16431,0.26158,0.17315,0.21809,0.070085,-0.048769,0.10212,0.16613,0.081162,0.10913,0.1329,0.32446,0.38605,0.11064,0.19236,0.27934,0.21302,0.12715,0.31681,0.19176,-0.14022
0.61913,0.34046,1,0.84279,0.55742,0.60855,0.88978,0.81428,0.65766,0.62024,0.6622,0.6154,0.79557,0.67964,0.75086,0.70302,0.47055,0.42319,0.55214,0.41505,0.40675,0.34556,0.79098,0.75732,0.58188,0.64307,0.5087,0.62782,0.57631,0.4439,0.5088,0.49663,0.61119,0.48789,0.66175,0.59929,0.6108,0.48025,0.41559,0.42758,0.31724,0.26734,0.39988,0.34987,0.4324,0.39344,0.32894,0.37632,0.39398,0.33682,0.48144,0.36943,0.44712,0.36543,0.43306,0.42972,0.40212,0.32678,0.60311,0.57668,0.63019,0.60482,0.52355,0.41054,0.66281,0.6161,0.69839,0.67401,0.24009,0.24084,0.51135,0.47899,0.31034,0.28431,0.28458,0.2984,0.16942,0.23787,0.43951,0.3969,0.44507,0.42392,0.56998,0.51739,0.54468,0.42499,0.37454,0.39736,0.65486,0.66286,0.44978,0.2835,0.46223,0.50224,0.058482,0.17159,0.0081979,0.069049,0.0905,0.085158,0.35163,0.4751,0.21054,0.27349,0.29785,0.30765,0.27503,0.3131,0.065587,-0.093461,0.029499,0.077154,0.13625,0.07909,0.1324,0.088374
0.54596,0.31513,0.84279,1,0.53687,0.65372,0.83876,0.91612,0.52289,0.60856,0.54656,0.7019,0.67521,0.75571,0.6532,0.73738,0.40576,0.36851,0.50473,0.41247,0.29406,0.2503,0.71186,0.78068,0.42937,0.54316,0.52541,0.60889,0.52612,0.49299,0.50328,0.54958,0.58004,0.49915,0.59602,0.57355,0.5252,0.49947,0.33052,0.36829,0.32936,0.29737,0.2548,0.21364,0.29543,0.28276,0.16244,0.22972,0.27806,0.24751,0.42888,0.3584,0.34847,0.41041,0.28764,0.32942,0.34521,0.27922,0.49563,0.54787,0.57719,0.68698,0.50476,0.51118,0.6144,0.66801,0.5927,0.66021,0.13881,0.15157,0.42514,0.46492,0.22989,0.20541,0.25572,0.25175,0.11593,0.16139,0.39518,0.23853,0.38013,0.34178,0.49744,0.5245,0.47267,0.43088,0.36374,0.35988,0.53307,0.64264,0.35696,0.2054,0.45857,0.41433,-0.00058244,0.091542,-0.11932,-0.044734,-0.06906,-0.010277,0.35347,0.40992,0.17372,0.17463,0.18963,0.22437,0.16405,0.24733,-0.051677,-0.027713,-0.084662,-0.065229,0.050884,-0.0157,-0.0018173,-0.038972
0.40973,0.41549,0.55742,0.53687,1,0.68185,0.53334,0.60275,0.47166,0.68235,0.31859,0.48221,0.42097,0.46188,0.47764,0.59719,0.37126,0.33082,0.2546,0.30787,0.20142,0.19475,0.33163,0.33699,0.38101,0.4624,0.67262,0.67267,0.43105,0.39875,0.29414,0.29651,0.47359,0.41509,0.51632,0.41823,0.34296,0.37371,0.19772,0.31864,0.13061,0.17767,0.33388,0.32032,0.38961,0.39215,0.26419,0.31733,0.40036,0.38625,0.44296,0.44037,0.31478,0.37638,0.29669,0.37187,0.38016,0.42731,0.48685,0.52378,0.47909,0.55012,0.37331,0.43414,0.27866,0.37129,0.52688,0.52655,0.28591,0.29728,0.28317,0.29302,0.28272,0.32896,0.28386,0.33015,0.079422,0.13665,0.39503,0.21856,0.25882,0.21558,0.38164,0.4618,0.19234,0.20845,0.34895,0.29568,0.37038,0.54816,0.1379,-0.0078883,0.1585,0.16576,0.099524,0.19015,0.034957,0.083636,0.034342,-0.016814,0.073268,0.21458,0.070013,0.066826,0.048869,0.12696,0.18874,0.20861,0.053246,0.038299,0.035595,-0.015291,0.0079608,0.11324,0.038261,-0.19506
0.48288,0.3754,0.60855,0.65372,0.68185,1,0.61057,0.68437,0.46494,0.73628,0.39156,0.50674,0.49005,0.5069,0.51938,0.6126,0.39735,0.3628,0.33501,0.31274,0.07999,0.056955,0.4024,0.40823,0.34195,0.43289,0.65221,0.76712,0.42735,0.39757,0.25973,0.28673,0.43169,0.34354,0.44331,0.45277,0.37543,0.38243,0.13845,0.22315,0.089073,0.14617,0.28063,0.2429,0.31176,0.31558,0.21398,0.27143,0.33997,0.31075,0.43872,0.4135,0.34681,0.39279,0.29611,0.33865,0.38419,0.36554,0.50429,0.53661,0.54447,0.61082,0.4113,0.4211,0.3965,0.45125,0.49687,0.51375,0.2256,0.2236,0.2936,0.3188,0.27661,0.28441,0.27665,0.33801,0.1347,0.19715,0.38762,0.26809,0.29422,0.24629,0.37426,0.38922,0.28952,0.26632,0.38045,0.22296,0.45724,0.59047,0.24226,0.1669,0.25894,0.30935,0.056437,0.073283,0.016805,0.048035,0.023238,0.052154,0.18817,0.30862,0.15242,0.15967,0.12148,0.17788,0.15024,0.25467,0.017494,0.036553,0.046748,0.017508,0.093847,0.13653,0.12559,-0.10003
0.62811,0.34323,0.88978,0.83876,0.53334,0.61057,1,0.88473,0.59076,0.5985,0.64973,0.68241,0.77447,0.66152,0.61899,0.62942,0.42766,0.3667,0.5337,0.4376,0.29397,0.25881,0.60405,0.6032,0.3897,0.48945,0.45552,0.54103,0.52335,0.39621,0.40853,0.41699,0.64465,0.52879,0.66242,0.61973,0.52336,0.4221,0.31997,0.3582,0.23453,0.20061,0.37489,0.32808,0.44349,0.40612,0.28068,0.34632,0.41323,0.36826,0.50347,0.40727,0.42323,0.4073,0.36494,0.39019,0.37095,0.31134,0.6551,0.6512,0.68119,0.71709,0.52964,0.50574,0.63068,0.67088,0.7356,0.74839,0.23819,0.25603,0.45455,0.44931,0.24251,0.21164,0.26125,0.24871,0.14127,0.19905,0.4383,0.29442,0.42468,0.3681,0.47594,0.47724,0.50109,0.38023,0.28762,0.29275,0.61783,0.65668,0.39108,0.23057,0.39015,0.42643,0.05519,0.13127,-0.032332,0.025957,0.022724,0.014557,0.35185,0.47597,0.19615,0.23834,0.19045,0.23219,0.22775,0.28693,-0.011189,-0.057552,-0.0030579,-0.014414,0.0921,0.019528,0.057028,0.012476
0.59486,0.41588,0.81428,0.91612,0.60275,0.68437,0.88473,1,0.55101,0.68754,0.5882,0.79363,0.67961,0.75419,0.57497,0.69514,0.45765,0.427,0.4687,0.43504,0.32266,0.31579,0.56498,0.62176,0.33881,0.49477,0.45831,0.56619,0.58322,0.54715,0.44262,0.48247,0.62947,0.54801,0.5925,0.57385,0.50947,0.46071,0.33395,0.36491,0.30839,0.29203,0.31111,0.2701,0.35343,0.3507,0.22144,0.28752,0.37027,0.3318,0.49113,0.43687,0.42755,0.45363,0.32763,0.37867,0.41729,0.36792,0.62628,0.67161,0.66685,0.78111,0.51409,0.59342,0.52196,0.64675,0.64469,0.68982,0.21938,0.22769,0.44144,0.48862,0.28762,0.27706,0.2997,0.30409,0.15287,0.19969,0.44814,0.30686,0.36037,0.29377,0.47386,0.51299,0.37046,0.31022,0.30165,0.29387,0.53007,0.67593,0.3386,0.14852,0.3583,0.31013,0.04665,0.15484,-0.092036,-0.018161,-0.028834,-0.012177,0.30901,0.39786,0.19561,0.18892,0.15108,0.21228,0.21492,0.25701,-0.045767,-0.042926,-0.065354,-0.054955,0.074373,0.054872,0.0033534,-0.048742
0.48308,0.29827,0.65766,0.52289,0.47166,0.46494,0.59076,0.55101,1,0.58008,0.5595,0.37561,0.63835,0.47388,0.68094,0.49524,0.38217,0.37303,0.29023,0.25651,0.33997,0.35045,0.5639,0.5172,0.64604,0.5701,0.24816,0.4479,0.40068,0.24607,0.16628,0.15331,0.39724,0.2869,0.50436,0.49171,0.52107,0.25939,0.47228,0.34429,0.205,0.16422,0.35005,0.29949,0.40778,0.36202,0.35326,0.3949,0.43095,0.31073,0.44409,0.30298,0.53064,0.19818,0.49648,0.41261,0.3027,0.30191,0.62085,0.58971,0.62628,0.51397,0.3079,0.18554,0.51075,0.39676,0.60508,0.54185,0.23213,0.24697,0.47899,0.41425,0.4176,0.33191,0.32789,0.29223,0.29927,0.31929,0.28851,0.4351,0.31049,0.25402,0.41825,0.3119,0.44863,0.25073,0.27919,0.32319,0.76184,0.6717,0.55106,0.35602,0.50871,0.55287,0.16555,0.21318,0.16163,0.19242,0.32699,0.25292,0.44203,0.60746,0.38914,0.39878,0.47277,0.39592,0.39223,0.39985,0.14635,-0.12128,0.20871,0.29546,0.27569,0.14981,0.20972,0.22735
0.48585,0.40404,0.62024,0.60856,0.68235,0.73628,0.5985,0.68754,0.58008,1,0.43803,0.56151,0.56281,0.56536,0.61568,0.69238,0.37991,0.37897,0.29959,0.29999,0.28436,0.27888,0.41668,0.41697,0.40263,0.49371,0.61166,0.7099,0.46315,0.44258,0.24447,0.22763,0.39918,0.30955,0.40633,0.37972,0.48324,0.42426,0.29599,0.27486,0.20123,0.2819,0.22557,0.18781,0.26655,0.25476,0.1586,0.21638,0.28238,0.23205,0.34188,0.31573,0.31534,0.28206,0.24986,0.26702,0.34915,0.36761,0.50108,0.51859,0.53521,0.61588,0.41638,0.44094,0.39324,0.39866,0.48739,0.45625,0.2401,0.22447,0.4464,0.41253,0.32796,0.35649,0.32282,0.36869,0.18297,0.25595,0.4171,0.29533,0.32127,0.28363,0.49786,0.51751,0.27311,0.27514,0.3743,0.3396,0.4966,0.6498,0.20586,0.14098,0.31556,0.30091,0.10786,0.16337,0.00043271,0.032161,0.0057838,0.014006,0.17804,0.32118,0.16011,0.14518,0.1642,0.19288,0.28536,0.19023,0.058516,0.051193,0.048624,0.028404,0.10191,0.14505,0.093119,0.0034704
0.71611,0.44312,0.6622,0.54656,0.31859,0.39156,0.64973,0.5882,0.5595,0.43803,1,0.63118,0.774,0.54188,0.59137,0.5204,0.56871,0.54543,0.47832,0.42359,0.35186,0.30792,0.55605,0.52569,0.41975,0.47233,0.18515,0.35334,0.68209,0.48937,0.33501,0.34235,0.44444,0.4346,0.35566,0.40446,0.48302,0.32908,0.3239,0.30588,0.29583,0.1952,0.32715,0.31786,0.2789,0.29738,0.32473,0.34009,0.30431,0.29632,0.38688,0.30509,0.49701,0.23997,0.39905,0.37111,0.41572,0.39804,0.54238,0.53122,0.62588,0.47169,0.5264,0.37379,0.3905,0.37321,0.45664,0.43303,0.3022,0.29828,0.396,0.33967,0.354,0.30018,0.19096,0.25241,0.21615,0.29682,0.42499,0.55476,0.45863,0.38914,0.50565,0.45115,0.4633,0.33215,0.19015,0.33132,0.56977,0.54248,0.37598,0.23331,0.24752,0.27498,0.11407,0.16247,0.084532,0.10014,0.17928,0.12436,0.22913,0.29457,0.19773,0.22459,0.23553,0.19506,0.29114,0.1865,0.12533,-0.096438,0.10086,0.19147,0.14658,0.14553,0.18248,0.20897
0.57911,0.48014,0.6154,0.7019,0.48221,0.50674,0.68241,0.79363,0.37561,0.56151,0.63118,1,0.59685,0.77473,0.45842,0.67663,0.52432,0.52215,0.39313,0.39659,0.24668,0.24426,0.40795,0.45559,0.22092,0.3639,0.3938,0.44693,0.64654,0.67675,0.42304,0.43036,0.48806,0.48112,0.36914,0.36422,0.39804,0.46195,0.19191,0.26684,0.24623,0.2883,0.18231,0.17095,0.18563,0.18685,0.12315,0.17294,0.2494,0.23681,0.39641,0.38835,0.36984,0.37151,0.28249,0.30785,0.36956,0.40816,0.50649,0.57331,0.59417,0.65317,0.58919,0.70055,0.32313,0.48222,0.43784,0.46765,0.17834,0.1568,0.29229,0.31283,0.21053,0.23611,0.20964,0.20863,0.079284,0.146,0.46593,0.32245,0.44725,0.35024,0.44982,0.59007,0.31336,0.3585,0.25076,0.34955,0.40981,0.6048,0.20765,0.068922,0.20235,0.11909,0.01899,0.11597,-0.10146,-0.054344,-0.063468,-0.041987,0.15643,0.21404,0.11254,0.036172,0.05149,0.058426,0.19803,0.14505,-0.086522,-0.00035215,-0.095576,-0.081816,0.058706,0.058075,-0.040042,-0.030897
0.58297,0.26829,0.79557,0.67521,0.42097,0.49005,0.77447,0.67961,0.63835,0.56281,0.774,0.59685,1,0.74167,0.81871,0.69318,0.45092,0.41682,0.43092,0.32105,0.36252,0.31147,0.70099,0.67423,0.48864,0.5063,0.35194,0.48848,0.57911,0.39314,0.37354,0.36055,0.40803,0.31057,0.46096,0.48195,0.52838,0.37965,0.35179,0.329,0.26642,0.20538,0.37082,0.35977,0.34445,0.34884,0.33801,0.35874,0.33193,0.3129,0.42198,0.32672,0.43492,0.35912,0.41378,0.38774,0.31532,0.25582,0.54647,0.51495,0.53015,0.46156,0.44433,0.27795,0.58218,0.5467,0.55445,0.54613,0.19447,0.19882,0.46721,0.4014,0.26621,0.212,0.19812,0.18999,0.12901,0.2102,0.45517,0.49059,0.53952,0.54168,0.61512,0.55667,0.63694,0.50983,0.31834,0.44348,0.62483,0.55968,0.40428,0.26398,0.35131,0.40686,0.078204,0.22352,-0.0017449,0.062907,0.098294,0.039869,0.28109,0.37618,0.14254,0.24623,0.26728,0.23765,0.24424,0.16802,0.050881,-0.11134,-0.012004,0.030593,0.091386,0.0024058,0.11267,0.22017
0.4203,0.25378,0.67964,0.75571,0.46188,0.5069,0.66152,0.75419,0.47388,0.56536,0.54188,0.77473,0.74167,1,0.67484,0.78807,0.40113,0.42216,0.31769,0.25961,0.29354,0.26134,0.6285,0.66891,0.41957,0.42889,0.42238,0.48491,0.55133,0.56753,0.43336,0.45437,0.38607,0.30466,0.4099,0.41514,0.4539,0.47961,0.31461,0.33435,0.30921,0.33344,0.22743,0.22541,0.21103,0.21206,0.18292,0.23249,0.24375,0.21803,0.42234,0.33215,0.36322,0.43066,0.36146,0.37807,0.24569,0.22308,0.41538,0.437,0.43702,0.49183,0.44702,0.46214,0.50022,0.56279,0.44301,0.47783,0.056594,0.041677,0.35461,0.38156,0.16707,0.19172,0.1694,0.14337,0.058427,0.10914,0.42773,0.33061,0.49443,0.50741,0.55411,0.59453,0.50684,0.54791,0.30048,0.43717,0.48725,0.57289,0.33831,0.19576,0.36219,0.30848,0.036036,0.17088,-0.088243,0.010173,-0.0094439,0.031844,0.29368,0.3231,0.13681,0.19314,0.20552,0.19941,0.18425,0.15065,-0.029124,-0.035616,-0.094673,-0.084209,0.073957,-0.0043477,0.039153,0.075647
0.48847,0.24875,0.75086,0.6532,0.47764,0.51938,0.61899,0.57497,0.68094,0.61568,0.59137,0.45842,0.81871,0.67484,1,0.79954,0.40068,0.41436,0.38712,0.28777,0.42415,0.38406,0.78682,0.73082,0.63136,0.62052,0.48317,0.61927,0.54715,0.43209,0.36978,0.3446,0.33083,0.23968,0.454,0.45873,0.57201,0.45137,0.40714,0.38072,0.32886,0.27024,0.26643,0.25852,0.2587,0.2562,0.23071,0.2734,0.22252,0.18221,0.28563,0.16916,0.31432,0.22871,0.32991,0.28881,0.303,0.26341,0.41402,0.4027,0.45375,0.41432,0.40102,0.22375,0.6306,0.43776,0.50503,0.47882,0.17781,0.17349,0.45529,0.38276,0.28203,0.23505,0.2169,0.21257,0.15615,0.23539,0.36498,0.44337,0.45791,0.48868,0.72834,0.63249,0.61924,0.50158,0.48957,0.5923,0.6304,0.56918,0.33964,0.2442,0.44274,0.4883,0.040878,0.20539,-0.043404,0.037086,0.041894,0.037616,0.28295,0.36326,0.14036,0.20073,0.31373,0.2656,0.235,0.19186,0.042956,-0.11403,-0.023834,0.041879,0.089273,-0.0098506,0.087284,0.21725
0.4553,0.29028,0.70302,0.73738,0.59719,0.6126,0.62942,0.69514,0.49524,0.69238,0.5204,0.67663,0.69318,0.78807,0.79954,1,0.43769,0.44962,0.39159,0.31991,0.34884,0.33386,0.6717,0.7018,0.50526,0.59771,0.62313,0.69407,0.60292,0.61516,0.49399,0.49436,0.3843,0.3458,0.43485,0.43044,0.48474,0.51955,0.28775,0.38684,0.32347,0.36862,0.18875,0.19316,0.18003,0.19741,0.12171,0.17383,0.18285,0.16853,0.30688,0.24485,0.26142,0.32563,0.21204,0.25218,0.31503,0.2994,0.38184,0.41675,0.44775,0.52129,0.48276,0.46031,0.50306,0.47275,0.44446,0.46129,0.12011,0.10299,0.39315,0.36215,0.21262,0.22045,0.21412,0.1916,0.057629,0.14209,0.45875,0.34947,0.49404,0.51141,0.68479,0.78093,0.48056,0.53536,0.46626,0.59349,0.45766,0.57637,0.19075,0.13146,0.3439,0.3301,-0.048638,0.13866,-0.1632,-0.056424,-0.13044,-0.073007,0.19506,0.24375,0.080448,0.079734,0.17223,0.17842,0.17124,0.13155,-0.017076,-0.01362,-0.13561,-0.10285,0.0086231,-0.040207,-0.0079431,0.038625
0.49644,0.59533,0.47055,0.40576,0.37126,0.39735,0.42766,0.45765,0.38217,0.37991,0.56871,0.52432,0.45092,0.40113,0.40068,0.43769,1,0.88298,0.39761,0.47928,0.31463,0.31688,0.37814,0.353,0.4322,0.52209,0.31497,0.40002,0.76002,0.6261,0.43565,0.42007,0.57155,0.57866,0.35306,0.34128,0.32349,0.31516,0.25561,0.34847,0.25904,0.2349,0.40702,0.37701,0.38568,0.35046,0.38291,0.42168,0.39556,0.36518,0.32415,0.34326,0.28623,0.20012,0.40322,0.42987,0.64942,0.69467,0.40853,0.4124,0.51948,0.39686,0.60662,0.59962,0.17755,0.20584,0.46874,0.39153,0.42373,0.41152,0.3918,0.36539,0.33788,0.33818,0.23959,0.287,0.18221,0.24613,0.79028,0.71362,0.66892,0.49734,0.42138,0.53607,0.25725,0.28472,0.31009,0.36359,0.37214,0.43221,0.31128,0.1806,0.20125,0.21667,0.19212,0.17308,0.29184,0.30853,0.34312,0.29111,0.19262,0.22473,0.30941,0.19954,0.25298,0.22917,0.31113,0.36342,0.099314,0.066811,0.24682,0.25579,0.15886,0.27595,0.19623,-0.017939
0.47248,0.64575,0.42319,0.36851,0.33082,0.3628,0.3667,0.427,0.37303,0.37897,0.54543,0.52215,0.41682,0.42216,0.41436,0.44962,0.88298,1,0.40855,0.5365,0.39043,0.36761,0.37397,0.34357,0.44664,0.52848,0.28837,0.37181,0.74606,0.7264,0.47556,0.46369,0.54153,0.57124,0.29349,0.3028,0.29739,0.31708,0.22408,0.30642,0.27752,0.28341,0.36969,0.34149,0.33656,0.32526,0.36484,0.3985,0.36343,0.34767,0.26991,0.29701,0.27606,0.17454,0.34764,0.37891,0.62071,0.72753,0.37058,0.38241,0.46535,0.33844,0.58748,0.59693,0.11811,0.11234,0.39641,0.32066,0.43769,0.42201,0.39328,0.38173,0.37791,0.4106,0.25987,0.30176,0.19176,0.27709,0.68431,0.8281,0.61541,0.52172,0.40762,0.55748,0.20966,0.23296,0.2514,0.40048,0.30944,0.40168,0.28839,0.16738,0.15984,0.19941,0.21511,0.21578,0.29541,0.27818,0.34026,0.27552,0.169,0.20201,0.28779,0.20061,0.24377,0.21053,0.32292,0.37078,0.11686,0.047709,0.23182,0.25682,0.17172,0.26624,0.19293,0.024295
0.65466,0.56128,0.55214,0.50473,0.2546,0.33501,0.5337,0.4687,0.29023,0.29959,0.47832,0.39313,0.43092,0.31769,0.38712,0.39159,0.39761,0.40855,1,0.84164,0.19446,0.082624,0.44717,0.39878,0.24806,0.30307,0.23048,0.27696,0.49113,0.40933,0.42702,0.44359,0.69672,0.7104,0.39564,0.4033,0.49758,0.49738,0.24043,0.30796,0.33082,0.30884,0.25055,0.2274,0.23775,0.22956,0.20599,0.26612,0.21904,0.20659,0.13389,0.11456,0.10994,0.10952,0.1209,0.15449,0.52573,0.41949,0.32774,0.30174,0.36506,0.275,0.42337,0.29357,0.24641,0.14501,0.4416,0.39736,0.53174,0.52157,0.36369,0.3548,0.35729,0.32513,0.36727,0.37655,0.40447,0.43607,0.30134,0.28833,0.27964,0.21315,0.33987,0.32444,0.16565,0.090627,0.2727,0.23121,0.27481,0.28863,0.22574,0.085278,0.20496,0.26964,0.0807,0.014333,0.13049,0.062411,0.081098,0.072438,0.094062,0.21455,0.12101,0.17207,0.12328,0.18709,0.19399,0.35348,-0.005666,0.13323,0.20588,0.1832,0.16382,0.15531,0.13353,-0.11084
0.66218,0.76943,0.41505,0.41247,0.30787,0.31274,0.4376,0.43504,0.25651,0.29999,0.42359,0.39659,0.32105,0.25961,0.28777,0.31991,0.47928,0.5365,0.84164,1,0.23284,0.18345,0.2769,0.26485,0.19805,0.29615,0.19274,0.24354,0.51456,0.45323,0.34284,0.36973,0.74043,0.80894,0.35154,0.36866,0.43526,0.43808,0.22952,0.36644,0.32512,0.32791,0.38532,0.36549,0.35158,0.36504,0.3403,0.41251,0.36627,0.36824,0.18116,0.21236,0.1218,0.12541,0.1287,0.21515,0.67974,0.66928,0.39136,0.39088,0.37822,0.26341,0.40375,0.38679,0.052676,0.027325,0.4765,0.4127,0.77047,0.77669,0.36334,0.3793,0.43168,0.42929,0.39394,0.45385,0.44296,0.48244,0.32081,0.39607,0.23741,0.13744,0.29779,0.30349,0.014833,-0.037804,0.22395,0.16375,0.18629,0.2478,0.17258,-0.036545,0.098357,0.1643,0.22185,0.11906,0.30002,0.19899,0.21026,0.10812,0.067296,0.15732,0.18936,0.15592,0.10792,0.18592,0.23372,0.41521,0.07976,0.21206,0.33228,0.2545,0.16714,0.25308,0.16656,-0.16031
0.28427,0.26124,0.40675,0.29406,0.20142,0.07999,0.29397,0.32266,0.33997,0.28436,0.35186,0.24668,0.36252,0.29354,0.42415,0.34884,0.31463,0.39043,0.19446,0.23284,1,0.87409,0.42005,0.44066,0.44895,0.59349,0.15325,0.28743,0.39885,0.39194,0.42406,0.35045,0.31817,0.31042,0.29636,0.24786,0.53134,0.34313,0.6008,0.46837,0.61176,0.39226,0.2726,0.23909,0.24984,0.23143,0.25448,0.25491,0.23684,0.18066,0.13846,0.076901,0.1793,0.044937,0.25297,0.21874,0.29187,0.28484,0.31788,0.27694,0.26021,0.20373,0.15432,0.15358,0.20086,0.12972,0.35226,0.28775,0.2604,0.23153,0.57539,0.49654,0.43139,0.40388,0.24456,0.22865,0.28127,0.33031,0.25377,0.48124,0.2491,0.32172,0.45816,0.38309,0.19233,0.17502,0.14348,0.43118,0.26038,0.27321,0.25048,0.072352,0.26166,0.18463,0.091363,0.28107,0.060499,0.09808,0.1223,0.034963,0.16526,0.17307,0.17909,0.17555,0.28698,0.34221,0.31207,0.24323,0.11375,-0.25415,0.016878,0.11166,0.15005,0.19022,0.17455,0.26307
0.2266,0.23245,0.34556,0.2503,0.19475,0.056955,0.25881,0.31579,0.35045,0.27888,0.30792,0.24426,0.31147,0.26134,0.38406,0.33386,0.31688,0.36761,0.082624,0.18345,0.87409,1,0.33728,0.38643,0.40306,0.5986,0.076206,0.25968,0.37334,0.37817,0.35859,0.29408,0.26471,0.27104,0.29197,0.25147,0.48717,0.30851,0.59871,0.53273,0.50052,0.37365,0.25676,0.23528,0.25553,0.23101,0.24712,0.25613,0.23243,0.16412,0.14416,0.074876,0.17539,0.022867,0.28259,0.24176,0.27403,0.28292,0.31139,0.28289,0.27159,0.20639,0.11845,0.15846,0.18485,0.13268,0.35732,0.29791,0.25322,0.2397,0.52186,0.4731,0.36804,0.37257,0.21434,0.21262,0.22524,0.28197,0.24448,0.47002,0.20946,0.26919,0.45882,0.40314,0.16297,0.1555,0.14533,0.43657,0.27881,0.29904,0.22911,0.039565,0.25338,0.12996,0.13857,0.3209,0.08677,0.15158,0.15088,0.063107,0.16064,0.13692,0.19142,0.14727,0.28571,0.31589,0.29532,0.2176,0.15944,-0.18351,0.046662,0.14608,0.12748,0.16592,0.13659,0.29983
0.37711,0.1212,0.79098,0.71186,0.33163,0.4024,0.60405,0.56498,0.5639,0.41668,0.55605,0.40795,0.70099,0.6285,0.78682,0.6717,0.37814,0.37397,0.44717,0.2769,0.42005,0.33728,1,0.92696,0.72702,0.69936,0.40488,0.49713,0.50585,0.37402,0.5806,0.56542,0.38174,0.31815,0.51894,0.47208,0.56204,0.42762,0.41438,0.35979,0.37572,0.30296,0.25923,0.23832,0.25728,0.23443,0.24125,0.26956,0.18393,0.15934,0.29959,0.15224,0.32836,0.23239,0.34377,0.30033,0.22194,0.16176,0.28191,0.27093,0.37523,0.34058,0.42265,0.22095,0.67981,0.48888,0.46826,0.46834,0.073196,0.082804,0.46289,0.4475,0.2357,0.19816,0.17103,0.1735,0.18026,0.20795,0.33462,0.36722,0.46306,0.48245,0.55258,0.46019,0.65998,0.56229,0.40124,0.47092,0.54571,0.47757,0.46548,0.38296,0.55377,0.5841,0.030994,0.11217,0.021385,0.087067,0.10644,0.15146,0.42529,0.44307,0.23239,0.31914,0.37109,0.33154,0.19664,0.23971,0.038136,-0.094322,0.022431,0.12629,0.124,0.036253,0.14181,0.15228
0.37293,0.096135,0.75732,0.78068,0.33699,0.40823,0.6032,0.62176,0.5172,0.41697,0.52569,0.45559,0.67423,0.66891,0.73082,0.7018,0.353,0.34357,0.39878,0.26485,0.44066,0.38643,0.92696,1,0.65399,0.72433,0.38655,0.50568,0.5051,0.40134,0.57854,0.60283,0.38152,0.33364,0.52673,0.50574,0.54899,0.44549,0.4392,0.4144,0.41984,0.31884,0.24174,0.2259,0.23466,0.22332,0.21269,0.2415,0.16891,0.14708,0.32486,0.17906,0.33045,0.28011,0.34143,0.31923,0.22661,0.1285,0.29823,0.29434,0.3716,0.37404,0.38685,0.22596,0.66264,0.55773,0.47145,0.50551,0.061345,0.061052,0.46116,0.46302,0.22855,0.17018,0.15654,0.14152,0.14478,0.17557,0.3387,0.33855,0.44589,0.49087,0.55085,0.50206,0.64272,0.59387,0.36382,0.4965,0.50674,0.48662,0.43235,0.32028,0.53214,0.51789,-0.0094476,0.1239,-0.037059,0.053505,0.047115,0.10348,0.40318,0.38613,0.20008,0.27323,0.33969,0.3088,0.1631,0.20126,-0.0056982,-0.11562,-0.033783,0.059675,0.072834,-0.0060406,0.077395,0.15129
0.27854,0.21439,0.58188,0.42937,0.38101,0.34195,0.3897,0.33881,0.64604,0.40263,0.41975,0.22092,0.48864,0.41957,0.63136,0.50526,0.4322,0.44664,0.24806,0.19805,0.44895,0.40306,0.72702,0.65399,1,0.79243,0.4381,0.49135,0.44397,0.30733,0.45302,0.39774,0.34805,0.28728,0.48106,0.45035,0.48655,0.31134,0.43696,0.38125,0.27277,0.22319,0.36672,0.34009,0.41091,0.36446,0.37086,0.40925,0.37143,0.30668,0.3862,0.23664,0.38537,0.16876,0.47568,0.44019,0.25428,0.31464,0.37469,0.35229,0.38996,0.27387,0.32941,0.18056,0.46649,0.30497,0.5104,0.43714,0.16676,0.17652,0.47348,0.43907,0.32264,0.28769,0.21428,0.16546,0.21913,0.24596,0.37857,0.47343,0.47108,0.46713,0.4367,0.37954,0.50157,0.43611,0.32499,0.3914,0.57049,0.49137,0.49649,0.41286,0.5086,0.59415,0.1458,0.18211,0.24636,0.28261,0.3353,0.33024,0.44862,0.50329,0.40391,0.40904,0.54324,0.4321,0.3533,0.41356,0.22207,-0.024876,0.22469,0.31882,0.24681,0.18482,0.30921,0.19823
0.37121,0.28983,0.64307,0.54316,0.4624,0.43289,0.48945,0.49477,0.5701,0.49371,0.47233,0.3639,0.5063,0.42889,0.62052,0.59771,0.52209,0.52848,0.30307,0.29615,0.59349,0.5986,0.69936,0.72433,0.79243,1,0.44918,0.61708,0.56244,0.45402,0.58507,0.55749,0.47861,0.43726,0.5622,0.51504,0.52272,0.36513,0.44828,0.46533,0.36268,0.28706,0.37169,0.34993,0.39908,0.36292,0.34211,0.38783,0.3463,0.30283,0.36822,0.26023,0.36437,0.19688,0.37933,0.38979,0.36595,0.38864,0.42737,0.4202,0.45475,0.39006,0.40047,0.31658,0.4463,0.35375,0.55648,0.50998,0.24447,0.24199,0.52155,0.47187,0.37163,0.33879,0.2332,0.25145,0.20899,0.25106,0.46322,0.52551,0.46817,0.46192,0.50466,0.52148,0.42087,0.40108,0.33488,0.4846,0.4918,0.53583,0.35889,0.25063,0.41539,0.43765,0.10891,0.20876,0.13792,0.20106,0.1945,0.18796,0.32329,0.35831,0.30975,0.29486,0.40598,0.35748,0.29531,0.3605,0.13582,-0.064284,0.12669,0.20586,0.1057,0.17194,0.17111,0.13454
0.26035,0.25219,0.5087,0.52541,0.67262,0.65221,0.45552,0.45831,0.24816,0.61166,0.18515,0.3938,0.35194,0.42238,0.48317,0.62313,0.31497,0.28837,0.23048,0.19274,0.15325,0.076206,0.40488,0.38655,0.4381,0.44918,1,0.82934,0.35227,0.37296,0.39404,0.3612,0.31656,0.24652,0.36237,0.2733,0.29924,0.40933,0.043256,0.19856,0.10736,0.21,0.14241,0.13637,0.1937,0.18507,0.031176,0.10696,0.14866,0.1727,0.20932,0.22099,0.049264,0.25361,0.074843,0.14949,0.21799,0.30135,0.21915,0.27582,0.28985,0.40511,0.44055,0.44718,0.31562,0.36816,0.34472,0.35601,0.090577,0.084327,0.20808,0.21185,0.094089,0.16477,0.16564,0.1379,-0.068874,0.013037,0.38855,0.11181,0.39065,0.37126,0.41039,0.50946,0.28208,0.38205,0.4357,0.31099,0.26765,0.42916,-0.0029921,0.047558,0.21121,0.27336,-0.033097,-0.00052077,-0.080874,-0.066218,-0.1868,-0.12618,0.076618,0.17527,-0.02536,-0.038249,-0.011264,0.057301,0.040528,0.12991,-0.026779,0.081616,-0.077951,-0.14813,-0.046315,0.011824,0.064002,-0.19629
0.39554,0.3229,0.62782,0.60889,0.67267,0.76712,0.54103,0.56619,0.4479,0.7099,0.35334,0.44693,0.48848,0.48491,0.61927,0.69407,0.40002,0.37181,0.27696,0.24354,0.28743,0.25968,0.49713,0.50568,0.49135,0.61708,0.82934,1,0.41886,0.39904,0.36696,0.34436,0.38774,0.31502,0.47439,0.42428,0.41538,0.43741,0.19887,0.31127,0.18799,0.22557,0.21712,0.19509,0.25944,0.24114,0.13207,0.19239,0.21601,0.19871,0.27408,0.24444,0.16898,0.23002,0.19864,0.23132,0.30672,0.34921,0.35932,0.40249,0.41928,0.50656,0.42948,0.39848,0.43536,0.43464,0.46587,0.46476,0.17007,0.16037,0.37092,0.33855,0.25326,0.27849,0.26573,0.27607,0.070305,0.15552,0.40727,0.28556,0.38037,0.37771,0.49199,0.53821,0.35219,0.39852,0.47582,0.42876,0.43676,0.60261,0.096366,0.094596,0.28663,0.3271,-0.028279,0.044391,-0.056315,-0.023969,-0.099391,-0.05878,0.11506,0.23879,0.046239,0.053803,0.13684,0.15228,0.11163,0.21931,0.0048634,0.0093864,-0.0039469,-0.036192,-0.0071558,0.032058,0.077771,-0.067752
0.55525,0.5366,0.57631,0.52612,0.43105,0.42735,0.52335,0.58322,0.40068,0.46315,0.68209,0.64654,0.57911,0.55133,0.54715,0.60292,0.76002,0.74606,0.49113,0.51456,0.39885,0.37334,0.50585,0.5051,0.44397,0.56244,0.35227,0.41886,1,0.83166,0.62582,0.62677,0.5609,0.6178,0.32082,0.32641,0.4668,0.47245,0.35999,0.43495,0.39246,0.35332,0.3079,0.31828,0.24851,0.26017,0.30045,0.33563,0.26758,0.27604,0.28157,0.2774,0.34835,0.26027,0.3699,0.3968,0.52669,0.53253,0.41604,0.42703,0.5184,0.40875,0.62218,0.55352,0.18441,0.22434,0.40815,0.37801,0.3504,0.31256,0.4031,0.39061,0.34492,0.32998,0.18978,0.25111,0.15602,0.26535,0.64363,0.62926,0.58001,0.47346,0.64491,0.66206,0.31283,0.28634,0.34212,0.38089,0.4096,0.41959,0.26777,0.12857,0.16074,0.18618,0.16125,0.26548,0.15951,0.1826,0.16789,0.14684,0.15521,0.18247,0.23532,0.15679,0.21147,0.22276,0.28945,0.25641,0.051973,0.040019,0.08061,0.11661,0.11054,0.21366,0.16041,0.055062
0.39304,0.50436,0.4439,0.49299,0.39875,0.39757,0.39621,0.54715,0.24607,0.44258,0.48937,0.67675,0.39314,0.56753,0.43209,0.61516,0.6261,0.7264,0.40933,0.45323,0.39194,0.37817,0.37402,0.40134,0.30733,0.45402,0.37296,0.39904,0.83166,1,0.62572,0.62981,0.47308,0.56777,0.21147,0.21301,0.36101,0.5218,0.30718,0.40583,0.42891,0.45397,0.15545,0.16559,0.11544,0.13646,0.14533,0.18979,0.13597,0.16162,0.12703,0.1715,0.15864,0.14779,0.23096,0.27979,0.41289,0.48964,0.26465,0.3146,0.3862,0.37165,0.52803,0.60869,0.088286,0.15793,0.2677,0.25997,0.27046,0.23708,0.36279,0.37965,0.30658,0.39916,0.21768,0.26242,0.14173,0.2527,0.53309,0.54174,0.48374,0.44728,0.59568,0.72006,0.16499,0.25019,0.27784,0.40136,0.25041,0.37161,0.16035,0.081919,0.15175,0.089025,0.14923,0.30404,0.11132,0.14015,0.070187,0.10437,0.11565,0.11386,0.18969,0.087836,0.15594,0.20234,0.29536,0.23167,0.047764,0.10113,0.048598,0.052205,0.13132,0.20892,0.15435,0.027117
0.16806,0.18883,0.5088,0.50328,0.29414,0.25973,0.40853,0.44262,0.16628,0.24447,0.33501,0.42304,0.37354,0.43336,0.36978,0.49399,0.43565,0.47556,0.42702,0.34284,0.42406,0.35859,0.5806,0.57854,0.45302,0.58507,0.39404,0.36696,0.62582,0.62572,1,0.93415,0.44029,0.52192,0.32236,0.28711,0.37066,0.43278,0.2631,0.31353,0.37481,0.36145,0.12635,0.14983,0.11503,0.094449,0.12283,0.16715,0.030154,0.066919,0.064826,0.053897,0.064547,0.14215,0.19304,0.19758,0.19055,0.20628,0.088445,0.12076,0.1599,0.16372,0.38635,0.34914,0.15642,0.17586,0.25693,0.27693,0.11938,0.12189,0.41638,0.4045,0.20418,0.22195,0.15916,0.1935,0.14478,0.19468,0.40565,0.36056,0.41396,0.41746,0.38965,0.48812,0.22157,0.30383,0.24314,0.26972,0.17932,0.16463,0.20996,0.21534,0.24339,0.24712,0.18925,0.18867,0.10982,0.13173,0.027359,0.12533,0.19887,0.21484,0.17224,0.1516,0.17694,0.23268,0.1272,0.25598,0.10707,0.085242,0.047541,0.088579,0.13768,0.16546,0.16027,0.028408
0.20009,0.20753,0.49663,0.54958,0.29651,0.28673,0.41699,0.48247,0.15331,0.22763,0.34235,0.43036,0.36055,0.45437,0.3446,0.49436,0.42007,0.46369,0.44359,0.36973,0.35045,0.29408,0.56542,0.60283,0.39774,0.55749,0.3612,0.34436,0.62677,0.62981,0.93415,1,0.43616,0.54102,0.30713,0.30783,0.35637,0.44897,0.21231,0.30177,0.37298,0.38396,0.1203,0.14481,0.097039,0.087509,0.11759,0.16562,0.02669,0.071176,0.078921,0.067595,0.073502,0.16582,0.16343,0.19093,0.20821,0.2081,0.088039,0.11845,0.16269,0.16743,0.35268,0.34587,0.14207,0.19134,0.23733,0.27824,0.1361,0.13502,0.39026,0.41959,0.20661,0.2298,0.15513,0.2031,0.1556,0.20745,0.35821,0.33292,0.36724,0.35983,0.37019,0.46252,0.20876,0.28324,0.24711,0.25219,0.16332,0.14989,0.21024,0.20583,0.24418,0.25075,0.20514,0.15366,0.087426,0.11752,-0.0010453,0.12363,0.20823,0.2157,0.17849,0.16542,0.152,0.20614,0.10438,0.22923,0.094627,0.13788,0.030275,0.080248,0.11741,0.16012,0.16125,-0.0033448
0.61134,0.63647,0.61119,0.58004,0.47359,0.43169,0.64465,0.62947,0.39724,0.39918,0.44444,0.48806,0.40803,0.38607,0.33083,0.3843,0.57155,0.54153,0.69672,0.74043,0.31817,0.26471,0.38174,0.38152,0.34805,0.47861,0.31656,0.38774,0.5609,0.47308,0.44029,0.43616,1,0.90485,0.7104,0.6521,0.41128,0.38277,0.32195,0.3864,0.23818,0.20905,0.51834,0.47225,0.58204,0.53829,0.44304,0.50712,0.56421,0.52096,0.44832,0.43023,0.30878,0.3007,0.35444,0.45311,0.64246,0.62675,0.62671,0.61599,0.58077,0.56873,0.50537,0.55836,0.31075,0.3916,0.76362,0.72625,0.5978,0.61899,0.43119,0.4708,0.40332,0.37757,0.34548,0.37861,0.3418,0.36092,0.50128,0.39307,0.3383,0.21848,0.26994,0.34266,0.13596,0.08314,0.18566,0.15372,0.36277,0.47799,0.29402,0.056815,0.17387,0.23682,0.17697,0.17976,0.25202,0.23745,0.23292,0.16157,0.20991,0.33925,0.26281,0.23565,0.22426,0.25958,0.32984,0.47833,0.057133,0.060085,0.24144,0.17867,0.14516,0.22911,0.17186,-0.18975
0.54506,0.65577,0.48789,0.49915,0.41509,0.34354,0.52879,0.54801,0.2869,0.30955,0.4346,0.48112,0.31057,0.30466,0.23968,0.3458,0.57866,0.57124,0.7104,0.80894,0.31042,0.27104,0.31815,0.33364,0.28728,0.43726,0.24652,0.31502,0.6178,0.56777,0.52192,0.54102,0.90485,1,0.54659,0.51498,0.36836,0.39838,0.28473,0.38843,0.30161,0.30394,0.3931,0.36995,0.41665,0.40418,0.3509,0.41715,0.41321,0.4032,0.29764,0.31255,0.21018,0.20742,0.24826,0.34793,0.57863,0.62145,0.47912,0.50091,0.48352,0.45792,0.47441,0.55362,0.15439,0.22477,0.59279,0.56983,0.61001,0.63367,0.41185,0.44518,0.39597,0.37966,0.31676,0.37358,0.37735,0.41979,0.46204,0.39075,0.30191,0.16927,0.27981,0.37454,0.057731,0.011931,0.20802,0.15244,0.25853,0.34581,0.20463,0.0029231,0.10689,0.15615,0.21561,0.15352,0.2634,0.21726,0.19649,0.12795,0.15724,0.23527,0.26857,0.1649,0.18828,0.21828,0.28203,0.44405,0.09069,0.14027,0.25581,0.18896,0.13116,0.22153,0.14604,-0.19758
0.42885,0.29287,0.66175,0.59602,0.51632,0.44331,0.66242,0.5925,0.50436,0.40633,0.35566,0.36914,0.46096,0.4099,0.454,0.43485,0.35306,0.29349,0.39564,0.35154,0.29636,0.29197,0.51894,0.52673,0.48106,0.5622,0.36237,0.47439,0.32082,0.21147,0.32236,0.30713,0.7104,0.54659,1,0.8456,0.41714,0.27938,0.32066,0.35111,0.1427,0.10588,0.44509,0.37665,0.60414,0.51524,0.35577,0.41869,0.49349,0.42069,0.5048,0.38613,0.37339,0.32689,0.38909,0.43179,0.37326,0.30668,0.57003,0.55356,0.51876,0.57793,0.35274,0.36453,0.59166,0.59532,0.81589,0.82284,0.259,0.30881,0.44064,0.47937,0.32262,0.27329,0.34548,0.27775,0.27712,0.269,0.32337,0.21506,0.25388,0.18794,0.26712,0.27208,0.33883,0.24834,0.17723,0.19513,0.46664,0.52522,0.36495,0.17038,0.36899,0.41307,0.12389,0.14681,0.10556,0.16015,0.16397,0.11748,0.34151,0.46334,0.23609,0.27832,0.26108,0.27086,0.27057,0.33368,0.041005,-0.030442,0.14368,0.11376,0.092872,0.09055,0.077882,-0.099407
0.45597,0.2891,0.59929,0.57355,0.41823,0.45277,0.61973,0.57385,0.49171,0.37972,0.40446,0.36422,0.48195,0.41514,0.45873,0.43044,0.34128,0.3028,0.4033,0.36866,0.24786,0.25147,0.47208,0.50574,0.45035,0.51504,0.2733,0.42428,0.32641,0.21301,0.28711,0.30783,0.6521,0.51498,0.8456,1,0.43238,0.29588,0.34073,0.3525,0.19281,0.13154,0.40886,0.37023,0.5542,0.49589,0.35684,0.41737,0.46558,0.41092,0.49172,0.37467,0.39004,0.31654,0.43162,0.45435,0.37571,0.28855,0.56876,0.57144,0.50877,0.53777,0.30675,0.31706,0.55326,0.59999,0.75902,0.80756,0.26566,0.31256,0.45531,0.51535,0.37643,0.31744,0.35184,0.32089,0.33017,0.3274,0.28707,0.24485,0.25019,0.22721,0.28096,0.25824,0.37376,0.27518,0.13908,0.17396,0.51317,0.52557,0.45232,0.26801,0.41467,0.44811,0.10296,0.12696,0.15505,0.21144,0.23634,0.2251,0.38916,0.48252,0.3206,0.36491,0.3155,0.31819,0.32929,0.36663,0.075816,-0.014387,0.22104,0.23858,0.18392,0.14886,0.15648,0.037442
0.52547,0.38631,0.6108,0.5252,0.34296,0.37543,0.52336,0.50947,0.52107,0.48324,0.48302,0.39804,0.52838,0.4539,0.57201,0.48474,0.32349,0.29739,0.49758,0.43526,0.53134,0.48717,0.56204,0.54899,0.48655,0.52272,0.29924,0.41538,0.4668,0.36101,0.37066,0.35637,0.41128,0.36836,0.41714,0.43238,1,0.74172,0.72789,0.63687,0.65456,0.52037,0.27056,0.24999,0.27471,0.23302,0.26438,0.3239,0.24355,0.17901,0.22514,0.12444,0.24898,0.1436,0.38355,0.32979,0.38514,0.28776,0.36854,0.32789,0.36557,0.28291,0.26853,0.17389,0.38745,0.2646,0.48804,0.42861,0.34584,0.33823,0.60875,0.55673,0.47208,0.43882,0.45311,0.45209,0.5037,0.53377,0.2764,0.30137,0.30043,0.30775,0.60856,0.41303,0.39193,0.3183,0.41117,0.40835,0.5422,0.47938,0.43746,0.26489,0.53581,0.45164,0.2738,0.30149,0.21475,0.21644,0.1848,0.19362,0.3383,0.42314,0.32601,0.36938,0.40587,0.49405,0.39689,0.37247,0.19497,0.12264,0.26168,0.30903,0.36413,0.31817,0.3149,0.21493
0.39926,0.3969,0.48025,0.49947,0.37371,0.38243,0.4221,0.46071,0.25939,0.42426,0.32908,0.46195,0.37965,0.47961,0.45137,0.51955,0.31516,0.31708,0.49738,0.43808,0.34313,0.30851,0.42762,0.44549,0.31134,0.36513,0.40933,0.43741,0.47245,0.5218,0.43278,0.44897,0.38277,0.39838,0.27938,0.29588,0.74172,1,0.51355,0.66268,0.59553,0.62699,0.17329,0.18232,0.1695,0.16167,0.13015,0.20545,0.14277,0.1374,0.13378,0.10235,0.042473,0.12248,0.22989,0.27505,0.32275,0.30277,0.19666,0.20448,0.21161,0.21789,0.29402,0.30969,0.25773,0.24101,0.352,0.33815,0.29558,0.27649,0.41677,0.40806,0.30446,0.36639,0.33445,0.36562,0.35053,0.39997,0.28663,0.18077,0.32183,0.3704,0.58013,0.5068,0.27953,0.38269,0.41487,0.4142,0.3091,0.38251,0.24822,0.12914,0.39736,0.27406,0.209,0.27005,0.14646,0.16854,0.027521,0.10792,0.19842,0.23464,0.16355,0.20612,0.23017,0.35971,0.34725,0.28212,0.1625,0.22685,0.16573,0.15374,0.24792,0.26452,0.28833,0.04856
0.28409,0.21573,0.41559,0.33052,0.19772,0.13845,0.31997,0.33395,0.47228,0.29599,0.3239,0.19191,0.35179,0.31461,0.40714,0.28775,0.25561,0.22408,0.24043,0.22952,0.6008,0.59871,0.41438,0.4392,0.43696,0.44828,0.043256,0.19887,0.35999,0.30718,0.2631,0.21231,0.32195,0.28473,0.32066,0.34073,0.72789,0.51355,1,0.77308,0.62334,0.44892,0.26221,0.21993,0.28285,0.2292,0.29957,0.30809,0.24527,0.15518,0.19284,0.063238,0.21851,0.0090779,0.49119,0.41331,0.26821,0.20839,0.30948,0.2703,0.30111,0.20667,0.11929,0.083348,0.31509,0.22266,0.43374,0.37359,0.25677,0.25522,0.51477,0.47469,0.34451,0.31045,0.2766,0.31059,0.37045,0.38777,0.24529,0.29827,0.19041,0.25303,0.54055,0.31664,0.30153,0.23884,0.27331,0.32787,0.48801,0.37944,0.4692,0.25909,0.5008,0.35539,0.26205,0.40436,0.3416,0.3794,0.35872,0.31303,0.38677,0.38441,0.40592,0.44068,0.52008,0.61352,0.471,0.43645,0.24653,-0.018396,0.31165,0.34214,0.3661,0.36582,0.37082,0.32671
0.32313,0.34101,0.42758,0.36829,0.31864,0.22315,0.3582,0.36491,0.34429,0.27486,0.30588,0.26684,0.329,0.33435,0.38072,0.38684,0.34847,0.30642,0.30796,0.36644,0.46837,0.53273,0.35979,0.4144,0.38125,0.46533,0.19856,0.31127,0.43495,0.40583,0.31353,0.30177,0.3864,0.38843,0.35111,0.3525,0.63687,0.66268,0.77308,1,0.52164,0.50939,0.40813,0.39622,0.418,0.40633,0.39708,0.43958,0.36097,0.34194,0.23908,0.17899,0.11631,0.058441,0.42354,0.47811,0.37272,0.35906,0.2899,0.29303,0.26385,0.19211,0.17337,0.18847,0.23797,0.23635,0.48773,0.46229,0.37568,0.37579,0.37974,0.36194,0.25596,0.26171,0.24377,0.28172,0.26675,0.30852,0.31037,0.2927,0.26992,0.31688,0.61712,0.44401,0.25872,0.30027,0.32587,0.37,0.35104,0.35376,0.3256,0.08488,0.39737,0.25032,0.27831,0.41054,0.35092,0.42855,0.3057,0.23562,0.28142,0.21753,0.29478,0.31724,0.41209,0.54327,0.42,0.41173,0.26891,0.11582,0.29396,0.27732,0.2328,0.31659,0.36098,0.16618
0.28051,0.26386,0.31724,0.32936,0.13061,0.089073,0.23453,0.30839,0.205,0.20123,0.29583,0.24623,0.26642,0.30921,0.32886,0.32347,0.25904,0.27752,0.33082,0.32512,0.61176,0.50052,0.37572,0.41984,0.27277,0.36268,0.10736,0.18799,0.39246,0.42891,0.37481,0.37298,0.23818,0.30161,0.1427,0.19281,0.65456,0.59553,0.62334,0.52164,1,0.65579,0.02346,0.026822,0.0049517,0.0041222,0.012949,0.064134,-0.027617,-0.046373,-0.099915,-0.1474,-0.050702,-0.099974,0.09463,0.058955,0.27492,0.1995,0.096684,0.078593,0.14105,0.087695,0.15848,0.12765,0.17384,0.094765,0.19869,0.18423,0.24796,0.22591,0.54336,0.51176,0.47677,0.44076,0.36666,0.35655,0.43127,0.47037,0.22222,0.25795,0.22132,0.27734,0.50054,0.37868,0.20344,0.20434,0.2779,0.35892,0.22828,0.16792,0.21384,0.14011,0.37156,0.25635,0.15648,0.18879,0.10745,0.094977,0.028193,0.10672,0.22671,0.19988,0.25056,0.24648,0.2822,0.38265,0.27595,0.24931,0.15487,0.043173,0.13798,0.19907,0.28021,0.31356,0.26578,0.18867
0.22711,0.2919,0.26734,0.29737,0.17767,0.14617,0.20061,0.29203,0.16422,0.2819,0.1952,0.2883,0.20538,0.33344,0.27024,0.36862,0.2349,0.28341,0.30884,0.32791,0.39226,0.37365,0.30296,0.31884,0.22319,0.28706,0.21,0.22557,0.35332,0.45397,0.36145,0.38396,0.20905,0.30394,0.10588,0.13154,0.52037,0.62699,0.44892,0.50939,0.65579,1,-0.044506,-0.034558,-0.058877,-0.055284,-0.056193,0.026046,-0.058456,-0.064955,-0.071542,-0.082089,-0.051486,-0.032989,0.024536,0.047795,0.20938,0.22932,0.033875,0.041825,0.099671,0.092604,0.1975,0.22458,0.10927,0.061172,0.12167,0.11593,0.17446,0.16444,0.41205,0.42426,0.38188,0.44318,0.34178,0.30538,0.38351,0.41974,0.22521,0.20617,0.22717,0.26062,0.45418,0.39593,0.12531,0.23823,0.31917,0.36461,0.15699,0.20103,0.12248,0.097985,0.33988,0.23203,0.18918,0.15018,0.07965,0.094039,-0.019204,0.078889,0.19949,0.20972,0.23688,0.22581,0.24489,0.34286,0.25117,0.18238,0.19093,0.2079,0.14193,0.14665,0.23428,0.30787,0.26898,0.077479
0.37879,0.41454,0.39988,0.2548,0.33388,0.28063,0.37489,0.31111,0.35005,0.22557,0.32715,0.18231,0.37082,0.22743,0.26643,0.18875,0.40702,0.36969,0.25055,0.38532,0.2726,0.25676,0.25923,0.24174,0.36672,0.37169,0.14241,0.21712,0.3079,0.15545,0.12635,0.1203,0.51834,0.3931,0.44509,0.40886,0.27056,0.17329,0.26221,0.40813,0.02346,-0.044506,1,0.96556,0.91376,0.94259,0.95569,0.94587,0.89465,0.91845,0.65725,0.67648,0.42152,0.42601,0.57313,0.70899,0.53856,0.51242,0.51945,0.48419,0.34557,0.21613,0.12511,0.15059,0.1505,0.19623,0.64143,0.56175,0.53516,0.53297,0.26168,0.30885,0.24285,0.23976,0.16528,0.30557,0.16162,0.18691,0.3989,0.47998,0.3238,0.28435,0.23435,0.17269,0.17452,0.13903,0.078157,0.05302,0.18449,0.2406,0.41487,0.057926,0.026014,0.14656,0.23195,0.40653,0.45807,0.50691,0.60097,0.28743,0.16346,0.21894,0.23356,0.28729,0.30205,0.32159,0.32332,0.34954,0.18188,-0.032867,0.26913,0.25376,0.076082,0.2702,0.36485,-0.061428
