1,0.88218,0.76496,0.78629,0.744,0.59356,0.77154,0.76769,0.69903,0.75526,0.81113,0.77393,0.82238,0.78547,0.6802,0.73111,0.73412,0.84443,0.79887,0.79933,0.25629,0.19856,0.51151,0.58461,0.15467,0.23601,0.53596,0.56199,0.54131,0.7375,-0.25993,-0.20265,0.57709,0.42894,0.16968,0.36283,0.23861,0.60229,-0.14299,0.63476,-0.30967,-0.041026,0.35619,0.39335,0.30105,0.37003,0.17762,0.43339,0.55986,0.4989,0.698,0.66515,0.67382,0.62307,0.62385,0.75956,0.90676,0.8865,0.76422,0.73791,0.81559,0.74554,0.82639,0.79396,0.60409,0.62606,0.59062,0.62002,0.63156,0.67853,0.10627,0.13915,-0.1493,-0.026507,-0.26691,-0.22899,-0.1748,0.017227,0.56411,0.67417,0.73386,0.74595,0.69232,0.80968,0.73507,0.69353,0.69976,0.8047,0.8082,0.82189,0.56296,0.63693,0.5096,0.68014,0.10984,0.10481,0.072509,0.37795,-0.054334,0.64772,0.64695,0.54682,0.48868,0.1835,-0.29816,0.088295,0.288,-0.0023508,-0.26876,0.01669,0.34502,0.45825,0.54286,0.18354,-0.1922,-0.24885
0.88218,1,0.70437,0.77996,0.69779,0.52887,0.71533,0.7085,0.65805,0.7469,0.76388,0.6917,0.77094,0.77204,0.68811,0.73938,0.72557,0.8551,0.79815,0.84317,0.32065,0.22451,0.46312,0.57034,0.13307,0.31492,0.50776,0.57499,0.52671,0.71497,-0.23803,-0.18105,0.61402,0.446,0.1722,0.36765,0.27793,0.59088,-0.042575,0.69044,-0.31011,-0.054357,0.51321,0.53864,0.45732,0.50448,0.32649,0.55879,0.60184,0.60457,0.6453,0.62871,0.55724,0.54983,0.62925,0.79179,0.9056,0.95231,0.68922,0.69252,0.66348,0.65938,0.76599,0.67395,0.57123,0.54414,0.62819,0.66227,0.77994,0.82119,0.091959,0.12754,-0.16669,-0.03022,-0.25309,-0.22749,-0.11978,0.079172,0.58762,0.72236,0.7272,0.74018,0.71107,0.80893,0.70302,0.6941,0.74388,0.81606,0.78633,0.75753,0.54318,0.60325,0.54122,0.7165,0.14161,0.13181,0.15946,0.41379,0.006569,0.67754,0.66976,0.54443,0.51054,0.16813,-0.21919,0.10615,0.36327,-0.011028,-0.24323,0.046595,0.41417,0.53057,0.53148,0.2205,-0.11535,-0.24651
0.76496,0.70437,1,0.91033,0.78842,0.6173,0.92712,0.83469,0.84712,0.83671,0.76498,0.669,0.84493,0.79555,0.80049,0.82542,0.65485,0.73079,0.76539,0.69119,0.41726,0.33757,0.76851,0.83664,0.32083,0.49203,0.59043,0.68279,0.54628,0.70369,0.074666,0.093426,0.60389,0.46634,0.41206,0.49372,0.25408,0.54407,-0.005553,0.66423,-0.21583,0.00068341,0.34483,0.34764,0.31639,0.36267,0.16111,0.40851,0.47706,0.45534,0.6285,0.57275,0.54416,0.55961,0.55415,0.70613,0.66828,0.72994,0.71716,0.70402,0.74141,0.74729,0.78191,0.72242,0.77415,0.71332,0.72015,0.69352,0.52174,0.59902,0.17499,0.22883,-0.12217,0.0053928,-0.25435,-0.1876,-0.17085,0.0044127,0.55299,0.68925,0.74525,0.78114,0.77551,0.8168,0.77284,0.72325,0.67888,0.8141,0.80586,0.79364,0.61279,0.72486,0.70663,0.82324,0.06478,0.085668,0.054467,0.3323,-0.037242,0.62206,0.78417,0.74461,0.6017,0.37177,-0.23802,0.14255,0.26531,-0.00093162,-0.15026,0.050232,0.37241,0.47495,0.54253,0.22755,-0.10115,-0.26323
0.78629,0.77996,0.91033,1,0.76376,0.65888,0.86745,0.89332,0.78659,0.86819,0.78638,0.74726,0.84193,0.85136,0.79401,0.86266,0.66899,0.78614,0.76847,0.74833,0.41083,0.34276,0.75139,0.86352,0.30641,0.51519,0.58863,0.69749,0.54524,0.76165,0.038006,0.077222,0.61079,0.5011,0.38858,0.48889,0.30193,0.59271,0.0026007,0.68781,-0.22333,0.014541,0.36173,0.38327,0.31965,0.38405,0.20481,0.44243,0.4875,0.48018,0.67221,0.61679,0.6139,0.6136,0.62712,0.75428,0.7183,0.79237,0.67584,0.70479,0.69639,0.7531,0.81481,0.75496,0.73034,0.70528,0.69921,0.71068,0.5715,0.65165,0.19672,0.2664,-0.13323,-0.022804,-0.2557,-0.18764,-0.18155,0.0023436,0.54098,0.71092,0.75267,0.79965,0.79121,0.85153,0.7951,0.76191,0.7015,0.84211,0.80872,0.82308,0.6678,0.71297,0.74589,0.82806,0.10904,0.13028,0.1103,0.36288,0.01521,0.64561,0.79484,0.69367,0.63429,0.34953,-0.20492,0.13067,0.35014,0.023883,-0.17709,0.089047,0.41136,0.48178,0.57943,0.2241,-0.11627,-0.23703
0.744,0.69779,0.78842,0.76376,1,0.75738,0.76991,0.76364,0.76623,0.79604,0.64159,0.61351,0.72098,0.67936,0.71198,0.69613,0.57835,0.69258,0.68648,0.64579,0.38246,0.26389,0.55788,0.5854,0.40483,0.44472,0.71417,0.61723,0.38502,0.58646,-0.15045,-0.11881,0.46447,0.2972,0.28487,0.41253,0.11948,0.49836,-0.22559,0.55927,-0.33462,-0.087656,0.33804,0.36295,0.29961,0.34548,0.16486,0.36248,0.49454,0.43702,0.61886,0.56632,0.53803,0.50098,0.47881,0.63893,0.65023,0.71807,0.69471,0.66459,0.68721,0.68512,0.68551,0.68629,0.64188,0.64179,0.64442,0.64854,0.51611,0.61192,0.19115,0.21346,-0.20294,-0.08777,-0.24136,-0.25483,-0.1492,0.048674,0.47666,0.56636,0.60134,0.66002,0.62483,0.68436,0.63899,0.60553,0.63581,0.73448,0.73264,0.70824,0.51825,0.48775,0.55236,0.6746,0.00057962,-0.046783,0.027962,0.16179,-0.16136,0.46872,0.69555,0.53168,0.57059,0.2005,-0.35277,-0.035169,0.35814,0.023845,-0.43503,-0.021306,0.26667,0.32649,0.51371,0.17102,-0.20461,-0.4374
0.59356,0.52887,0.6173,0.65888,0.75738,1,0.56563,0.70359,0.48322,0.68226,0.43726,0.56417,0.53819,0.57284,0.62716,0.58381,0.38026,0.54952,0.58363,0.53114,0.20768,0.16602,0.5397,0.47715,0.53294,0.48759,0.5819,0.45018,0.22951,0.48638,-0.034854,-0.03608,0.37709,0.27655,0.25289,0.36302,0.17201,0.43786,-0.2463,0.40269,-0.27928,-0.11112,0.22983,0.25814,0.2239,0.26466,0.18148,0.25455,0.41262,0.3392,0.50777,0.43834,0.49217,0.38531,0.43939,0.45431,0.51166,0.54605,0.57709,0.55305,0.57623,0.58569,0.57635,0.58314,0.472,0.49078,0.51401,0.50912,0.41421,0.4539,0.26189,0.30311,-0.076908,0.076521,-0.14027,-0.10181,-0.028023,0.18596,0.25805,0.40776,0.3932,0.45222,0.4437,0.49934,0.42495,0.38163,0.47088,0.53633,0.59586,0.54482,0.57672,0.39323,0.55273,0.57489,0.13456,-0.012449,0.2088,0.17494,0.048741,0.336,0.60719,0.42542,0.59966,0.29814,-0.18406,0.019749,0.53156,0.17235,-0.38523,0.10624,0.31782,0.34748,0.58466,0.30348,-0.017046,-0.39963
0.77154,0.71533,0.92712,0.86745,0.76991,0.56563,1,0.87022,0.86587,0.82771,0.75833,0.71328,0.84316,0.77458,0.72397,0.80309,0.65091,0.73333,0.74114,0.71653,0.37479,0.3157,0.62849,0.75136,0.17095,0.34545,0.53458,0.64703,0.60875,0.74249,0.0065271,0.034029,0.65705,0.51977,0.33208,0.42942,0.22823,0.52908,-0.0094108,0.70422,-0.17265,0.068075,0.3493,0.35759,0.30879,0.36753,0.14135,0.4046,0.47644,0.46358,0.66671,0.62942,0.57173,0.58359,0.58011,0.73227,0.66297,0.74901,0.73857,0.73642,0.79151,0.78768,0.79441,0.79104,0.72807,0.7504,0.72568,0.72,0.53006,0.6421,0.1178,0.16518,-0.12442,-0.0064728,-0.27877,-0.21851,-0.1657,0.014449,0.56035,0.65535,0.70669,0.72851,0.78225,0.8309,0.72379,0.68704,0.67629,0.80994,0.80712,0.80271,0.56803,0.67342,0.63723,0.7487,0.069648,0.11224,0.0014622,0.32548,-0.10428,0.60897,0.76309,0.70694,0.58181,0.31998,-0.24762,0.16317,0.20128,-0.026096,-0.11375,0.026822,0.31771,0.42581,0.51106,0.22633,-0.13706,-0.19713
0.76769,0.7085,0.83469,0.89332,0.76364,0.70359,0.87022,1,0.73604,0.83405,0.6897,0.82158,0.76597,0.81005,0.70604,0.77067,0.61847,0.75634,0.72081,0.72112,0.30244,0.28654,0.61646,0.70988,0.28723,0.41608,0.54948,0.61283,0.55394,0.78132,0.020195,0.056274,0.5994,0.5238,0.25668,0.37401,0.25747,0.57751,-0.063408,0.65508,-0.22433,0.060702,0.27024,0.2941,0.22192,0.28096,0.14513,0.34236,0.44254,0.40529,0.7077,0.64293,0.67903,0.62061,0.63318,0.71045,0.66508,0.73271,0.69116,0.71588,0.76245,0.80278,0.78985,0.82203,0.61875,0.748,0.6376,0.68302,0.48944,0.59603,0.22819,0.28353,-0.14531,0.0080828,-0.23131,-0.18537,-0.12569,0.069864,0.50732,0.59752,0.64435,0.67449,0.70343,0.78549,0.67069,0.6534,0.61863,0.76092,0.79205,0.81113,0.6376,0.61859,0.63353,0.69413,0.084907,0.071081,0.079596,0.30594,-0.012804,0.56069,0.7298,0.59407,0.63661,0.30033,-0.18078,0.14051,0.36297,0.06623,-0.2161,0.068082,0.33458,0.41382,0.5428,0.24526,-0.12078,-0.23587
0.69903,0.65805,0.84712,0.78659,0.76623,0.48322,0.86587,0.73604,1,0.80859,0.72157,0.57224,0.80671,0.68638,0.75417,0.75625,0.61569,0.67256,0.63394,0.60061,0.41674,0.33399,0.59775,0.72963,0.10985,0.3116,0.53465,0.65892,0.55089,0.6254,-0.054168,-0.011327,0.47645,0.34055,0.30684,0.40727,0.11709,0.43601,-0.0142,0.62848,-0.2167,0.045814,0.26847,0.25819,0.25081,0.30565,0.019527,0.30186,0.40548,0.39066,0.54948,0.51392,0.44687,0.47274,0.40847,0.64672,0.61045,0.69485,0.6702,0.67378,0.70599,0.74637,0.69506,0.69603,0.73548,0.70791,0.63771,0.62581,0.44338,0.55299,0.077864,0.099338,-0.18726,-0.10041,-0.3244,-0.26612,-0.24481,-0.10152,0.55474,0.64754,0.70414,0.73773,0.76004,0.78627,0.7385,0.69392,0.69227,0.76406,0.77249,0.7582,0.40686,0.60444,0.56166,0.71484,-0.023714,0.024242,-0.14185,0.15299,-0.25204,0.51033,0.71562,0.673,0.46041,0.242,-0.33399,0.038034,0.051308,-0.15489,-0.14909,-0.074672,0.20033,0.29468,0.33649,0.085651,-0.23813,-0.23746
0.75526,0.7469,0.83671,0.86819,0.79604,0.68226,0.82771,0.83405,0.80859,1,0.73632,0.6782,0.82623,0.7955,0.79245,0.84175,0.60219,0.74665,0.68571,0.65436,0.38636,0.30064,0.64729,0.73852,0.22317,0.41988,0.6141,0.65492,0.48803,0.69601,-0.077168,-0.039412,0.46714,0.33867,0.25822,0.38731,0.21525,0.55357,-0.055083,0.64562,-0.29247,-0.073046,0.28479,0.29146,0.22721,0.27695,0.086881,0.32353,0.41161,0.38092,0.57773,0.52895,0.55498,0.53504,0.50509,0.70265,0.68412,0.76189,0.65097,0.6727,0.70627,0.75462,0.75148,0.75558,0.67977,0.68832,0.58349,0.61011,0.4955,0.59343,0.19839,0.21951,-0.2587,-0.14556,-0.32918,-0.26905,-0.22837,-0.015901,0.52218,0.63901,0.66784,0.74983,0.77099,0.79735,0.73515,0.6942,0.72425,0.82883,0.84012,0.81527,0.59477,0.60252,0.70004,0.80992,-0.0055994,0.039274,-0.018979,0.20603,-0.16061,0.54953,0.79829,0.68921,0.60963,0.28538,-0.27394,0.10098,0.30408,-0.013316,-0.28642,-0.038637,0.28754,0.38539,0.52539,0.19725,-0.21245,-0.29505
0.81113,0.76388,0.76498,0.78638,0.64159,0.43726,0.75833,0.6897,0.72157,0.73632,1,0.70348,0.92319,0.8333,0.74915,0.76084,0.72017,0.78679,0.75867,0.67474,0.34516,0.31935,0.67407,0.72508,0.10829,0.20569,0.53464,0.58504,0.55647,0.70007,-0.11329,-0.066258,0.50352,0.34558,0.23414,0.32901,0.29017,0.5787,-0.075902,0.61231,-0.17544,0.0607,0.31568,0.3435,0.25465,0.31046,0.13384,0.40197,0.34955,0.37971,0.52638,0.4757,0.54012,0.52338,0.53996,0.66724,0.76185,0.76282,0.56896,0.56428,0.64576,0.60716,0.75938,0.66142,0.69462,0.56338,0.55175,0.55075,0.49494,0.56921,0.036988,0.087679,-0.15358,-0.077117,-0.26062,-0.25779,-0.30393,-0.1342,0.62432,0.70614,0.78579,0.81449,0.71162,0.80126,0.89317,0.78179,0.6099,0.81469,0.78659,0.73458,0.52722,0.69421,0.57391,0.7605,0.024527,0.10071,-0.0069779,0.29408,-0.061417,0.59114,0.62692,0.60421,0.48036,0.26552,-0.22619,0.11147,0.16749,-0.027698,-0.21274,-0.043072,0.35535,0.42724,0.46238,0.098381,-0.20917,-0.19459
0.77393,0.6917,0.669,0.74726,0.61351,0.56417,0.71328,0.82158,0.57224,0.6782,0.70348,1,0.73305,0.79906,0.62269,0.66861,0.56762,0.73323,0.63377,0.64044,0.17175,0.20018,0.49554,0.55725,0.13038,0.18824,0.51156,0.49171,0.51347,0.72219,-0.15911,-0.1154,0.48508,0.38533,0.13072,0.25775,0.38388,0.66671,-0.045173,0.61237,-0.19919,0.07888,0.20019,0.25853,0.12719,0.19445,0.10681,0.32135,0.37537,0.33324,0.6776,0.61502,0.7234,0.66666,0.65432,0.70029,0.65652,0.68399,0.61963,0.65039,0.71283,0.67315,0.77262,0.75381,0.48038,0.57357,0.51532,0.56207,0.43509,0.51466,0.049694,0.088707,-0.12513,-0.0023273,-0.28252,-0.19972,-0.15948,0.046846,0.40543,0.48761,0.59219,0.64172,0.61353,0.74904,0.68008,0.66766,0.57042,0.71529,0.73483,0.76512,0.59166,0.61284,0.48684,0.591,0.10919,0.12867,0.077499,0.31911,0.031915,0.54749,0.59615,0.47415,0.54224,0.24292,-0.080113,0.1651,0.29038,0.11921,-0.18674,0.059211,0.31865,0.35418,0.50203,0.21878,-0.07342,-0.11637
0.82238,0.77094,0.84493,0.84193,0.72098,0.53819,0.84316,0.76597,0.80671,0.82623,0.92319,0.73305,1,0.868,0.83572,0.83909,0.67332,0.78505,0.75748,0.69155,0.3749,0.34538,0.72753,0.77896,0.17201,0.28427,0.58209,0.64783,0.54943,0.70676,-0.10844,-0.068728,0.51261,0.35037,0.25906,0.37094,0.28432,0.60407,-0.047871,0.68126,-0.21975,0.03427,0.33047,0.35756,0.25596,0.31719,0.13766,0.41499,0.38496,0.39505,0.58177,0.52865,0.58184,0.57914,0.57947,0.7287,0.75579,0.77952,0.63047,0.61945,0.70829,0.69081,0.77755,0.70053,0.74155,0.64319,0.59296,0.59644,0.50761,0.60726,0.091422,0.11737,-0.19199,-0.11387,-0.29447,-0.2624,-0.25277,-0.060017,0.59076,0.70865,0.77024,0.81199,0.78013,0.83649,0.88107,0.78047,0.69239,0.8468,0.84006,0.785,0.58223,0.72953,0.62934,0.80616,0.057365,0.11342,0.028714,0.31649,-0.093307,0.62346,0.70297,0.67466,0.54853,0.32213,-0.23271,0.12116,0.17606,-0.041447,-0.2038,-0.012107,0.35477,0.45645,0.51315,0.15981,-0.20174,-0.20424
0.78547,0.77204,0.79555,0.85136,0.67936,0.57284,0.77458,0.81005,0.68638,0.7955,0.8333,0.79906,0.868,1,0.78879,0.86319,0.67128,0.79447,0.74237,0.678,0.34212,0.31299,0.71198,0.77344,0.30352,0.39126,0.60144,0.65007,0.52103,0.73829,-0.05256,-0.032003,0.5307,0.36467,0.26016,0.36046,0.28933,0.58205,-0.074567,0.6564,-0.23017,0.037865,0.31984,0.35898,0.26703,0.30425,0.1816,0.41073,0.3875,0.38179,0.60383,0.51322,0.63765,0.587,0.65077,0.72689,0.75657,0.75319,0.58379,0.58271,0.65824,0.65382,0.78535,0.67741,0.66831,0.59624,0.59496,0.59554,0.53623,0.6083,0.16165,0.19742,-0.11964,-0.019766,-0.17753,-0.12256,-0.24456,-0.038495,0.59189,0.68003,0.7597,0.79534,0.69315,0.81533,0.81855,0.79467,0.59755,0.80227,0.82416,0.7775,0.65373,0.7098,0.67392,0.78128,0.12464,0.17611,0.12498,0.36922,0.053813,0.60992,0.736,0.6438,0.6382,0.36698,-0.10146,0.21013,0.38308,0.11288,-0.21548,0.041559,0.37205,0.43941,0.53771,0.24568,-0.031751,-0.11606
0.6802,0.68811,0.80049,0.79401,0.71198,0.62716,0.72397,0.70604,0.75417,0.79245,0.74915,0.62269,0.83572,0.78879,1,0.82811,0.61135,0.71466,0.69833,0.6102,0.437,0.40529,0.78249,0.78589,0.39881,0.47787,0.66399,0.72121,0.49821,0.64613,0.027542,0.066169,0.48723,0.33519,0.33747,0.41013,0.2935,0.53959,0.010578,0.64143,-0.18742,0.027859,0.33444,0.34157,0.3029,0.32916,0.18388,0.39578,0.39749,0.40383,0.51061,0.43416,0.4832,0.4184,0.52958,0.62209,0.66589,0.68332,0.591,0.5692,0.58321,0.62668,0.70071,0.58263,0.71457,0.58796,0.59082,0.56003,0.50047,0.55602,0.17534,0.26309,-0.11191,-0.019988,-0.21874,-0.14599,-0.22391,-0.035702,0.53129,0.65828,0.7266,0.75352,0.74527,0.77616,0.80191,0.71888,0.65673,0.76702,0.79881,0.70141,0.56646,0.64084,0.66092,0.80482,0.13659,0.16359,0.15805,0.32332,0.017855,0.53211,0.70825,0.66824,0.56068,0.36784,-0.15092,0.11699,0.30738,0.070672,-0.21247,0.058936,0.36596,0.43322,0.46656,0.2086,-0.066138,-0.22984
0.73111,0.73938,0.82542,0.86266,0.69613,0.58381,0.80309,0.77067,0.75625,0.84175,0.76084,0.66861,0.83909,0.86319,0.82811,1,0.66714,0.74877,0.7244,0.69073,0.43491,0.36619,0.72146,0.83488,0.27142,0.49739,0.56868,0.70235,0.61362,0.75002,0.070566,0.081592,0.56423,0.42195,0.31392,0.41398,0.2369,0.5278,0.098483,0.73229,-0.20462,-0.003659,0.36573,0.37929,0.3621,0.39469,0.17574,0.41798,0.49894,0.47505,0.59235,0.53158,0.51003,0.4795,0.58882,0.72549,0.72784,0.75304,0.64412,0.65947,0.63244,0.66919,0.76596,0.68635,0.66595,0.59775,0.66029,0.652,0.57447,0.64771,0.22907,0.26695,-0.1427,-0.088674,-0.24656,-0.19182,-0.2108,-0.026183,0.58873,0.69019,0.78015,0.80208,0.83949,0.8792,0.77863,0.80671,0.72944,0.85629,0.82502,0.78911,0.60592,0.62077,0.71714,0.81078,0.085469,0.15724,0.078008,0.35312,-0.038659,0.59995,0.82132,0.68702,0.64212,0.31859,-0.18376,0.18987,0.29906,0.06705,-0.15752,0.064456,0.3711,0.45588,0.48922,0.20418,-0.11272,-0.20954
0.73412,0.72557,0.65485,0.66899,0.57835,0.38026,0.65091,0.61847,0.61569,0.60219,0.72017,0.56762,0.67332,0.67128,0.61135,0.66714,1,0.8205,0.74763,0.71819,0.50325,0.44293,0.50493,0.59476,0.16881,0.29039,0.43257,0.54059,0.76301,0.7902,0.10085,0.15333,0.64996,0.53826,0.18814,0.34185,0.25538,0.46656,0.019227,0.61855,0.011664,0.22676,0.39209,0.38782,0.40046,0.42016,0.22532,0.42826,0.48694,0.48264,0.48695,0.51017,0.40687,0.39394,0.50299,0.6049,0.79649,0.73661,0.56002,0.5538,0.5458,0.52183,0.70174,0.59878,0.45837,0.46397,0.54237,0.54431,0.59311,0.61491,0.1903,0.27016,0.051429,0.1271,-0.12678,-0.10043,-0.11586,0.0075711,0.81338,0.76349,0.84962,0.76994,0.71229,0.7773,0.64244,0.64237,0.56718,0.71247,0.62197,0.65801,0.38488,0.49217,0.44296,0.59088,0.061662,0.11293,0.12605,0.37121,0.039778,0.55882,0.57554,0.48006,0.44002,0.12828,-0.16344,0.15883,0.23962,-0.0032593,-0.17856,0.046477,0.41164,0.40611,0.39275,0.18939,-0.039611,-0.13724
0.84443,0.8551,0.73079,0.78614,0.69258,0.54952,0.73333,0.75634,0.67256,0.74665,0.78679,0.73323,0.78505,0.79447,0.71466,0.74877,0.8205,1,0.75622,0.7585,0.37294,0.30403,0.56523,0.64298,0.22837,0.33313,0.52433,0.58595,0.61558,0.81705,-0.11698,-0.038682,0.57954,0.45343,0.20854,0.34735,0.28153,0.58605,-0.085377,0.64058,-0.23976,0.033449,0.42365,0.4452,0.35649,0.39411,0.26282,0.48043,0.50487,0.50399,0.63559,0.6114,0.57734,0.55503,0.61272,0.73991,0.87994,0.88152,0.66462,0.65207,0.68731,0.65892,0.81403,0.72865,0.58485,0.56357,0.59119,0.61382,0.63394,0.68688,0.16221,0.1993,-0.10431,0.026609,-0.20403,-0.17465,-0.18287,0.0043973,0.69574,0.80325,0.81249,0.81041,0.71882,0.84375,0.72595,0.6959,0.66933,0.79507,0.75393,0.7688,0.53397,0.59426,0.5308,0.69464,0.12049,0.13784,0.12602,0.38669,0.034893,0.64347,0.63718,0.52715,0.51053,0.15979,-0.18464,0.15431,0.33516,0.01098,-0.24372,0.049026,0.38118,0.46213,0.48671,0.17041,-0.10125,-0.17552
0.79887,0.79815,0.76539,0.76847,0.68648,0.58363,0.74114,0.72081,0.63394,0.68571,0.75867,0.63377,0.75748,0.74237,0.69833,0.7244,0.74763,0.75622,1,0.89911,0.39888,0.33733,0.62761,0.64508,0.22793,0.32409,0.49279,0.54846,0.63232,0.74391,0.050572,0.094915,0.74151,0.62995,0.23802,0.40059,0.32078,0.53319,-0.052729,0.629,-0.10042,0.12661,0.42107,0.45577,0.38948,0.43946,0.28491,0.49193,0.48196,0.49892,0.54328,0.53161,0.48685,0.48003,0.53728,0.63001,0.79073,0.77867,0.59677,0.58099,0.62049,0.59329,0.73684,0.64821,0.57807,0.52382,0.60772,0.61002,0.72904,0.70926,0.17342,0.28518,-0.039481,0.094513,-0.18463,-0.20326,0.0040408,0.14885,0.60159,0.65538,0.73052,0.6943,0.73981,0.79112,0.6619,0.63171,0.6027,0.72819,0.6733,0.65153,0.53852,0.57595,0.56926,0.68735,0.15692,0.12402,0.21937,0.39194,0.054972,0.54638,0.65028,0.50373,0.54523,0.20051,-0.17616,0.060623,0.34644,0.055893,-0.16699,0.14268,0.47961,0.52076,0.56737,0.28506,-0.023839,-0.29688
0.79933,0.84317,0.69119,0.74833,0.64579,0.53114,0.71653,0.72112,0.60061,0.65436,0.67474,0.64044,0.69155,0.678,0.6102,0.69073,0.71819,0.7585,0.89911,1,0.34221,0.28552,0.46948,0.55419,0.12881,0.27972,0.44192,0.52038,0.62925,0.77512,-0.028676,0.047269,0.79219,0.71851,0.1729,0.38995,0.29205,0.52573,0.0074838,0.69467,-0.13141,0.10787,0.4624,0.48812,0.41785,0.47035,0.32227,0.52004,0.53414,0.55656,0.58844,0.60061,0.49268,0.48821,0.56271,0.68608,0.79921,0.82721,0.64512,0.65927,0.60825,0.61893,0.70516,0.6682,0.5034,0.52997,0.606,0.64837,0.83261,0.82523,0.15999,0.23002,-0.056086,0.089721,-0.23789,-0.21222,0.065851,0.21389,0.54449,0.62639,0.67848,0.63929,0.73164,0.79917,0.57737,0.57118,0.64259,0.70702,0.65864,0.67088,0.47686,0.51181,0.49655,0.60643,0.2078,0.17124,0.24166,0.45182,0.046234,0.58532,0.60054,0.44679,0.4788,0.10741,-0.17384,0.092114,0.34749,0.0067667,-0.093676,0.18368,0.48573,0.53435,0.53609,0.25774,-0.043313,-0.241
0.25629,0.32065,0.41726,0.41083,0.38246,0.20768,0.37479,0.30244,0.41674,0.38636,0.34516,0.17175,0.3749,0.34212,0.437,0.43491,0.50325,0.37294,0.39888,0.34221,1,0.7733,0.38979,0.44107,0.20921,0.34042,0.41524,0.46301,0.5481,0.4293,0.31452,0.34933,0.33154,0.33785,0.14084,0.14227,0.17712,0.24526,0.23655,0.47834,0.37718,0.42352,0.1429,0.14677,0.14767,0.19157,0.041183,0.17524,0.19266,0.20266,0.16079,0.18365,0.15249,0.16569,0.22504,0.30801,0.30379,0.34613,0.18296,0.22291,0.17535,0.23332,0.32814,0.2692,0.27376,0.20762,0.24058,0.23191,0.27107,0.30633,0.19343,0.22388,0.17082,0.14319,0.058302,-0.010875,-0.16902,-0.18205,0.44595,0.41298,0.45441,0.40926,0.55609,0.45354,0.35196,0.35571,0.30303,0.46671,0.35269,0.39684,0.21173,0.26443,0.37805,0.41471,0.025903,0.13634,0.049298,0.15713,-0.046911,0.24619,0.4487,0.38581,0.32353,0.16202,-0.021202,0.16852,0.090491,0.12077,-0.0071192,0.0062408,0.14948,0.16362,0.19031,0.18466,0.032433,-0.12329
0.19856,0.22451,0.33757,0.34276,0.26389,0.16602,0.3157,0.28654,0.33399,0.30064,0.31935,0.20018,0.34538,0.31299,0.40529,0.36619,0.44293,0.30403,0.33733,0.28552,0.7733,1,0.35483,0.37483,0.21098,0.29091,0.37803,0.52568,0.49123,0.38434,0.34969,0.41279,0.31359,0.34058,0.079287,0.093469,0.3144,0.33984,0.27395,0.50958,0.41156,0.52965,0.059192,0.081899,0.041329,0.092392,-0.01643,0.12786,0.06182,0.087967,0.11495,0.10542,0.17956,0.1572,0.24446,0.26285,0.237,0.22868,0.079775,0.11009,0.12251,0.15015,0.27012,0.20748,0.206,0.16622,0.14859,0.16221,0.18007,0.21661,0.067747,0.18981,0.15662,0.14355,-0.016064,0.0055707,-0.087738,-0.098125,0.40632,0.33475,0.39957,0.35467,0.4831,0.39713,0.33259,0.29509,0.23987,0.40961,0.30911,0.32357,0.21883,0.27821,0.35302,0.36631,0.039335,0.1467,0.061347,0.14678,-0.025429,0.21566,0.36376,0.32315,0.2978,0.16971,0.02024,0.17129,0.070996,0.053591,0.044607,0.059262,0.15716,0.14428,0.18656,0.14876,0.053035,-0.063652
0.51151,0.46312,0.76851,0.75139,0.55788,0.5397,0.62849,0.61646,0.59775,0.64729,0.67407,0.49554,0.72753,0.71198,0.78249,0.72146,0.50493,0.56523,0.62761,0.46948,0.38979,0.35483,1,0.8801,0.48928,0.53485,0.49679,0.54458,0.38581,0.559,0.30374,0.29919,0.43476,0.35322,0.49615,0.43668,0.26255,0.43079,-0.057747,0.43082,-0.10559,0.01853,0.24143,0.25206,0.21467,0.23019,0.18249,0.30906,0.27507,0.26789,0.36761,0.30814,0.3836,0.34979,0.40655,0.43006,0.4852,0.47726,0.41835,0.40647,0.46175,0.49466,0.5717,0.45694,0.69206,0.47595,0.49435,0.43191,0.29828,0.33405,0.23153,0.28332,-0.059253,0.027954,-0.09811,-0.088675,-0.17518,-0.05849,0.47394,0.60383,0.62872,0.64673,0.61955,0.63172,0.69761,0.56587,0.4583,0.59829,0.57214,0.52598,0.57226,0.61088,0.65892,0.72696,0.1293,0.13674,0.19818,0.27318,0.14303,0.41643,0.57421,0.5749,0.49458,0.40038,-0.037963,0.14127,0.29521,0.1311,-0.11317,0.10598,0.35879,0.44457,0.47296,0.26007,0.033569,-0.13589
0.58461,0.57034,0.83664,0.86352,0.5854,0.47715,0.75136,0.70988,0.72963,0.73852,0.72508,0.55725,0.77896,0.77344,0.78589,0.83488,0.59476,0.64298,0.64508,0.55419,0.44107,0.37483,0.8801,1,0.34142,0.5717,0.49406,0.66081,0.49206,0.63036,0.25597,0.28797,0.53132,0.44687,0.525,0.52218,0.24292,0.43576,0.076863,0.56044,-0.13155,0.0331,0.29751,0.28782,0.28792,0.32661,0.15387,0.35465,0.36272,0.36887,0.48512,0.41896,0.44469,0.44489,0.4741,0.57357,0.55848,0.59753,0.5243,0.54945,0.55502,0.63568,0.67138,0.58101,0.73834,0.6048,0.62505,0.58114,0.37635,0.45147,0.14962,0.22134,-0.11564,-0.062207,-0.19368,-0.14594,-0.20922,-0.096672,0.56394,0.71993,0.75412,0.78076,0.73914,0.76576,0.78041,0.73106,0.61385,0.71829,0.67792,0.68141,0.57292,0.68866,0.72588,0.7707,0.056984,0.15688,0.061442,0.29868,0.036598,0.5234,0.70168,0.67117,0.53166,0.3799,-0.090334,0.18204,0.20809,0.011286,-0.063538,0.051976,0.34692,0.40825,0.42597,0.1583,-0.068154,-0.096851
0.15467,0.13307,0.32083,0.30641,0.40483,0.53294,0.17095,0.28723,0.10985,0.22317,0.10829,0.13038,0.17201,0.30352,0.39881,0.27142,0.16881,0.22837,0.22793,0.12881,0.20921,0.21098,0.48928,0.34142,1,0.68763,0.55182,0.38605,-0.058752,0.14458,0.24006,0.16223,0.1494,0.061648,0.41678,0.30295,0.030065,0.13914,-0.2021,0.083041,-0.21591,-0.12001,0.16411,0.19071,0.16083,0.1431,0.21474,0.18635,0.14785,0.13269,0.18306,0.089814,0.20623,0.11082,0.2143,0.11184,0.18602,0.14108,0.1637,0.11381,0.12723,0.16458,0.18146,0.083582,0.32572,0.22929,0.29326,0.22393,0.12085,0.12645,0.32772,0.34215,0.008949,0.13573,0.15816,0.15368,-0.020909,0.052937,0.14234,0.21351,0.20058,0.22064,0.097835,0.15153,0.19724,0.13859,0.12681,0.1823,0.22686,0.14205,0.39151,0.2224,0.38142,0.32835,0.12841,0.048701,0.28764,0.13841,0.20787,0.13637,0.28587,0.24554,0.3608,0.26298,0.063395,0.081081,0.49294,0.25941,-0.28819,0.14978,0.18534,0.14307,0.27595,0.17478,0.16667,-0.19927
0.23601,0.31492,0.49203,0.51519,0.44472,0.48759,0.34545,0.41608,0.3116,0.41988,0.20569,0.18824,0.28427,0.39126,0.47787,0.49739,0.29039,0.33313,0.32409,0.27972,0.34042,0.29091,0.53485,0.5717,0.68763,1,0.45145,0.55626,0.11301,0.2847,0.35482,0.34107,0.28505,0.23741,0.4699,0.44671,0.10871,0.20385,0.1499,0.31292,-0.23213,-0.18675,0.2953,0.27478,0.32444,0.3226,0.25115,0.29867,0.32086,0.31227,0.28402,0.23056,0.18933,0.17885,0.31944,0.33374,0.2875,0.31433,0.3017,0.29715,0.22045,0.32215,0.27903,0.22472,0.40625,0.36998,0.45864,0.43066,0.27819,0.30118,0.30292,0.30404,-0.098056,-0.033315,0.011019,0.026383,-0.01267,0.060136,0.22775,0.39889,0.37061,0.42785,0.37596,0.35675,0.33675,0.36974,0.41314,0.41941,0.37982,0.35907,0.44051,0.35488,0.56786,0.50205,0.11854,0.10093,0.2069,0.23679,0.14767,0.33532,0.51633,0.42577,0.41999,0.26793,-0.013178,0.071977,0.43171,0.14715,-0.10021,0.13025,0.2516,0.2788,0.28269,0.14004,0.04565,-0.17931
0.53596,0.50776,0.59043,0.58863,0.71417,0.5819,0.53458,0.54948,0.53465,0.6141,0.53464,0.51156,0.58209,0.60144,0.66399,0.56868,0.43257,0.52433,0.49279,0.44192,0.41524,0.37803,0.49679,0.49406,0.55182,0.45145,1,0.76773,0.24448,0.4285,-0.15871,-0.11312,0.28644,0.15111,0.26944,0.22339,0.1108,0.3897,-0.20432,0.44321,-0.17951,0.040349,0.15825,0.21446,0.10087,0.13628,0.040369,0.22219,0.20215,0.20887,0.41754,0.3112,0.4844,0.41661,0.39273,0.46741,0.46106,0.51176,0.43979,0.43154,0.49396,0.50561,0.53635,0.50638,0.58627,0.53063,0.42883,0.41367,0.31624,0.40488,0.10707,0.16766,-0.12396,-0.025439,-0.13165,-0.12939,-0.29125,-0.15428,0.3675,0.40583,0.47764,0.5442,0.47971,0.54283,0.59701,0.53936,0.46691,0.57356,0.64411,0.58985,0.40168,0.41107,0.46706,0.55598,-0.050787,-0.046135,-0.061209,0.070554,-0.1616,0.29812,0.53658,0.4656,0.4591,0.18133,-0.25637,-0.074819,0.2886,0.01774,-0.45199,-0.065475,0.13599,0.10981,0.34679,0.10555,-0.14214,-0.36341
0.56199,0.57499,0.68279,0.69749,0.61723,0.45018,0.64703,0.61283,0.65892,0.65492,0.58504,0.49171,0.64783,0.65007,0.72121,0.70235,0.54059,0.58595,0.54846,0.52038,0.46301,0.52568,0.54458,0.66081,0.38605,0.55626,0.76773,1,0.42101,0.53201,-0.0032548,0.06617,0.44489,0.32581,0.32116,0.30137,0.16164,0.42803,0.053371,0.62451,-0.15825,0.075727,0.22734,0.23703,0.17984,0.22861,0.06013,0.2988,0.27,0.31346,0.49278,0.41,0.49582,0.48482,0.50918,0.61628,0.5247,0.57473,0.47794,0.49688,0.48716,0.55376,0.59224,0.53304,0.63391,0.60714,0.49059,0.50444,0.40065,0.46944,0.078786,0.16862,-0.159,-0.11564,-0.2306,-0.14632,-0.27744,-0.15443,0.48056,0.54111,0.6221,0.65029,0.67083,0.69246,0.67158,0.65158,0.59347,0.68667,0.70058,0.69266,0.41146,0.53584,0.53571,0.64131,0.0044794,0.067629,-0.061188,0.18623,-0.15347,0.46271,0.62199,0.59349,0.42294,0.19955,-0.22005,-0.0075502,0.18363,-0.096188,-0.17676,-0.0078526,0.19209,0.17987,0.29601,0.073935,-0.14041,-0.21066
0.54131,0.52671,0.54628,0.54524,0.38502,0.22951,0.60875,0.55394,0.55089,0.48803,0.55647,0.51347,0.54943,0.52103,0.49821,0.61362,0.76301,0.61558,0.63232,0.62925,0.5481,0.49123,0.38581,0.49206,-0.058752,0.11301,0.24448,0.42101,1,0.81286,0.27081,0.30642,0.59667,0.58567,0.045234,0.16008,0.29266,0.40927,0.2056,0.64278,0.2982,0.50647,0.22267,0.21983,0.25202,0.2678,0.10885,0.2736,0.36072,0.34168,0.39315,0.40347,0.33916,0.29958,0.445,0.49946,0.56501,0.54737,0.421,0.44219,0.43427,0.41112,0.56809,0.54569,0.27503,0.33506,0.3838,0.39097,0.46675,0.4886,0.21816,0.28894,0.17193,0.18708,-0.069175,-0.082614,-0.053429,0.0036797,0.65705,0.54229,0.69199,0.56602,0.75721,0.75503,0.47843,0.52039,0.43927,0.60891,0.50559,0.55638,0.25445,0.36418,0.32316,0.43234,0.081476,0.14644,0.097313,0.32907,0.019261,0.41856,0.48907,0.39142,0.35422,0.097886,-0.074355,0.17001,0.069827,0.029332,0.056544,0.12024,0.3311,0.32572,0.27044,0.19197,-0.01751,-0.029667
0.7375,0.71497,0.70369,0.76165,0.58646,0.48638,0.74249,0.78132,0.6254,0.69601,0.70007,0.72219,0.70676,0.73829,0.64613,0.75002,0.7902,0.81705,0.74391,0.77512,0.4293,0.38434,0.559,0.63036,0.14458,0.2847,0.4285,0.53201,0.81286,1,0.15188,0.20369,0.67516,0.64134,0.17488,0.32455,0.36987,0.59878,0.072157,0.73286,0.035804,0.26367,0.32809,0.35864,0.28759,0.32593,0.22296,0.42612,0.43872,0.42847,0.57357,0.55687,0.52948,0.51423,0.61712,0.67949,0.72987,0.73361,0.57422,0.60318,0.60072,0.59119,0.74075,0.69365,0.46253,0.49968,0.52356,0.56426,0.61261,0.64164,0.26911,0.32836,0.047921,0.19703,-0.14978,-0.04872,-0.050022,0.11568,0.67394,0.68971,0.77417,0.70153,0.79336,0.85787,0.6379,0.61084,0.59484,0.76416,0.69076,0.72021,0.50095,0.53022,0.51417,0.62173,0.15087,0.17439,0.20464,0.44567,0.087844,0.5728,0.61188,0.49473,0.51495,0.19198,-0.087836,0.21613,0.33332,0.10969,-0.10719,0.18166,0.47088,0.49116,0.51727,0.27663,-0.015282,-0.12016
-0.25993,-0.23803,0.074666,0.038006,-0.15045,-0.034854,0.0065271,0.020195,-0.054168,-0.077168,-0.11329,-0.15911,-0.10844,-0.05256,0.027542,0.070566,0.10085,-0.11698,0.050572,-0.028676,0.31452,0.34969,0.30374,0.25597,0.24006,0.35482,-0.15871,-0.0032548,0.27081,0.15188,1,0.88073,0.20193,0.35045,0.26327,0.13001,0.1169,-0.070585,0.2791,0.013374,0.38305,0.29634,-0.047764,-0.10814,0.04048,0.0020626,0.018833,-0.07294,-0.093073,-0.10663,-0.22447,-0.21795,-0.20725,-0.23293,-0.067766,-0.18969,-0.19181,-0.22653,-0.2215,-0.1994,-0.21986,-0.15441,-0.14322,-0.14024,-0.044488,-0.12901,-0.013604,-0.098649,-0.10505,-0.16344,0.25166,0.27623,0.18567,0.20308,0.18953,0.17808,0.21079,0.11037,0.10142,0.067024,0.071872,-0.019085,0.12002,0.012909,-0.092888,-0.12313,-0.11511,-0.066947,-0.13365,-0.14489,0.065407,-0.01706,0.15966,0.03508,0.069847,0.098286,0.19195,0.058586,0.2421,-0.074656,0.029863,0.046152,0.054366,0.15992,0.29433,0.19645,0.07982,0.23987,0.29792,0.14886,0.12635,0.08552,-0.026859,0.11987,0.25814,0.16913
-0.20265,-0.18105,0.093426,0.077222,-0.11881,-0.03608,0.034029,0.056274,-0.011327,-0.039412,-0.066258,-0.1154,-0.068728,-0.032003,0.066169,0.081592,0.15333,-0.038682,0.094915,0.047269,0.34933,0.41279,0.29919,0.28797,0.16223,0.34107,-0.11312,0.06617,0.30642,0.20369,0.88073,1,0.1984,0.4353,0.21619,0.12472,0.18129,-0.022373,0.30566,0.061635,0.41634,0.31983,-0.053943,-0.094048,0.010248,-0.0093693,0.013505,-0.061079,-0.1059,-0.089147,-0.20713,-0.17969,-0.18741,-0.21156,-0.037955,-0.15823,-0.15235,-0.16371,-0.20738,-0.15483,-0.17225,-0.12644,-0.10748,-0.088005,-0.04667,-0.11669,-0.036019,-0.08844,-0.077155,-0.13413,0.18336,0.25152,0.17247,0.16322,0.16792,0.11991,0.21109,0.11517,0.14599,0.11667,0.12497,0.031757,0.17496,0.076981,-0.038501,-0.07385,-0.055782,-0.015294,-0.09015,-0.085366,0.03347,-0.017064,0.16238,0.046273,0.039951,0.095917,0.1702,0.078265,0.23052,-0.063387,0.029737,0.015036,0.04726,0.085366,0.2301,0.12513,0.07692,0.16796,0.24255,0.17112,0.15108,0.11003,0.016056,0.089327,0.20248,0.13868
0.57709,0.61402,0.60389,0.61079,0.46447,0.37709,0.65705,0.5994,0.47645,0.46714,0.50352,0.48508,0.51261,0.5307,0.48723,0.56423,0.64996,0.57954,0.74151,0.79219,0.33154,0.31359,0.43476,0.53132,0.1494,0.28505,0.28644,0.44489,0.59667,0.67516,0.20193,0.1984,1,0.87409,0.41929,0.53919,0.27263,0.34362,0.12401,0.61496,0.010167,0.19021,0.505,0.49189,0.50442,0.54309,0.36456,0.53041,0.52439,0.56947,0.5397,0.57194,0.36756,0.37866,0.52737,0.54289,0.61524,0.63682,0.60354,0.59803,0.51374,0.54508,0.60369,0.55628,0.50424,0.52779,0.72407,0.71536,0.71151,0.69199,0.13204,0.22887,0.066302,0.19364,-0.15381,-0.082004,0.15831,0.25073,0.53429,0.57262,0.62214,0.52225,0.62607,0.66965,0.45026,0.4241,0.4729,0.50719,0.47953,0.4848,0.35642,0.42374,0.38498,0.44987,0.25605,0.22299,0.30449,0.4914,0.10936,0.49305,0.48872,0.40639,0.39995,0.12291,-0.0096852,0.18321,0.26547,-0.017787,0.10755,0.27079,0.48542,0.46077,0.47011,0.28462,0.10321,-0.046799
0.42894,0.446,0.46634,0.5011,0.2972,0.27655,0.51977,0.5238,0.34055,0.33867,0.34558,0.38533,0.35037,0.36467,0.33519,0.42195,0.53826,0.45343,0.62995,0.71851,0.33785,0.34058,0.35322,0.44687,0.061648,0.23741,0.15111,0.32581,0.58567,0.64134,0.35045,0.4353,0.87409,1,0.32705,0.42459,0.28013,0.28278,0.19831,0.50485,0.17405,0.29001,0.31953,0.31261,0.31772,0.36263,0.24633,0.36753,0.36171,0.40943,0.40631,0.46387,0.29293,0.29026,0.40181,0.38391,0.43919,0.48354,0.45549,0.48449,0.40587,0.45743,0.47615,0.49015,0.34688,0.41444,0.50693,0.52326,0.55515,0.52221,0.14844,0.23173,0.12457,0.23358,-0.074088,-0.069762,0.25181,0.28989,0.41522,0.43074,0.47847,0.35524,0.54273,0.55622,0.28551,0.25456,0.35219,0.36515,0.32409,0.38823,0.2388,0.28897,0.27396,0.2946,0.22102,0.19154,0.27175,0.40838,0.12032,0.36252,0.32885,0.26401,0.27275,0.042012,0.037472,0.1475,0.1916,-0.0067666,0.19248,0.28175,0.41707,0.38576,0.38347,0.21375,0.08928,-0.0037503
0.16968,0.1722,0.41206,0.38858,0.28487,0.25289,0.33208,0.25668,0.30684,0.25822,0.23414,0.13072,0.25906,0.26016,0.33747,0.31392,0.18814,0.20854,0.23802,0.1729,0.14084,0.079287,0.49615,0.525,0.41678,0.4699,0.26944,0.32116,0.045234,0.17488,0.26327,0.21619,0.41929,0.32705,1,0.77743,-0.001088,-0.018502,-0.068162,0.082399,-0.15172,-0.10296,0.22019,0.17456,0.29684,0.30535,0.10926,0.18216,0.21005,0.21341,0.22995,0.12805,0.12432,0.089196,0.085687,0.072875,0.16295,0.21649,0.28293,0.27439,0.24444,0.35063,0.22222,0.2191,0.58188,0.44296,0.61397,0.50057,0.1423,0.14195,0.1545,0.15659,0.037079,0.056125,0.035077,0.014133,0.12943,0.15319,0.23925,0.39577,0.32788,0.34976,0.23382,0.29443,0.32543,0.24324,0.28487,0.20602,0.2032,0.17213,0.23466,0.27758,0.39354,0.3552,-0.0057602,-0.00045181,0.083818,0.11495,-0.00088725,0.13134,0.31782,0.36565,0.26051,0.26855,0.0033519,0.098974,0.19651,-0.054312,-0.0054476,0.15982,0.30132,0.16386,0.2452,0.14799,0.02187,-0.068406
0.36283,0.36765,0.49372,0.48889,0.41253,0.36302,0.42942,0.37401,0.40727,0.38731,0.32901,0.25775,0.37094,0.36046,0.41013,0.41398,0.34185,0.34735,0.40059,0.38995,0.14227,0.093469,0.43668,0.52218,0.30295,0.44671,0.22339,0.30137,0.16008,0.32455,0.13001,0.12472,0.53919,0.42459,0.77743,1,0.065686,0.15549,-0.0050645,0.27187,-0.20739,-0.10562,0.42508,0.40422,0.48303,0.52971,0.28129,0.41396,0.42035,0.446,0.36806,0.32323,0.15681,0.20901,0.23917,0.29365,0.36327,0.40719,0.44277,0.44493,0.35929,0.45256,0.34274,0.34226,0.52225,0.46502,0.70402,0.66468,0.37891,0.38473,0.23383,0.26359,0.036712,0.068622,-0.011662,0.022242,0.25698,0.33929,0.31727,0.51694,0.45998,0.48448,0.37059,0.42764,0.38949,0.37427,0.4408,0.34643,0.32791,0.31039,0.37105,0.38874,0.48213,0.43566,0.11337,0.076936,0.21527,0.34444,0.067115,0.3339,0.44952,0.42938,0.39138,0.28795,0.006187,0.1149,0.31694,-0.038605,0.040926,0.25843,0.45694,0.35213,0.40209,0.2088,-0.009629,-0.095282
0.23861,0.27793,0.25408,0.30193,0.11948,0.17201,0.22823,0.25747,0.11709,0.21525,0.29017,0.38388,0.28432,0.28933,0.2935,0.2369,0.25538,0.28153,0.32078,0.29205,0.17712,0.3144,0.26255,0.24292,0.030065,0.10871,0.1108,0.16164,0.29266,0.36987,0.1169,0.18129,0.27263,0.28013,-0.001088,0.065686,1,0.62982,0.45561,0.46338,0.24259,0.22577,0.16694,0.18364,0.083127,0.11461,0.22026,0.28024,0.13246,0.15383,0.184,0.1814,0.29424,0.27411,0.4119,0.33356,0.24669,0.20429,0.11757,0.12472,0.098688,0.048636,0.24696,0.11266,0.10592,0.043929,0.13135,0.15673,0.27623,0.20702,-0.043122,0.10042,0.24559,0.25818,-0.023009,0.10878,0.18491,0.20384,0.067373,0.11417,0.19627,0.20114,0.29067,0.30731,0.27875,0.21091,0.26117,0.34589,0.27815,0.24988,0.42874,0.44735,0.37404,0.37064,0.34486,0.36915,0.43555,0.47898,0.40527,0.41505,0.24292,0.2716,0.30496,0.31775,0.2438,0.21809,0.24569,0.21501,0.1926,0.3242,0.48056,0.44316,0.45223,0.36052,0.26307,0.010949
0.60229,0.59088,0.54407,0.59271,0.49836,0.43786,0.52908,0.57751,0.43601,0.55357,0.5787,0.66671,0.60407,0.58205,0.53959,0.5278,0.46656,0.58605,0.53319,0.52573,0.24526,0.33984,0.43079,0.43576,0.13914,0.20385,0.3897,0.42803,0.40927,0.59878,-0.070585,-0.022373,0.34362,0.28278,-0.018502,0.15549,0.62982,1,0.19336,0.69765,-0.068064,0.132,0.20364,0.25877,0.082249,0.15819,0.15291,0.34328,0.28126,0.25222,0.4527,0.42526,0.53798,0.51126,0.56979,0.62235,0.56367,0.53714,0.41677,0.41747,0.43594,0.38381,0.56498,0.44168,0.35046,0.31726,0.29608,0.35511,0.46995,0.46787,-0.0056748,0.094118,-0.028245,0.099733,-0.24878,-0.093187,-0.042537,0.11258,0.26194,0.37329,0.43889,0.47781,0.52757,0.60005,0.54039,0.47022,0.53241,0.64813,0.61482,0.58002,0.55242,0.60561,0.49383,0.5811,0.28399,0.2547,0.26192,0.42477,0.17058,0.55254,0.46714,0.41105,0.43063,0.26997,-0.024004,0.14128,0.26967,0.2068,-0.084347,0.19738,0.41718,0.50367,0.52582,0.2436,-0.013172,-0.16594
-0.14299,-0.042575,-0.005553,0.0026007,-0.22559,-0.2463,-0.0094108,-0.063408,-0.0142,-0.055083,-0.075902,-0.045173,-0.047871,-0.074567,0.010578,0.098483,0.019227,-0.085377,-0.052729,0.0074838,0.23655,0.27395,-0.057747,0.076863,-0.2021,0.1499,-0.20432,0.053371,0.2056,0.072157,0.2791,0.30566,0.12401,0.19831,-0.068162,-0.0050645,0.45561,0.19336,1,0.40407,0.37019,0.22713,0.072406,0.027469,0.094824,0.088372,0.08752,0.10705,0.046185,0.087742,-0.010257,0.010883,-0.048567,-0.011427,0.18215,0.14855,-0.062522,-0.072527,-0.071085,-0.013719,-0.14982,-0.080813,-0.063036,-0.12547,-0.11741,-0.057175,0.043342,0.055231,0.086598,0.031848,-0.11135,-0.047712,0.16422,0.044281,0.024111,0.14986,0.1127,0.030097,-0.090444,-0.080668,0.0097684,-0.043971,0.25158,0.087319,-0.043732,0.071354,0.17031,0.097291,0.034782,0.081605,0.036093,0.1295,0.10179,0.059433,0.19208,0.32897,0.16203,0.2963,0.18325,0.19236,0.093394,0.14231,0.045911,0.11878,0.29877,0.25171,-0.08156,0.06638,0.4515,0.14839,0.10314,0.12655,-0.06353,0.059735,0.13733,0.19491
0.63476,0.69044,0.66423,0.68781,0.55927,0.40269,0.70422,0.65508,0.62848,0.64562,0.61231,0.61237,0.68126,0.6564,0.64143,0.73229,0.61855,0.64058,0.629,0.69467,0.47834,0.50958,0.43082,0.56044,0.083041,0.31292,0.44321,0.62451,0.64278,0.73286,0.013374,0.061635,0.61496,0.50485,0.082399,0.27187,0.46338,0.69765,0.40407,1,0.044134,0.25561,0.40763,0.43336,0.35201,0.40631,0.26582,0.50109,0.46011,0.49592,0.54733,0.56309,0.47953,0.4948,0.66684,0.79119,0.65005,0.65562,0.54863,0.57534,0.48524,0.49673,0.61703,0.53429,0.42943,0.45258,0.53053,0.58665,0.61885,0.67128,0.063097,0.11971,-0.022507,0.012794,-0.23886,-0.17008,-0.080966,0.059249,0.47852,0.51037,0.62212,0.58815,0.78294,0.76635,0.58934,0.6128,0.6727,0.77251,0.71743,0.71034,0.49087,0.59492,0.54913,0.6657,0.22034,0.24522,0.18813,0.48411,0.053528,0.65424,0.66147,0.59486,0.5419,0.2698,-0.067967,0.24626,0.25118,0.087091,0.021514,0.12099,0.391,0.48193,0.47993,0.26573,-0.0053946,-0.13113
-0.30967,-0.31011,-0.21583,-0.22333,-0.33462,-0.27928,-0.17265,-0.22433,-0.2167,-0.29247,-0.17544,-0.19919,-0.21975,-0.23017,-0.18742,-0.20462,0.011664,-0.23976,-0.10042,-0.13141,0.37718,0.41156,-0.10559,-0.13155,-0.21591,-0.23213,-0.17951,-0.15825,0.2982,0.035804,0.38305,0.41634,0.010167,0.17405,-0.15172,-0.20739,0.24259,-0.068064,0.37019,0.044134,1,0.76708,-0.21837,-0.2047,-0.14512,-0.14266,-0.11934,-0.17244,-0.23089,-0.18739,-0.28956,-0.23492,-0.20944,-0.19645,-0.13138,-0.25568,-0.27281,-0.33013,-0.3638,-0.32312,-0.33113,-0.32505,-0.24772,-0.24605,-0.32749,-0.32188,-0.29827,-0.30347,-0.21062,-0.26743,-0.030548,0.071772,0.56631,0.44976,0.32304,0.32096,0.081739,-0.053225,0.0058987,-0.17541,-0.10865,-0.23482,0.032702,-0.12779,-0.24713,-0.18776,-0.32842,-0.20219,-0.31188,-0.23158,-0.22273,-0.16649,-0.15639,-0.22713,0.056864,0.15567,0.082578,0.07515,0.16864,-0.19408,-0.23661,-0.15828,-0.13135,0.0073076,0.26851,0.17223,-0.15596,0.10308,0.35109,0.071813,-0.0321,-0.085698,-0.083366,0.158,0.27274,0.2081
-0.041026,-0.054357,0.00068341,0.014541,-0.087656,-0.11112,0.068075,0.060702,0.045814,-0.073046,0.0607,0.07888,0.03427,0.037865,0.027859,-0.003659,0.22676,0.033449,0.12661,0.10787,0.42352,0.52965,0.01853,0.0331,-0.12001,-0.18675,0.040349,0.075727,0.50647,0.26367,0.29634,0.31983,0.19021,0.29001,-0.10296,-0.10562,0.22577,0.132,0.22713,0.25561,0.76708,1,-0.17817,-0.16357,-0.13977,-0.12893,-0.14889,-0.13753,-0.16653,-0.14879,-0.083692,-0.10301,0.03041,0.002064,0.036175,-0.06988,-0.030355,-0.055053,-0.15942,-0.12734,-0.071802,-0.080516,0.0286,0.029936,-0.12569,-0.091239,-0.12618,-0.12268,-0.05124,-0.055389,-0.053989,0.081012,0.43431,0.40716,0.21517,0.21558,0.01282,-0.057519,0.20685,0.022821,0.10425,-0.013969,0.2434,0.1473,-0.002919,0.015379,-0.16277,0.0064172,-0.046735,0.0020346,-0.099405,0.0027296,-0.042805,-0.029769,0.029123,0.1119,0.043061,0.065277,0.076343,-0.097228,-0.013047,0.015897,0.073051,0.11292,0.24709,0.23883,-0.089873,0.067597,0.24718,0.046492,0.030715,-0.023479,0.056962,0.20243,0.26257,0.20264
