1,0.50052,0.55631,0.69381,0.60544,0.60049,0.62486,0.68839,0.5536,0.54704,0.77885,0.51317,0.67509,0.54971,0.62927,0.43157,0.52087,0.42818,0.62661,0.49759,0.3105,0.086287,0.5513,0.51425,0.38629,0.11474,0.46862,0.42734,0.37282,0.36607,0.15304,0.20737,0.57625,0.57639,0.66417,0.52144,0.4714,0.30062,0.45878,0.26834,0.3262,0.19815,0.24509,0.185,0.18587,0.19196,0.1817,0.22221,0.20218,0.25042,0.31935,0.31615,0.46465,0.33264,0.32282,0.25511,0.54602,0.40123,0.45541,0.43488,0.64714,0.47662,0.46823,0.46705,0.58584,0.50625,0.42873,0.43032,0.1968,0.16089,0.43481,0.41985,0.41386,0.31688,0.37814,0.28191,0.39174,0.36082,0.29098,0.35338,0.44415,0.34879,0.50826,0.42189,0.63787,0.51372,0.5815,0.46537,0.64776,0.66011,0.54421,0.59236,0.58976,0.62534,0.15103,0.17635,0.12651,0.26786,0.31734,0.34621,0.43617,0.49154,0.43889,0.45582,0.3399,0.41159,0.39679,0.28127,0.19201,0.17446,0.25372,0.45608,0.55045,0.28034,0.29369,0.094118
0.50052,1,0.45199,0.48075,0.44581,0.3337,0.29842,0.42998,0.19506,0.29379,0.32844,0.33707,0.25584,0.27117,0.39657,0.38903,0.63945,0.66215,0.55842,0.60827,0.37088,0.15267,0.43708,0.37986,0.29094,0.20609,0.32735,0.33738,0.5452,0.5234,0.32181,0.28482,0.4653,0.55088,0.46506,0.46365,0.40808,0.38743,0.44601,0.42669,0.43982,0.33849,0.53346,0.50547,0.47381,0.50155,0.496,0.53474,0.42778,0.41972,0.23506,0.14161,0.31653,0.27424,0.38773,0.41981,0.73301,0.86461,0.28849,0.16219,0.24319,0.074224,0.40342,0.34733,0.063671,0.022831,0.46706,0.4213,0.4489,0.46224,0.3996,0.32,0.4189,0.35134,0.29779,0.2704,0.4033,0.39888,0.44003,0.49093,0.45281,0.40316,0.46909,0.33719,0.29105,0.26274,0.39724,0.3954,0.19847,0.34767,0.4332,0.36408,0.35535,0.29137,0.35604,0.36726,0.47584,0.42034,0.5708,0.50891,0.31166,0.1966,0.42149,0.26402,0.33071,0.23491,0.30695,0.22705,0.30454,0.34241,0.36447,0.6062,0.3991,0.43096,0.32961,0.10044
0.55631,0.45199,1,0.78027,0.6573,0.6376,0.84176,0.75373,0.63884,0.48258,0.565,0.48974,0.54539,0.44822,0.61323,0.58418,0.41477,0.38456,0.57721,0.34128,0.38511,0.32347,0.73342,0.66105,0.45421,0.45317,0.45228,0.54182,0.54538,0.47303,0.52946,0.4812,0.56529,0.48352,0.60582,0.53898,0.42004,0.32496,0.51504,0.39201,0.40517,0.31629,0.37722,0.33743,0.3725,0.36882,0.36192,0.39101,0.39399,0.45273,0.48339,0.38924,0.46242,0.39455,0.48517,0.47588,0.32761,0.38879,0.52878,0.44645,0.50121,0.30815,0.5485,0.53151,0.43487,0.3852,0.61248,0.56072,0.12167,0.1257,0.60449,0.55583,0.42689,0.34322,0.35676,0.22914,0.2541,0.241,0.31079,0.31317,0.42595,0.37656,0.65719,0.51449,0.52931,0.5655,0.55555,0.51325,0.55482,0.62562,0.59834,0.68288,0.64082,0.63301,0.26532,0.24246,0.35102,0.34066,0.54047,0.47875,0.51676,0.50086,0.47407,0.44952,0.42998,0.34023,0.44161,0.31947,0.15139,0.23842,0.3423,0.5236,0.48948,0.34251,0.32421,0.13335
0.69381,0.48075,0.78027,1,0.74217,0.77549,0.75518,0.86498,0.6854,0.69544,0.62262,0.60897,0.65727,0.66876,0.63674,0.56944,0.49886,0.44795,0.50603,0.45066,0.39879,0.26741,0.61643,0.65782,0.38985,0.30735,0.50005,0.55972,0.48049,0.5356,0.38024,0.41702,0.68025,0.64233,0.63159,0.55417,0.52374,0.41501,0.57746,0.44485,0.43325,0.34093,0.27464,0.22297,0.24279,0.27205,0.24628,0.29846,0.31564,0.42861,0.51661,0.49486,0.58237,0.39895,0.53801,0.49198,0.38967,0.39508,0.54898,0.51522,0.60616,0.47991,0.57535,0.62283,0.51292,0.51081,0.52082,0.56008,0.22753,0.22491,0.47985,0.48126,0.42206,0.3559,0.29312,0.23661,0.35321,0.34911,0.29588,0.29706,0.40748,0.33778,0.57474,0.52436,0.53518,0.57933,0.55188,0.52116,0.67286,0.73344,0.65519,0.60925,0.68277,0.61595,0.24957,0.23304,0.26882,0.32238,0.42103,0.41252,0.55477,0.50968,0.49242,0.41787,0.43156,0.35053,0.51499,0.35423,0.15723,0.25574,0.32264,0.50673,0.53185,0.31191,0.32361,0.10124
0.60544,0.44581,0.6573,0.74217,1,0.85077,0.6749,0.7299,0.71539,0.67884,0.6078,0.48995,0.68747,0.58778,0.72845,0.55454,0.47759,0.4235,0.41367,0.27874,0.50987,0.21762,0.54729,0.50817,0.32945,0.11673,0.58642,0.59423,0.42344,0.39821,0.15978,0.17234,0.47529,0.40302,0.6051,0.46751,0.48027,0.33914,0.55846,0.36192,0.29888,0.14314,0.24255,0.20574,0.22275,0.23611,0.18436,0.23729,0.24351,0.32275,0.40649,0.34204,0.48026,0.31257,0.40391,0.37736,0.43598,0.40987,0.4811,0.46375,0.60804,0.48553,0.49841,0.57806,0.55084,0.54144,0.47053,0.48179,0.13474,0.15255,0.43676,0.37272,0.22621,0.1325,0.18111,0.097947,0.21342,0.19722,0.33889,0.34488,0.4398,0.38288,0.60255,0.52918,0.56102,0.56238,0.61178,0.6085,0.65994,0.7616,0.58324,0.54814,0.67288,0.56639,0.16961,0.18201,0.12785,0.25957,0.32374,0.3313,0.37698,0.40281,0.34383,0.27165,0.37165,0.23801,0.37882,0.33999,0.14614,0.19325,0.23364,0.4049,0.42109,0.17104,0.25667,0.035067
0.60049,0.3337,0.6376,0.77549,0.85077,1,0.71116,0.77887,0.751,0.79262,0.59641,0.48309,0.69923,0.64141,0.63995,0.49142,0.41132,0.35436,0.33404,0.20525,0.39543,0.15756,0.42574,0.42215,0.21589,0.14539,0.45678,0.52238,0.32597,0.34171,0.11387,0.14579,0.51612,0.39984,0.56579,0.41024,0.37242,0.22925,0.4801,0.26411,0.20869,0.083402,0.13889,0.083799,0.096462,0.13973,0.099185,0.1327,0.20367,0.3303,0.50509,0.47557,0.53807,0.33977,0.38713,0.35332,0.32916,0.33117,0.54462,0.58477,0.68642,0.62204,0.51009,0.63814,0.60383,0.64218,0.38826,0.4358,0.091373,0.09452,0.38377,0.35318,0.26717,0.16986,0.19196,0.088626,0.19764,0.19753,0.26631,0.27057,0.30372,0.23366,0.48169,0.40394,0.43828,0.43276,0.55105,0.46135,0.64487,0.72306,0.55978,0.52105,0.63188,0.54041,0.14337,0.14163,0.065508,0.18928,0.24653,0.26161,0.43356,0.40421,0.37111,0.28876,0.36673,0.26494,0.38528,0.35086,0.15915,0.16943,0.18733,0.34141,0.41725,0.1756,0.24658,0.10828
0.62486,0.29842,0.84176,0.75518,0.6749,0.71116,1,0.83107,0.80053,0.66078,0.72199,0.54483,0.7819,0.59724,0.62914,0.5218,0.33612,0.29272,0.48166,0.24369,0.18784,0.12549,0.58679,0.54094,0.3604,0.29741,0.36925,0.39317,0.40581,0.38729,0.30505,0.30692,0.57711,0.46776,0.61722,0.49264,0.30765,0.16707,0.38457,0.17748,0.25521,0.18683,0.17496,0.12099,0.15185,0.13495,0.14701,0.15538,0.17688,0.25842,0.45975,0.39884,0.4367,0.31354,0.3299,0.26724,0.23815,0.26629,0.54626,0.54668,0.69944,0.6022,0.5385,0.61016,0.72902,0.68143,0.5083,0.49103,-0.0043336,0.012064,0.57585,0.53197,0.43527,0.37423,0.37096,0.24751,0.2288,0.22815,0.21536,0.22845,0.28343,0.23199,0.54192,0.44341,0.55306,0.50544,0.47185,0.33159,0.71284,0.70163,0.54114,0.68654,0.65165,0.70434,0.13712,0.15453,0.19191,0.20565,0.33713,0.26094,0.52677,0.57927,0.44619,0.45509,0.33547,0.33371,0.42431,0.30676,0.091522,0.15351,0.25396,0.34497,0.45273,0.23552,0.22712,0.098958
0.68839,0.42998,0.75373,0.86498,0.7299,0.77887,0.83107,1,0.70971,0.78883,0.70801,0.70092,0.77485,0.76953,0.63123,0.5873,0.48986,0.43642,0.50471,0.39733,0.33821,0.21332,0.58552,0.62784,0.356,0.27786,0.41649,0.41838,0.50096,0.5487,0.3534,0.40821,0.63056,0.58363,0.61239,0.52705,0.45574,0.34131,0.52408,0.36625,0.37689,0.30242,0.23456,0.17933,0.19468,0.19,0.21422,0.23673,0.22407,0.3192,0.4719,0.43148,0.49336,0.27497,0.47115,0.39577,0.37753,0.31416,0.48554,0.50284,0.65609,0.59789,0.56643,0.65006,0.60316,0.62754,0.50852,0.53279,0.12884,0.1664,0.50764,0.48615,0.45638,0.39228,0.34513,0.27287,0.29557,0.30653,0.28188,0.29489,0.38084,0.32483,0.5651,0.54167,0.54028,0.5277,0.49172,0.41724,0.72132,0.72294,0.58684,0.60851,0.66882,0.61926,0.23305,0.20959,0.22744,0.27706,0.39724,0.32779,0.52543,0.55816,0.492,0.44223,0.37375,0.33222,0.4945,0.29385,0.16574,0.23691,0.29117,0.43378,0.52244,0.2695,0.2614,0.12703
0.5536,0.19506,0.63884,0.6854,0.71539,0.751,0.80053,0.70971,1,0.73797,0.58404,0.4096,0.75309,0.61646,0.59558,0.38393,0.2602,0.20268,0.28059,0.14084,0.12494,0.032913,0.31924,0.29073,0.1396,0.096709,0.28732,0.2884,0.26065,0.28846,0.070558,0.061089,0.54195,0.41106,0.46944,0.34607,0.27058,0.12563,0.32896,0.099362,0.12668,0.050145,0.023084,-0.023251,-0.015138,0.023289,-0.01194,-0.000879,0.14176,0.27487,0.55355,0.53452,0.51652,0.30605,0.30744,0.25488,0.20156,0.22958,0.64572,0.68211,0.76731,0.72253,0.51705,0.64819,0.66597,0.72186,0.29992,0.37092,0.051942,0.07178,0.39402,0.40884,0.33451,0.27755,0.23911,0.16517,0.27925,0.28862,0.13787,0.17063,0.15294,0.082663,0.39777,0.32318,0.37117,0.32414,0.39512,0.22219,0.71539,0.72309,0.48901,0.54604,0.58596,0.60525,0.10205,0.14439,0.12257,0.19773,0.17544,0.17493,0.55461,0.50105,0.43592,0.43041,0.41004,0.30294,0.41512,0.40963,0.13281,0.15295,0.24002,0.26913,0.42229,0.26383,0.27921,0.09121
0.54704,0.29379,0.48258,0.69544,0.67884,0.79262,0.66078,0.78883,0.73797,1,0.53306,0.50455,0.71753,0.72502,0.51294,0.40929,0.33365,0.30939,0.25732,0.23424,0.23285,0.074008,0.25735,0.27832,0.10046,0.049082,0.2838,0.24234,0.28247,0.3605,0.045623,0.077458,0.53895,0.43795,0.42407,0.33082,0.34455,0.21514,0.40486,0.20787,0.23807,0.14621,0.026836,-0.025321,-0.023659,0.01467,0.010299,0.023456,0.10476,0.21627,0.46339,0.45534,0.45704,0.20789,0.33261,0.27321,0.28367,0.27945,0.51739,0.5721,0.69446,0.70232,0.52859,0.67321,0.5729,0.6549,0.26113,0.32337,0.098049,0.12125,0.25918,0.2758,0.30508,0.27039,0.16613,0.11584,0.23928,0.24807,0.13624,0.15717,0.16068,0.093598,0.31376,0.32947,0.33307,0.2527,0.34287,0.23153,0.65634,0.64898,0.44272,0.43084,0.52913,0.46548,0.11373,0.12542,0.090867,0.14893,0.16943,0.16969,0.47644,0.42535,0.38472,0.31044,0.26344,0.24796,0.39911,0.30937,0.16637,0.19299,0.17477,0.25846,0.41443,0.16138,0.15555,0.038052
0.77885,0.32844,0.565,0.62262,0.6078,0.59641,0.72199,0.70801,0.58404,0.53306,1,0.63915,0.8322,0.61228,0.7276,0.55127,0.42675,0.34939,0.63258,0.37561,0.16709,-0.029244,0.63409,0.56213,0.44915,0.13153,0.44679,0.36995,0.37984,0.36522,0.14587,0.2264,0.4493,0.42763,0.61384,0.43333,0.31901,0.15253,0.31506,0.12223,0.17412,0.087475,0.2093,0.15408,0.13364,0.11403,0.14693,0.15595,0.085864,0.13784,0.24492,0.25854,0.37686,0.27417,0.20832,0.14115,0.34692,0.22489,0.33445,0.37104,0.63328,0.55782,0.37661,0.44587,0.64919,0.58065,0.39897,0.38483,0.031815,0.046257,0.53314,0.46843,0.35871,0.28832,0.40166,0.26105,0.29745,0.27679,0.28526,0.35267,0.41255,0.33678,0.60223,0.49291,0.66132,0.53853,0.5356,0.39424,0.65382,0.6357,0.47856,0.60107,0.54827,0.61759,0.12739,0.14166,0.020253,0.081681,0.23584,0.21759,0.33537,0.48697,0.3383,0.36974,0.29191,0.34239,0.29771,0.2032,0.14528,0.14647,0.12229,0.28495,0.39451,0.12544,0.20646,0.13448
0.51317,0.33707,0.48974,0.60897,0.48995,0.48309,0.54483,0.70092,0.4096,0.50455,0.63915,1,0.63977,0.7492,0.57103,0.65445,0.42366,0.42781,0.41091,0.3396,0.20903,0.12078,0.55522,0.61383,0.42532,0.16916,0.43776,0.36259,0.46542,0.54468,0.2635,0.34421,0.36499,0.41473,0.40063,0.30682,0.35382,0.26926,0.32056,0.25727,0.29742,0.28219,0.16792,0.13681,0.097412,0.088177,0.16292,0.16454,0.10384,0.17372,0.28887,0.31024,0.4241,0.26733,0.35333,0.28911,0.3082,0.16642,0.21029,0.28791,0.43157,0.43128,0.41585,0.48397,0.38359,0.36545,0.26231,0.29237,0.015531,0.07859,0.46531,0.42625,0.34812,0.30133,0.31299,0.26363,0.25975,0.23463,0.29155,0.28187,0.40742,0.40114,0.51485,0.55108,0.528,0.60828,0.35274,0.3983,0.53333,0.5741,0.47027,0.44379,0.51359,0.43709,0.17335,0.081899,0.039994,0.09658,0.28505,0.22576,0.33978,0.39456,0.32734,0.31363,0.26521,0.2247,0.32439,0.13202,0.1176,0.13164,0.10251,0.27058,0.31587,0.10853,0.15613,0.081651
0.67509,0.25584,0.54539,0.65727,0.68747,0.69923,0.7819,0.77485,0.75309,0.71753,0.8322,0.63977,1,0.79029,0.75063,0.57707,0.34544,0.30978,0.40893,0.24092,0.16063,0.015096,0.45428,0.44101,0.33801,0.12497,0.42652,0.35892,0.34033,0.36078,0.051892,0.10837,0.43543,0.37089,0.47391,0.31848,0.2848,0.1353,0.31196,0.10044,0.15175,0.073367,0.11421,0.062216,0.045623,0.059855,0.082436,0.078636,0.10589,0.20759,0.4167,0.44051,0.45605,0.29792,0.30181,0.23678,0.27908,0.21558,0.47863,0.55345,0.76356,0.7349,0.45278,0.57548,0.67548,0.68117,0.30969,0.33948,0.0066727,0.036329,0.48182,0.47042,0.36461,0.32413,0.37623,0.23253,0.2605,0.24563,0.1785,0.2333,0.28431,0.20803,0.51091,0.43802,0.52057,0.42027,0.39795,0.28955,0.72315,0.73889,0.49058,0.58325,0.58453,0.61083,0.10541,0.12028,0.050138,0.12331,0.21444,0.19603,0.46819,0.52834,0.41434,0.40436,0.31387,0.3306,0.35598,0.28353,0.13788,0.13129,0.13762,0.24608,0.39868,0.17299,0.22382,0.033221
0.54971,0.27117,0.44822,0.66876,0.58778,0.64141,0.59724,0.76953,0.61646,0.72502,0.61228,0.7492,0.79029,1,0.61209,0.57322,0.31846,0.30746,0.26822,0.24361,0.20825,0.1044,0.36036,0.44498,0.29062,0.13282,0.40816,0.35243,0.31499,0.4294,0.089053,0.16028,0.4232,0.38531,0.35728,0.24248,0.36962,0.24842,0.37048,0.23431,0.23245,0.18821,0.086235,0.045845,-0.0087168,0.029134,0.09069,0.090267,0.11125,0.23636,0.43512,0.50195,0.51787,0.32912,0.42575,0.35698,0.2579,0.17384,0.36386,0.48697,0.60387,0.66564,0.41752,0.56892,0.47899,0.57096,0.21505,0.27766,0.057237,0.11145,0.37373,0.38877,0.34536,0.32964,0.29733,0.23483,0.29109,0.2777,0.16247,0.19099,0.25318,0.19528,0.40017,0.41635,0.39301,0.39432,0.30511,0.27994,0.62875,0.66724,0.49975,0.44557,0.50959,0.43165,0.1952,0.15146,0.093222,0.14074,0.21702,0.20207,0.46452,0.42136,0.38834,0.33396,0.34421,0.30596,0.35319,0.23099,0.15836,0.17909,0.1608,0.24621,0.36667,0.16672,0.24535,0.066511
0.62927,0.39657,0.61323,0.63674,0.72845,0.63995,0.62914,0.63123,0.59558,0.51294,0.7276,0.57103,0.75063,0.61209,1,0.76606,0.42668,0.42903,0.45384,0.26569,0.32707,0.10728,0.66418,0.58943,0.54843,0.20694,0.6494,0.61648,0.42539,0.38466,0.11786,0.11759,0.34152,0.30128,0.49532,0.34482,0.36068,0.20627,0.39047,0.2298,0.19046,0.088305,0.36364,0.33452,0.29219,0.33323,0.33052,0.33468,0.32575,0.39367,0.39193,0.36017,0.47953,0.40705,0.38116,0.37071,0.40108,0.36051,0.39714,0.42374,0.54966,0.45555,0.44301,0.51627,0.48449,0.42631,0.38915,0.38924,0.055662,0.11283,0.52045,0.48587,0.267,0.2112,0.30572,0.17349,0.20551,0.2059,0.32683,0.4132,0.49645,0.43852,0.74486,0.57704,0.65538,0.60795,0.62758,0.56087,0.61737,0.70303,0.57828,0.61553,0.62351,0.58542,0.18217,0.17868,0.049022,0.15587,0.3725,0.36464,0.41318,0.38533,0.37949,0.34361,0.4078,0.34104,0.24211,0.24819,0.22026,0.2251,0.12808,0.37,0.32893,0.19735,0.32867,0.053036
0.43157,0.38903,0.58418,0.56944,0.55454,0.49142,0.5218,0.5873,0.38393,0.40929,0.55127,0.65445,0.57707,0.57322,0.76606,1,0.4422,0.49335,0.4014,0.27963,0.34344,0.24243,0.69925,0.71119,0.65624,0.43978,0.61435,0.5953,0.5497,0.53783,0.3386,0.32924,0.28115,0.28951,0.38164,0.3176,0.30502,0.26617,0.38356,0.31843,0.28041,0.24569,0.47939,0.46928,0.42238,0.4454,0.48365,0.48752,0.41855,0.44616,0.36921,0.28679,0.43311,0.41738,0.45814,0.45396,0.39044,0.33096,0.28174,0.25708,0.36459,0.22579,0.43592,0.47434,0.26228,0.19543,0.40044,0.40268,0.022155,0.14128,0.50059,0.48645,0.28424,0.23838,0.33694,0.2457,0.18969,0.17092,0.31092,0.43302,0.53431,0.53685,0.72316,0.67607,0.53858,0.62263,0.49926,0.55334,0.41933,0.57552,0.55974,0.52481,0.50505,0.45589,0.30352,0.23094,0.16977,0.206,0.49119,0.42588,0.39133,0.35031,0.42846,0.37541,0.41749,0.36151,0.26182,0.14842,0.29629,0.29151,0.10436,0.40489,0.29525,0.24016,0.32694,0.06073
0.52087,0.63945,0.41477,0.49886,0.47759,0.41132,0.33612,0.48986,0.2602,0.33365,0.42675,0.42366,0.34544,0.31846,0.42668,0.4422,1,0.85531,0.53322,0.59261,0.3743,0.19021,0.45199,0.4359,0.3112,0.22171,0.31712,0.35261,0.65959,0.6829,0.33693,0.32938,0.53981,0.55906,0.43689,0.39112,0.33746,0.31793,0.39485,0.34887,0.36625,0.27774,0.41697,0.40556,0.37375,0.37558,0.41909,0.42726,0.31622,0.27394,0.18334,0.045983,0.22928,0.13615,0.32346,0.30544,0.7506,0.61956,0.26908,0.099282,0.32231,0.074983,0.59303,0.47071,0.18542,0.10978,0.41265,0.36081,0.45249,0.45914,0.39415,0.39455,0.43401,0.30381,0.32796,0.31369,0.25441,0.23587,0.75769,0.69671,0.71117,0.6541,0.48486,0.53811,0.42022,0.41044,0.40045,0.44249,0.32561,0.38832,0.39124,0.31904,0.39763,0.3514,0.32885,0.26395,0.32732,0.43914,0.48012,0.41628,0.25942,0.29171,0.39238,0.30904,0.33275,0.25022,0.37886,0.23076,0.23936,0.23456,0.35873,0.53679,0.42715,0.369,0.35103,0.1556
0.42818,0.66215,0.38456,0.44795,0.4235,0.35436,0.29272,0.43642,0.20268,0.30939,0.34939,0.42781,0.30978,0.30746,0.42903,0.49335,0.85531,1,0.51959,0.60972,0.3472,0.2432,0.39814,0.37471,0.27915,0.25098,0.28304,0.30306,0.64048,0.69731,0.33945,0.31688,0.46332,0.52287,0.32252,0.32131,0.31204,0.32386,0.38667,0.37795,0.37392,0.34587,0.42924,0.42226,0.38644,0.40525,0.44349,0.44456,0.328,0.28639,0.16578,0.015847,0.19844,0.11977,0.31743,0.32186,0.65067,0.67802,0.19082,0.040669,0.22024,0.024417,0.54644,0.49672,0.11076,0.035567,0.36461,0.32141,0.42655,0.47744,0.39922,0.39553,0.4037,0.3156,0.32901,0.33312,0.24071,0.22724,0.70221,0.77411,0.71537,0.74893,0.48005,0.57539,0.40248,0.403,0.32874,0.44862,0.24612,0.36166,0.35826,0.29464,0.34376,0.27914,0.34172,0.30004,0.36218,0.39367,0.48921,0.38105,0.28482,0.20771,0.3533,0.2224,0.27356,0.18617,0.31943,0.2235,0.29279,0.27471,0.30177,0.48115,0.30598,0.34559,0.3197,0.13585
0.62661,0.55842,0.57721,0.50603,0.41367,0.33404,0.48166,0.50471,0.28059,0.25732,0.63258,0.41091,0.40893,0.26822,0.45384,0.4014,0.53322,0.51959,1,0.78462,0.30805,0.18861,0.63634,0.49657,0.3421,0.24452,0.27865,0.29589,0.64962,0.52217,0.46628,0.4817,0.54367,0.61913,0.5437,0.57107,0.46805,0.42887,0.45332,0.40615,0.46463,0.38708,0.38579,0.35561,0.37162,0.339,0.33073,0.39704,0.21205,0.19273,0.055858,0.00037679,0.17825,0.16234,0.2767,0.25675,0.51105,0.41848,0.19817,0.049422,0.25566,0.095631,0.33482,0.26388,0.25928,0.18243,0.47885,0.43809,0.38752,0.31365,0.54891,0.47258,0.45905,0.37344,0.42725,0.38692,0.41684,0.39537,0.33412,0.43842,0.47653,0.47155,0.59548,0.47318,0.44609,0.40274,0.45885,0.40215,0.34182,0.37961,0.44768,0.56659,0.47364,0.49134,0.23275,0.30516,0.36911,0.3441,0.47226,0.44666,0.32956,0.34418,0.38599,0.33297,0.28295,0.32568,0.39062,0.22272,0.15223,0.23244,0.41404,0.50946,0.46158,0.29898,0.24727,0.1518
0.49759,0.60827,0.34128,0.45066,0.27874,0.20525,0.24369,0.39733,0.14084,0.23424,0.37561,0.3396,0.24092,0.24361,0.26569,0.27963,0.59261,0.60972,0.78462,1,0.32574,0.26127,0.39887,0.35237,0.18713,0.17276,0.16429,0.16001,0.63233,0.63991,0.46467,0.47911,0.66215,0.78783,0.40582,0.51188,0.45745,0.52304,0.47805,0.50253,0.51654,0.48326,0.33085,0.31033,0.3448,0.32693,0.32229,0.37781,0.19638,0.18869,0.0057827,-0.0095451,0.13997,0.016427,0.29049,0.29098,0.53421,0.43991,0.14382,0.0035932,0.14065,0.029282,0.34351,0.27117,0.090011,0.065828,0.43117,0.4291,0.73175,0.66286,0.36658,0.34065,0.53229,0.46361,0.3828,0.38019,0.4635,0.46633,0.34322,0.41671,0.39948,0.40398,0.4375,0.39859,0.27554,0.23861,0.28567,0.27029,0.21136,0.24458,0.31458,0.2998,0.31949,0.30541,0.38761,0.45764,0.51546,0.48493,0.39487,0.36768,0.31465,0.23469,0.40005,0.23677,0.28672,0.27129,0.45576,0.29114,0.2551,0.33102,0.50813,0.51005,0.42276,0.39991,0.28282,0.12013
0.3105,0.37088,0.38511,0.39879,0.50987,0.39543,0.18784,0.33821,0.12494,0.23285,0.16709,0.20903,0.16063,0.20825,0.32707,0.34344,0.3743,0.3472,0.30805,0.32574,1,0.68391,0.34677,0.35992,0.19946,0.18463,0.47523,0.55742,0.496,0.40556,0.36601,0.35943,0.2158,0.24561,0.2377,0.25279,0.56321,0.54934,0.67737,0.64774,0.56509,0.46599,0.1556,0.15778,0.16906,0.16437,0.15766,0.21831,0.12288,0.13065,0.12551,0.058667,0.2277,0.16252,0.40452,0.4375,0.34052,0.30318,0.099455,0.030931,0.11243,-0.042726,0.26982,0.24113,0.017956,0.026833,0.2789,0.24551,0.23483,0.24967,0.20361,0.15396,0.11887,-0.014659,0.056238,-0.011259,0.11506,0.097494,0.2071,0.14742,0.34763,0.32289,0.47404,0.43357,0.25761,0.36472,0.42666,0.58379,0.21821,0.36566,0.26096,0.16085,0.35041,0.17175,0.23537,0.21645,0.18208,0.3017,0.22208,0.24932,0.1175,0.066067,0.1532,0.050503,0.17092,0.057683,0.19778,0.18646,0.16153,0.18588,0.23434,0.27646,0.19893,0.084954,0.17175,-0.00539
0.086287,0.15267,0.32347,0.26741,0.21762,0.15756,0.12549,0.21332,0.032913,0.074008,-0.029244,0.12078,0.015096,0.1044,0.10728,0.24243,0.19021,0.2432,0.18861,0.26127,0.68391,1,0.22913,0.27977,0.15043,0.37139,0.27093,0.40936,0.42863,0.39413,0.52716,0.51064,0.14877,0.20602,0.032944,0.201,0.43025,0.52049,0.5059,0.59404,0.5208,0.59907,0.074462,0.069019,0.11455,0.075707,0.11584,0.14759,0.031362,0.033769,0.0033457,-0.018054,0.080655,0.099797,0.31136,0.34328,0.10495,0.10263,-0.035331,-0.077949,-0.07023,-0.15636,0.13416,0.091649,-0.093113,-0.089819,0.17521,0.17625,0.16229,0.15562,0.17158,0.24166,0.16692,0.092046,0.17334,0.11515,0.09717,0.093949,0.11795,0.053657,0.22375,0.23814,0.29217,0.34714,0.12986,0.23375,0.171,0.34148,0.080917,0.18631,0.14938,0.096812,0.22258,0.11312,0.21615,0.19124,0.26685,0.30566,0.21891,0.17149,0.14107,0.019119,0.12238,0.09172,0.15785,0.059501,0.22778,0.1929,0.096203,0.22057,0.28846,0.19602,0.088553,0.13423,0.16108,-0.041395
0.5513,0.43708,0.73342,0.61643,0.54729,0.42574,0.58679,0.58552,0.31924,0.25735,0.63409,0.55522,0.45428,0.36036,0.66418,0.69925,0.45199,0.39814,0.63634,0.39887,0.34677,0.22913,1,0.891,0.78344,0.49432,0.65321,0.63987,0.52438,0.4461,0.54841,0.55133,0.38807,0.43025,0.6618,0.58702,0.41194,0.35392,0.44459,0.38346,0.39987,0.31718,0.51855,0.49418,0.52784,0.48606,0.46152,0.52088,0.39041,0.40838,0.24293,0.18477,0.34367,0.424,0.3993,0.40373,0.4364,0.31977,0.22806,0.13794,0.26991,0.070842,0.30921,0.26367,0.33381,0.17539,0.63877,0.56391,0.090252,0.126,0.56927,0.49706,0.32271,0.24986,0.32228,0.23523,0.25408,0.21965,0.39152,0.40814,0.58089,0.53025,0.74832,0.61873,0.66875,0.70321,0.6414,0.63425,0.41836,0.50223,0.58533,0.64936,0.59497,0.57787,0.22728,0.20018,0.18651,0.23754,0.51695,0.50057,0.34903,0.40566,0.39086,0.36468,0.37536,0.36859,0.30347,0.13462,0.13405,0.1968,0.20269,0.47458,0.41128,0.25335,0.30299,0.068642
0.51425,0.37986,0.66105,0.65782,0.50817,0.42215,0.54094,0.62784,0.29073,0.27832,0.56213,0.61383,0.44101,0.44498,0.58943,0.71119,0.4359,0.37471,0.49657,0.35237,0.35992,0.27977,0.891,1,0.78148,0.55022,0.63925,0.66539,0.50094,0.49513,0.59443,0.63753,0.38067,0.42871,0.60009,0.5488,0.37533,0.37282,0.42075,0.39703,0.39765,0.35443,0.45942,0.43724,0.47318,0.42993,0.42314,0.47658,0.35547,0.39434,0.27412,0.2286,0.39135,0.42186,0.44364,0.42265,0.36484,0.25122,0.23171,0.15973,0.28954,0.10136,0.36936,0.30665,0.30038,0.16642,0.60845,0.56418,0.043454,0.10568,0.47964,0.43529,0.28831,0.21342,0.26202,0.201,0.21148,0.18731,0.33276,0.33937,0.565,0.52518,0.68309,0.63821,0.64707,0.74529,0.5787,0.62436,0.42919,0.52414,0.56289,0.54237,0.53583,0.48307,0.20704,0.13287,0.15032,0.17177,0.46014,0.42779,0.34678,0.40588,0.3676,0.34803,0.33523,0.30862,0.29084,0.089693,0.099596,0.18159,0.13541,0.40163,0.34515,0.18601,0.23931,0.068187
0.38629,0.29094,0.45421,0.38985,0.32945,0.21589,0.3604,0.356,0.1396,0.10046,0.44915,0.42532,0.33801,0.29062,0.54843,0.65624,0.3112,0.27915,0.3421,0.18713,0.19946,0.15043,0.78344,0.78148,1,0.6188,0.74142,0.61449,0.30637,0.27854,0.4557,0.43452,0.20682,0.24655,0.49451,0.42361,0.16464,0.15423,0.20828,0.17352,0.18471,0.17003,0.49447,0.4799,0.50703,0.46222,0.43814,0.47359,0.358,0.33695,0.14934,0.092649,0.22156,0.42078,0.26082,0.24681,0.34185,0.21969,0.12078,0.053709,0.18627,-0.00060347,0.18103,0.14622,0.23838,0.04834,0.49844,0.42557,-0.068141,0.01392,0.38563,0.34952,0.20487,0.16592,0.26208,0.19437,0.13477,0.10848,0.28593,0.33686,0.51652,0.45543,0.60513,0.50389,0.59571,0.59619,0.52645,0.4971,0.25383,0.3544,0.43487,0.45712,0.39921,0.42472,0.145,0.11611,0.089107,0.097977,0.38984,0.37923,0.27787,0.34744,0.31466,0.3352,0.3038,0.34042,0.1421,0.031247,0.10348,0.13246,0.026941,0.28664,0.22656,0.19197,0.24168,-0.014998
0.11474,0.20609,0.45317,0.30735,0.11673,0.14539,0.29741,0.27786,0.096709,0.049082,0.13153,0.16916,0.12497,0.13282,0.20694,0.43978,0.22171,0.25098,0.24452,0.17276,0.18463,0.37139,0.49432,0.55022,0.6188,1,0.39582,0.46004,0.31757,0.32128,0.69801,0.64705,0.27335,0.28306,0.28998,0.37106,0.04705,0.11356,0.14313,0.14316,0.20012,0.25483,0.38553,0.35949,0.42389,0.38407,0.36675,0.39114,0.29636,0.29563,0.18293,0.09418,0.11479,0.31738,0.24748,0.24237,0.20529,0.23483,0.11564,0.016609,0.077334,-0.062874,0.16086,0.13769,0.079575,0.014663,0.45105,0.4018,0.011606,0.046318,0.30773,0.32085,0.25969,0.24996,0.28844,0.23295,0.12862,0.11001,0.1512,0.21065,0.24917,0.26509,0.33736,0.28635,0.204,0.25317,0.25235,0.19403,0.074303,0.1804,0.32846,0.33991,0.28332,0.28737,0.12713,0.12056,0.28677,0.24229,0.41088,0.35207,0.36314,0.28773,0.33732,0.33364,0.31397,0.20486,0.21647,0.10403,0.030809,0.09122,0.16765,0.25985,0.18807,0.32766,0.23037,0.037632
0.46862,0.32735,0.45228,0.50005,0.58642,0.45678,0.36925,0.41649,0.28732,0.2838,0.44679,0.43776,0.42652,0.40816,0.6494,0.61435,0.31712,0.28304,0.27865,0.16429,0.47523,0.27093,0.65321,0.63925,0.74142,0.39582,1,0.75576,0.25324,0.24615,0.25635,0.25802,0.23262,0.2329,0.49835,0.38397,0.36508,0.26874,0.39713,0.29023,0.28726,0.15998,0.33311,0.33026,0.31941,0.32369,0.28379,0.33313,0.25849,0.27305,0.20014,0.1658,0.3281,0.4127,0.32278,0.30977,0.37396,0.26103,0.16989,0.17975,0.26387,0.13333,0.18866,0.2398,0.29731,0.182,0.37596,0.36199,-0.023328,0.013314,0.29328,0.2371,0.08184,0.027321,0.10366,0.0025884,0.10534,0.075182,0.28305,0.26562,0.4774,0.40751,0.58932,0.52243,0.58323,0.60047,0.609,0.61763,0.4015,0.52916,0.50487,0.45268,0.52472,0.44827,0.041063,0.0041091,0.014608,0.099489,0.2976,0.3213,0.23485,0.30116,0.24161,0.20437,0.28343,0.25417,0.15839,0.078867,0.020336,0.076234,0.063609,0.27703,0.26053,0.10093,0.22226,-0.026508
0.42734,0.33738,0.54182,0.55972,0.59423,0.52238,0.39317,0.41838,0.2884,0.24234,0.36995,0.36259,0.35892,0.35243,0.61648,0.5953,0.35261,0.30306,0.29589,0.16001,0.55742,0.40936,0.63987,0.66539,0.61449,0.46004,0.75576,1,0.33951,0.30278,0.32732,0.34398,0.22269,0.21603,0.47238,0.39109,0.42606,0.38226,0.47885,0.4306,0.35476,0.26321,0.3078,0.30126,0.31062,0.31918,0.27169,0.31965,0.25717,0.31473,0.26607,0.22624,0.38484,0.4654,0.41526,0.42321,0.35223,0.31814,0.20792,0.18778,0.27852,0.10666,0.30095,0.28383,0.27012,0.1805,0.41797,0.4082,0.0079842,0.022358,0.37159,0.31536,0.091696,0.021813,0.12301,0.042034,0.15193,0.13048,0.28659,0.24091,0.42788,0.38825,0.57378,0.45978,0.49476,0.61205,0.58542,0.6611,0.38883,0.58195,0.50404,0.432,0.52727,0.38373,0.11006,0.060313,0.039087,0.17085,0.3376,0.33138,0.26762,0.19978,0.24717,0.20055,0.37764,0.22284,0.14462,0.1271,0.087688,0.084154,0.10197,0.29971,0.21038,0.096057,0.25672,0.032679
0.37282,0.5452,0.54538,0.48049,0.42344,0.32597,0.40581,0.50096,0.26065,0.28247,0.37984,0.46542,0.34033,0.31499,0.42539,0.5497,0.65959,0.64048,0.64962,0.63233,0.496,0.42863,0.52438,0.50094,0.30637,0.31757,0.25324,0.33951,1,0.84344,0.59299,0.5846,0.47978,0.55664,0.31495,0.39675,0.45073,0.52766,0.54146,0.55037,0.54316,0.54387,0.37873,0.37992,0.3617,0.35413,0.40145,0.43387,0.27181,0.27616,0.17918,0.079594,0.2404,0.15326,0.44303,0.42212,0.50921,0.44128,0.20955,0.054987,0.21722,0.045533,0.49788,0.4427,0.034623,0.031175,0.4108,0.39586,0.37379,0.3998,0.49993,0.4861,0.51843,0.3989,0.39254,0.37026,0.34684,0.34276,0.44675,0.42409,0.54274,0.50982,0.69429,0.66492,0.30716,0.38379,0.32308,0.41086,0.27174,0.35241,0.37881,0.3584,0.35355,0.29005,0.43222,0.45241,0.41493,0.47013,0.49601,0.43124,0.30988,0.23759,0.44788,0.30594,0.32692,0.24459,0.36492,0.27906,0.34944,0.43491,0.40918,0.49655,0.35284,0.33277,0.30391,0.12111
0.36607,0.5234,0.47303,0.5356,0.39821,0.34171,0.38729,0.5487,0.28846,0.3605,0.36522,0.54468,0.36078,0.4294,0.38466,0.53783,0.6829,0.69731,0.52217,0.63991,0.40556,0.39413,0.4461,0.49513,0.27854,0.32128,0.24615,0.30278,0.84344,1,0.56343,0.5809,0.51522,0.62498,0.29082,0.3595,0.37159,0.49293,0.45982,0.50362,0.48658,0.53544,0.33109,0.34071,0.32395,0.3287,0.37294,0.3961,0.26077,0.29542,0.22879,0.15666,0.28283,0.13097,0.43644,0.42987,0.45325,0.40755,0.20746,0.10232,0.22526,0.12325,0.51387,0.508,0.088575,0.072405,0.38704,0.38952,0.40287,0.46162,0.45278,0.47024,0.50737,0.47076,0.36089,0.36485,0.33154,0.33326,0.48168,0.47476,0.54231,0.52253,0.56631,0.67924,0.34932,0.3895,0.28021,0.38078,0.32373,0.38808,0.35119,0.31541,0.31688,0.27007,0.4514,0.40927,0.39983,0.42579,0.44876,0.37521,0.32908,0.23362,0.42119,0.27847,0.33111,0.19634,0.37112,0.26891,0.36571,0.40295,0.36105,0.44657,0.30174,0.368,0.3174,0.10701
0.15304,0.32181,0.52946,0.38024,0.15978,0.11387,0.30505,0.3534,0.070558,0.045623,0.14587,0.2635,0.051892,0.089053,0.11786,0.3386,0.33693,0.33945,0.46628,0.46467,0.36601,0.52716,0.54841,0.59443,0.4557,0.69801,0.25635,0.32732,0.59299,0.56343,1,0.91334,0.44066,0.52881,0.31444,0.46979,0.31481,0.42621,0.37896,0.45263,0.48433,0.51245,0.3364,0.32576,0.40371,0.33348,0.33822,0.37783,0.20042,0.19597,0.028906,-0.012245,0.04834,0.17534,0.31533,0.31894,0.20844,0.20385,0.051104,-0.06965,-0.016274,-0.13494,0.23236,0.16294,-0.039359,-0.07535,0.5057,0.46377,0.2349,0.23792,0.39007,0.36624,0.3791,0.28963,0.29651,0.25303,0.19848,0.19304,0.17239,0.17701,0.30018,0.32477,0.42805,0.39288,0.19053,0.32564,0.19164,0.26707,0.077736,0.15962,0.24804,0.25837,0.20972,0.19448,0.25351,0.24716,0.43347,0.34672,0.41217,0.33076,0.25219,0.18775,0.28698,0.22332,0.19148,0.082539,0.29574,0.075065,0.080637,0.20534,0.31234,0.3352,0.23654,0.24452,0.14652,0.060935
0.20737,0.28482,0.4812,0.41702,0.17234,0.14579,0.30692,0.40821,0.061089,0.077458,0.2264,0.34421,0.10837,0.16028,0.11759,0.32924,0.32938,0.31688,0.4817,0.47911,0.35943,0.51064,0.55133,0.63753,0.43452,0.64705,0.25802,0.34398,0.5846,0.5809,0.91334,1,0.43149,0.54919,0.34939,0.485,0.31117,0.44791,0.34737,0.44054,0.48409,0.53826,0.24791,0.22603,0.3054,0.22568,0.24337,0.28119,0.10825,0.12363,0.012734,-0.0068157,0.07266,0.14488,0.27246,0.26266,0.17437,0.13955,0.0072227,-0.080249,0.0076149,-0.087231,0.206,0.16123,0.01554,-0.017628,0.46456,0.44218,0.20088,0.18451,0.38542,0.36635,0.3742,0.29397,0.2905,0.2799,0.24279,0.23958,0.16289,0.1587,0.28744,0.30045,0.41821,0.4317,0.22137,0.34495,0.21608,0.28104,0.12036,0.17642,0.23339,0.21974,0.22367,0.192,0.19568,0.20884,0.31599,0.24851,0.31981,0.24486,0.19635,0.1995,0.23443,0.20268,0.15083,0.091174,0.29375,0.059673,0.041166,0.19624,0.24447,0.26977,0.19941,0.16993,0.10878,0.042207
0.57625,0.4653,0.56529,0.68025,0.47529,0.51612,0.57711,0.63056,0.54195,0.53895,0.4493,0.36499,0.43543,0.4232,0.34152,0.28115,0.53981,0.46332,0.54367,0.66215,0.2158,0.14877,0.38807,0.38067,0.20682,0.27335,0.23262,0.22269,0.47978,0.51522,0.44066,0.43149,1,0.89937,0.68711,0.6855,0.42356,0.38258,0.47835,0.34933,0.31109,0.31148,0.27676,0.23141,0.29501,0.29703,0.24803,0.28856,0.26754,0.33359,0.35177,0.30331,0.37015,0.16798,0.36122,0.30687,0.44243,0.42215,0.51353,0.40201,0.53501,0.41899,0.56639,0.55801,0.47983,0.49107,0.61224,0.65744,0.54193,0.51012,0.43241,0.43533,0.57283,0.49893,0.39274,0.36088,0.47833,0.49415,0.29518,0.31878,0.30079,0.24112,0.36896,0.33287,0.35059,0.30551,0.36505,0.21967,0.50731,0.4788,0.46963,0.44541,0.48402,0.53464,0.33234,0.4121,0.44877,0.48142,0.35324,0.33628,0.55631,0.53542,0.55175,0.44989,0.42416,0.36212,0.57267,0.40133,0.23781,0.29297,0.49157,0.5261,0.58656,0.42891,0.34328,0.16338
0.57639,0.55088,0.48352,0.64233,0.40302,0.39984,0.46776,0.58363,0.41106,0.43795,0.42763,0.41473,0.37089,0.38531,0.30128,0.28951,0.55906,0.52287,0.61913,0.78783,0.24561,0.20602,0.43025,0.42871,0.24655,0.28306,0.2329,0.21603,0.55664,0.62498,0.52881,0.54919,0.89937,1,0.64316,0.69404,0.44313,0.47307,0.4669,0.41144,0.40932,0.41743,0.31936,0.27493,0.32538,0.32708,0.29181,0.33435,0.26052,0.33347,0.26823,0.2431,0.34383,0.18388,0.34784,0.31514,0.45145,0.44204,0.38827,0.29471,0.39954,0.30043,0.46707,0.47683,0.35355,0.33419,0.5669,0.63835,0.56732,0.55387,0.45514,0.44526,0.61881,0.53263,0.42972,0.40918,0.55324,0.57125,0.30238,0.33978,0.32078,0.28086,0.39607,0.39157,0.32302,0.29091,0.34362,0.23912,0.39978,0.40575,0.45475,0.41125,0.41975,0.46409,0.37013,0.44043,0.46957,0.46301,0.37265,0.35375,0.49888,0.44013,0.53123,0.39721,0.38683,0.34232,0.53283,0.32451,0.26714,0.36527,0.47208,0.53991,0.52795,0.42141,0.32952,0.16391
0.66417,0.46506,0.60582,0.63159,0.6051,0.56579,0.61722,0.61239,0.46944,0.42407,0.61384,0.40063,0.47391,0.35728,0.49532,0.38164,0.43689,0.32252,0.5437,0.40582,0.2377,0.032944,0.6618,0.60009,0.49451,0.28998,0.49835,0.47238,0.31495,0.29082,0.31444,0.34939,0.68711,0.64316,1,0.87476,0.43436,0.32852,0.42432,0.27732,0.25674,0.16337,0.44312,0.37864,0.46496,0.41796,0.32455,0.39117,0.30416,0.36224,0.25762,0.20688,0.37181,0.33176,0.26664,0.25604,0.4814,0.40145,0.3967,0.31594,0.48678,0.32714,0.35355,0.31905,0.6032,0.5057,0.79336,0.79109,0.20587,0.24299,0.49323,0.40329,0.39266,0.33426,0.30135,0.25556,0.41534,0.40973,0.3476,0.33676,0.40121,0.31025,0.46402,0.37726,0.56808,0.4969,0.59286,0.44383,0.48036,0.51281,0.59014,0.60389,0.59507,0.62278,0.18754,0.20984,0.19943,0.26529,0.36316,0.37955,0.41445,0.50773,0.40843,0.40119,0.37895,0.36004,0.38745,0.22918,0.096959,0.17758,0.31307,0.50479,0.5492,0.27512,0.29052,0.15978
0.52144,0.46365,0.53898,0.55417,0.46751,0.41024,0.49264,0.52705,0.34607,0.33082,0.43333,0.30682,0.31848,0.24248,0.34482,0.3176,0.39112,0.32131,0.57107,0.51188,0.25279,0.201,0.58702,0.5488,0.42361,0.37106,0.38397,0.39109,0.39675,0.3595,0.46979,0.485,0.6855,0.69404,0.87476,1,0.52577,0.52543,0.48561,0.44084,0.3845,0.36702,0.48132,0.42606,0.51681,0.45101,0.37891,0.45753,0.28249,0.32282,0.15901,0.11831,0.27341,0.27366,0.29793,0.32161,0.45873,0.37684,0.2481,0.13203,0.29318,0.15847,0.2553,0.19075,0.41672,0.36488,0.7994,0.84136,0.32278,0.34324,0.46308,0.43,0.43923,0.40536,0.33255,0.34175,0.51046,0.51322,0.28467,0.27881,0.32244,0.2822,0.41147,0.34656,0.41083,0.38647,0.45722,0.36865,0.34498,0.39194,0.56279,0.56205,0.55243,0.56095,0.23631,0.30451,0.37465,0.39928,0.4285,0.41901,0.43793,0.47524,0.43915,0.40256,0.37318,0.36624,0.44065,0.21622,0.096086,0.25672,0.47739,0.57457,0.56205,0.36001,0.33896,0.12517
0.4714,0.40808,0.42004,0.52374,0.48027,0.37242,0.30765,0.45574,0.27058,0.34455,0.31901,0.35382,0.2848,0.36962,0.36068,0.30502,0.33746,0.31204,0.46805,0.45745,0.56321,0.43025,0.41194,0.37533,0.16464,0.04705,0.36508,0.42606,0.45073,0.37159,0.31481,0.31117,0.42356,0.44313,0.43436,0.52577,1,0.7947,0.80932,0.76669,0.67986,0.55943,0.25014,0.22914,0.1998,0.20429,0.22588,0.29113,0.11625,0.1723,0.13301,0.17767,0.34204,0.29878,0.56885,0.56014,0.36057,0.23682,0.087761,0.050394,0.15211,0.10114,0.23612,0.1612,0.14758,0.16834,0.35086,0.38662,0.30495,0.27563,0.30143,0.31829,0.27946,0.22395,0.17178,0.21193,0.48484,0.46888,0.21892,0.17581,0.33624,0.28444,0.44361,0.4136,0.35025,0.38321,0.39194,0.48909,0.41,0.47861,0.51057,0.41803,0.48336,0.34101,0.26528,0.3032,0.35286,0.40585,0.38335,0.41036,0.30707,0.25096,0.33401,0.25569,0.31362,0.29922,0.37981,0.20649,0.19269,0.31877,0.45777,0.49477,0.48145,0.23449,0.38337,0.1122
0.30062,0.38743,0.32496,0.41501,0.33914,0.22925,0.16707,0.34131,0.12563,0.21514,0.15253,0.26926,0.1353,0.24842,0.20627,0.26617,0.31793,0.32386,0.42887,0.52304,0.54934,0.52049,0.35392,0.37282,0.15423,0.11356,0.26874,0.38226,0.52766,0.49293,0.42621,0.44791,0.38258,0.47307,0.32852,0.52543,0.7947,1,0.71749,0.86714,0.66013,0.7156,0.24649,0.23547,0.23097,0.22137,0.25144,0.32415,0.10685,0.14944,0.054566,0.094662,0.26431,0.23077,0.55112,0.58112,0.3284,0.21859,-0.036221,-0.11824,-0.0064074,-0.073454,0.13623,0.067476,-0.0064901,-0.01195,0.35121,0.39951,0.41165,0.41102,0.27384,0.31352,0.31285,0.28337,0.21604,0.24019,0.50997,0.50516,0.21389,0.1543,0.28441,0.28203,0.37214,0.40053,0.23172,0.31068,0.25742,0.43971,0.23813,0.33708,0.41287,0.3131,0.36975,0.23744,0.37907,0.39879,0.43397,0.44839,0.38502,0.37645,0.20369,0.18968,0.32393,0.19868,0.29279,0.31067,0.37906,0.12806,0.25395,0.39853,0.48504,0.48838,0.40047,0.24557,0.34506,0.045955
0.45878,0.44601,0.51504,0.57746,0.55846,0.4801,0.38457,0.52408,0.32896,0.40486,0.31506,0.32056,0.31196,0.37048,0.39047,0.38356,0.39485,0.38667,0.45332,0.47805,0.67737,0.5059,0.44459,0.42075,0.20828,0.14313,0.39713,0.47885,0.54146,0.45982,0.37896,0.34737,0.47835,0.4669,0.42432,0.48561,0.80932,0.71749,1,0.85106,0.67031,0.53792,0.25766,0.25448,0.25795,0.25995,0.28658,0.34379,0.18831,0.25735,0.22396,0.20619,0.32642,0.22635,0.63121,0.64266,0.38297,0.32198,0.19326,0.13218,0.2445,0.12023,0.3054,0.3015,0.1792,0.20521,0.42868,0.46066,0.33987,0.35328,0.25213,0.23757,0.26465,0.19537,0.14046,0.14366,0.32135,0.30665,0.23227,0.23312,0.35277,0.34327,0.57681,0.51376,0.34463,0.42095,0.47547,0.57476,0.4302,0.5325,0.42817,0.33972,0.43484,0.28571,0.36864,0.45112,0.41308,0.48726,0.38092,0.39092,0.30954,0.18291,0.33216,0.17474,0.31885,0.25037,0.35225,0.25627,0.28951,0.36805,0.39021,0.47241,0.39085,0.24271,0.353,0.14824
0.26834,0.42669,0.39201,0.44485,0.36192,0.26411,0.17748,0.36625,0.099362,0.20787,0.12223,0.25727,0.10044,0.23431,0.2298,0.31843,0.34887,0.37795,0.40615,0.50253,0.64774,0.59404,0.38346,0.39703,0.17352,0.14316,0.29023,0.4306,0.55037,0.50362,0.45263,0.44054,0.34933,0.41144,0.27732,0.44084,0.76669,0.86714,0.85106,1,0.67866,0.69955,0.31226,0.32325,0.33712,0.32101,0.36039,0.41989,0.22378,0.25066,0.10779,0.090526,0.22367,0.16205,0.64312,0.69413,0.32698,0.26512,0.01933,-0.094664,-0.039261,-0.12918,0.17827,0.11962,-0.065011,-0.054313,0.39953,0.41992,0.42284,0.43987,0.21641,0.22112,0.23504,0.19528,0.10833,0.15964,0.31911,0.31024,0.227,0.20558,0.34033,0.36508,0.48149,0.48512,0.25359,0.36959,0.3422,0.53989,0.22678,0.34044,0.33122,0.24422,0.29853,0.14383,0.41433,0.4578,0.46717,0.5023,0.42327,0.40968,0.16925,0.082221,0.25272,0.10289,0.28745,0.21917,0.30048,0.13855,0.29967,0.39276,0.40891,0.4654,0.31245,0.23659,0.35759,0.10598
0.3262,0.43982,0.40517,0.43325,0.29888,0.20869,0.25521,0.37689,0.12668,0.23807,0.17412,0.29742,0.15175,0.23245,0.19046,0.28041,0.36625,0.37392,0.46463,0.51654,0.56509,0.5208,0.39987,0.39765,0.18471,0.20012,0.28726,0.35476,0.54316,0.48658,0.48433,0.48409,0.31109,0.40932,0.25674,0.3845,0.67986,0.66013,0.67031,0.67866,1,0.74192,0.14391,0.14329,0.16888,0.14472,0.17225,0.2343,0.057307,0.08296,0.02536,0.015554,0.17262,0.14355,0.41373,0.41667,0.32485,0.27841,0.026494,-0.057589,0.02455,-0.075279,0.25764,0.15741,-0.036461,-0.026555,0.28111,0.26386,0.2978,0.23845,0.23076,0.21394,0.33937,0.24491,0.17859,0.17462,0.26449,0.2412,0.2028,0.12519,0.34216,0.3115,0.41784,0.41503,0.2562,0.32627,0.27399,0.43962,0.23991,0.30517,0.31329,0.26013,0.36035,0.20056,0.14904,0.17025,0.33644,0.3018,0.33059,0.31041,0.20104,0.12702,0.19545,0.13604,0.099418,0.078789,0.2589,0.16694,0.075446,0.19175,0.33172,0.36803,0.30397,0.16156,0.1182,-0.015712
0.19815,0.33849,0.31629,0.34093,0.14314,0.083402,0.18683,0.30242,0.050145,0.14621,0.087475,0.28219,0.073367,0.18821,0.088305,0.24569,0.27774,0.34587,0.38708,0.48326,0.46599,0.59907,0.31718,0.35443,0.17003,0.25483,0.15998,0.26321,0.54387,0.53544,0.51245,0.53826,0.31148,0.41743,0.16337,0.36702,0.55943,0.7156,0.53792,0.69955,0.74192,1,0.11568,0.10049,0.14578,0.1125,0.16832,0.21166,0.047604,0.0729,0.024349,0.038775,0.16618,0.11905,0.40779,0.41176,0.25865,0.2124,-0.03548,-0.10839,-0.046161,-0.11616,0.20377,0.13276,-0.047584,-0.086335,0.24128,0.24309,0.30317,0.28317,0.29801,0.33698,0.44153,0.42067,0.32004,0.30042,0.32848,0.30961,0.12524,0.072459,0.22316,0.2381,0.35654,0.39979,0.18451,0.25963,0.19677,0.33375,0.1739,0.22794,0.25792,0.22836,0.28021,0.18785,0.2625,0.30063,0.387,0.35375,0.33075,0.26907,0.20996,0.16748,0.25959,0.19159,0.15759,0.14831,0.33452,0.15108,0.14257,0.31386,0.3814,0.33609,0.28594,0.23703,0.18304,-0.061723
0.24509,0.53346,0.37722,0.27464,0.24255,0.13889,0.17496,0.23456,0.023084,0.026836,0.2093,0.16792,0.11421,0.086235,0.36364,0.47939,0.41697,0.42924,0.38579,0.33085,0.1556,0.074462,0.51855,0.45942,0.49447,0.38553,0.33311,0.3078,0.37873,0.33109,0.3364,0.24791,0.27676,0.31936,0.44312,0.48132,0.25014,0.24649,0.25766,0.31226,0.14391,0.11568,1,0.96286,0.91679,0.92541,0.94907,0.9408,0.81062,0.69873,0.29532,0.094828,0.2609,0.34314,0.44917,0.48226,0.51634,0.49192,0.20632,-0.020402,-0.0077625,-0.16726,0.17529,0.043971,-0.050363,-0.14719,0.62481,0.56632,0.3231,0.45097,0.42944,0.42822,0.24586,0.24112,0.21168,0.25251,0.27504,0.26896,0.37422,0.46562,0.49968,0.44054,0.44329,0.3795,0.33484,0.29985,0.39326,0.37138,0.039526,0.131,0.50695,0.44105,0.23206,0.24782,0.4321,0.39415,0.43107,0.425,0.71928,0.73816,0.25795,0.25114,0.40724,0.34287,0.39277,0.36147,0.21865,0.10117,0.33378,0.35336,0.30283,0.69076,0.37341,0.49468,0.49787,0.18409
