1,0.75228,0.59672,0.6172,0.61036,0.58281,0.62356,0.6007,0.48458,0.42477,0.55677,0.57873,0.39259,0.4035,0.3664,0.44508,0.51149,0.42854,0.73491,0.60771,0.16636,0.040246,0.47448,0.30933,0.3572,0.21476,0.44119,0.24443,0.48543,0.50549,0.41516,0.25987,0.73412,0.71246,0.53085,0.56343,0.39306,0.37002,0.30741,0.2921,0.090461,0.20028,0.45674,0.3908,0.38993,0.41458,0.43572,0.49436,0.55598,0.61551,0.53908,0.49368,0.49004,0.56033,0.50285,0.44462,0.80723,0.69699,0.7103,0.64101,0.54438,0.50641,0.49286,0.57955,0.29954,0.32943,0.55503,0.49565,0.53577,0.46233,0.4203,0.44213,0.2922,0.29678,0.33753,0.51126,0.56316,0.51083,0.24025,0.32243,0.07092,0.095007,0.30581,0.19561,0.18209,0.19886,0.19485,0.28069,0.57538,0.60644,0.4493,0.40998,0.42214,0.47616,0.2507,0.22158,0.41807,0.39772,0.47317,0.48321,0.52862,0.56483,0.59241,0.59516,0.42879,0.41027,0.54057,0.51948,0.22362,0.36404,0.41587,0.37399,0.52954,0.59884,0.48292,0.098455
0.75228,1,0.43057,0.57711,0.46849,0.45001,0.42769,0.51553,0.39334,0.36685,0.25719,0.48452,0.23224,0.25093,0.27917,0.35418,0.56129,0.53572,0.62881,0.69116,0.13504,0.078896,0.33295,0.22615,0.23553,0.16899,0.27373,0.10342,0.47275,0.48292,0.27761,0.1487,0.60763,0.61173,0.38027,0.448,0.46676,0.40348,0.33239,0.32223,0.15769,0.23663,0.59131,0.54243,0.54681,0.59485,0.55678,0.61359,0.65049,0.64382,0.49153,0.47133,0.43051,0.45789,0.53523,0.51393,0.77203,0.88658,0.60414,0.54672,0.29617,0.32578,0.50289,0.62203,0.22556,0.25627,0.59462,0.52817,0.71044,0.63562,0.35584,0.37384,0.28327,0.3273,0.27387,0.44277,0.61783,0.62033,0.30167,0.35634,0.12267,0.075801,0.31869,0.19613,0.11092,0.1304,0.26551,0.27639,0.40245,0.46946,0.38197,0.33226,0.39768,0.41669,0.36009,0.31335,0.62306,0.51636,0.53799,0.43409,0.52696,0.54648,0.64434,0.58179,0.44831,0.47156,0.58484,0.55128,0.28136,0.47406,0.51675,0.44855,0.59525,0.75812,0.61522,0.14324
0.59672,0.43057,1,0.78695,0.71494,0.62041,0.88456,0.6734,0.63665,0.46685,0.55437,0.44826,0.63466,0.51425,0.61093,0.62742,0.34959,0.20923,0.62299,0.36705,0.30567,0.13629,0.83713,0.70357,0.67917,0.59671,0.56407,0.55294,0.305,0.38634,0.68006,0.43046,0.73519,0.65971,0.75814,0.70302,0.34884,0.36093,0.3169,0.34706,0.04459,0.19442,0.38248,0.37446,0.32689,0.34487,0.32954,0.45743,0.30261,0.42951,0.29261,0.34201,0.23335,0.4445,0.40355,0.40288,0.44136,0.45272,0.56323,0.58541,0.61346,0.58501,0.46999,0.47684,0.62614,0.61761,0.65153,0.62646,0.29748,0.33419,0.56657,0.59223,0.25965,0.28772,0.43079,0.54112,0.42924,0.35042,0.27551,0.26008,0.18141,0.22646,0.46417,0.27771,0.43733,0.38646,0.25234,0.33438,0.57856,0.57507,0.57478,0.60976,0.66133,0.73863,0.26704,0.19896,0.33895,0.29255,0.3648,0.33541,0.61583,0.65885,0.54345,0.60016,0.4939,0.57278,0.45521,0.50734,0.24041,0.28807,0.30319,0.23167,0.37021,0.39687,0.41879,0.26963
0.6172,0.57711,0.78695,1,0.60188,0.60783,0.77913,0.77403,0.52327,0.44301,0.43402,0.4589,0.41765,0.41414,0.39363,0.48565,0.38415,0.28385,0.61776,0.53917,0.38887,0.31216,0.67582,0.65545,0.51342,0.55998,0.48282,0.47218,0.43546,0.47823,0.64413,0.5127,0.74668,0.71582,0.68537,0.72912,0.4899,0.50098,0.42388,0.47093,0.17037,0.31791,0.44756,0.42725,0.44418,0.4432,0.39312,0.523,0.408,0.4724,0.31772,0.32842,0.25569,0.36068,0.42231,0.38173,0.54654,0.55583,0.57256,0.56327,0.49574,0.50572,0.41445,0.55995,0.5096,0.58746,0.6847,0.6757,0.45402,0.47771,0.52984,0.60216,0.34512,0.38073,0.4379,0.5616,0.54898,0.52427,0.2267,0.25718,0.12854,0.14625,0.32964,0.32594,0.2937,0.33325,0.20509,0.29091,0.48724,0.51919,0.65039,0.58185,0.71863,0.69426,0.26504,0.2742,0.46205,0.39757,0.51376,0.41007,0.69353,0.64623,0.65404,0.63834,0.54359,0.60135,0.58706,0.63444,0.23939,0.31306,0.46552,0.44312,0.55917,0.52748,0.54166,0.15389
0.61036,0.46849,0.71494,0.60188,1,0.80111,0.70464,0.62453,0.83012,0.70528,0.49983,0.48994,0.50087,0.42496,0.51309,0.59508,0.29268,0.30023,0.55719,0.42226,0.13088,-0.11506,0.64888,0.47585,0.60221,0.40361,0.75807,0.57815,0.22231,0.38588,0.46986,0.23099,0.64838,0.61013,0.61148,0.57122,0.28872,0.2296,0.19893,0.17345,-0.098247,0.047184,0.43547,0.41672,0.37508,0.4036,0.3561,0.45882,0.38436,0.45772,0.36477,0.35389,0.27943,0.41646,0.34363,0.33708,0.49346,0.4712,0.58967,0.60035,0.57339,0.54363,0.43064,0.51346,0.50745,0.47543,0.58322,0.55973,0.40093,0.43498,0.3951,0.44761,0.1964,0.24025,0.29003,0.44382,0.42282,0.3766,0.21981,0.2809,0.066872,0.10818,0.29154,0.038485,0.28131,0.22805,0.08723,0.10708,0.57154,0.52034,0.47619,0.40122,0.49768,0.56037,0.19166,0.093958,0.30703,0.31498,0.32028,0.32313,0.54494,0.52601,0.5344,0.50923,0.40953,0.38993,0.40793,0.37192,0.20967,0.31729,0.34996,0.27957,0.3988,0.47443,0.42913,0.20549
0.58281,0.45001,0.62041,0.60783,0.80111,1,0.6712,0.7198,0.69181,0.75145,0.50722,0.50138,0.46705,0.46963,0.41547,0.60566,0.25184,0.25231,0.57679,0.52606,0.12563,-0.043883,0.59448,0.44091,0.47046,0.36538,0.74877,0.61403,0.24644,0.42537,0.45456,0.27512,0.67043,0.63266,0.52009,0.52977,0.3063,0.26614,0.21636,0.24629,-0.02686,0.067692,0.46153,0.42865,0.40914,0.42093,0.39975,0.49885,0.36736,0.43161,0.33863,0.35103,0.27007,0.38573,0.35162,0.35194,0.45024,0.40573,0.51583,0.56073,0.50093,0.55302,0.40796,0.44458,0.4139,0.43874,0.54432,0.53509,0.44368,0.49606,0.39366,0.4259,0.23839,0.26903,0.28976,0.44905,0.41779,0.37236,0.2003,0.24451,0.11947,0.16435,0.28287,0.1216,0.28892,0.2599,0.074654,0.12639,0.52171,0.497,0.52705,0.45796,0.53774,0.52935,0.17562,0.075088,0.36459,0.38196,0.39535,0.39708,0.5301,0.47401,0.49584,0.44958,0.31547,0.3347,0.37716,0.42007,0.14971,0.28695,0.44629,0.39281,0.44969,0.45321,0.40086,0.076566
0.62356,0.42769,0.88456,0.77913,0.70464,0.6712,1,0.80637,0.6517,0.5115,0.68296,0.57684,0.67513,0.59701,0.472,0.6128,0.32247,0.16782,0.63922,0.40403,0.34524,0.15302,0.6915,0.55285,0.5387,0.46545,0.53001,0.4734,0.40492,0.44496,0.61945,0.42218,0.7487,0.68604,0.71316,0.69983,0.35114,0.36019,0.28679,0.33631,0.055907,0.20786,0.41676,0.37787,0.36227,0.35734,0.37211,0.4686,0.36091,0.46568,0.39541,0.38536,0.35356,0.51911,0.44656,0.3878,0.40619,0.39929,0.63073,0.64979,0.72,0.69139,0.44986,0.5128,0.59202,0.62161,0.65747,0.63485,0.3222,0.35078,0.59104,0.61581,0.27248,0.27754,0.38271,0.51931,0.46571,0.372,0.24783,0.23864,0.14615,0.17358,0.39502,0.29629,0.35617,0.32628,0.17601,0.29548,0.66199,0.62453,0.63616,0.63365,0.63744,0.72854,0.27561,0.24321,0.31534,0.31782,0.43258,0.3784,0.64146,0.67711,0.5815,0.61679,0.47573,0.50626,0.47375,0.5417,0.23349,0.24795,0.31043,0.28917,0.45868,0.43575,0.45697,0.1663
0.6007,0.51553,0.6734,0.77403,0.62453,0.7198,0.80637,1,0.58989,0.61193,0.58572,0.70136,0.54309,0.67132,0.30645,0.56028,0.36682,0.25863,0.65476,0.59884,0.29019,0.14566,0.49204,0.39692,0.39247,0.37945,0.45374,0.40633,0.44466,0.57425,0.45915,0.32587,0.70272,0.69244,0.54937,0.60766,0.4306,0.43352,0.26566,0.35939,0.13294,0.27886,0.47533,0.43503,0.4216,0.41837,0.42233,0.513,0.41269,0.44351,0.41576,0.38776,0.3662,0.45592,0.46453,0.40156,0.42419,0.39464,0.59561,0.62547,0.61428,0.68664,0.55685,0.65477,0.51536,0.59485,0.63264,0.6272,0.45195,0.52123,0.53868,0.60719,0.32054,0.34192,0.35721,0.47508,0.55221,0.51538,0.26881,0.2528,0.23097,0.1806,0.36356,0.34246,0.35505,0.35948,0.18588,0.31622,0.63385,0.6345,0.71705,0.62481,0.70011,0.68888,0.27816,0.21916,0.41587,0.39283,0.53024,0.44473,0.75093,0.68821,0.70047,0.6628,0.50783,0.52263,0.57309,0.60277,0.22545,0.34721,0.45692,0.41977,0.57672,0.53573,0.52014,0.10847
0.48458,0.39334,0.63665,0.52327,0.83012,0.69181,0.6517,0.58989,1,0.75031,0.45642,0.4336,0.61044,0.4581,0.55668,0.60291,0.21932,0.26359,0.40626,0.29919,0.025631,-0.07818,0.54557,0.46847,0.54743,0.41677,0.58658,0.57856,0.041128,0.23282,0.30407,0.11873,0.48884,0.4202,0.54633,0.46296,0.069523,0.047356,0.016344,0.021018,-0.16314,-0.013424,0.38066,0.36637,0.32805,0.36359,0.32698,0.38776,0.38519,0.44135,0.35389,0.34445,0.27891,0.41237,0.34131,0.27828,0.38766,0.41004,0.52491,0.55056,0.63615,0.60595,0.42503,0.48141,0.55298,0.54305,0.49234,0.4579,0.27359,0.28011,0.28923,0.36387,0.039696,0.12175,0.17364,0.33074,0.22513,0.20037,0.11166,0.20843,0.021373,0.089487,0.26286,0.050316,0.3613,0.26767,0.11935,0.15095,0.58603,0.53782,0.39915,0.36389,0.48588,0.52138,0.13625,0.068206,0.25912,0.22405,0.25183,0.23271,0.48786,0.50683,0.46096,0.44606,0.38564,0.37512,0.36048,0.33677,0.13771,0.2586,0.27626,0.17274,0.31971,0.42089,0.36995,0.1952
0.42477,0.36685,0.46685,0.44301,0.70528,0.75145,0.5115,0.61193,0.75031,1,0.32389,0.43566,0.51786,0.51119,0.45933,0.61192,0.20111,0.18642,0.38673,0.37264,0.016158,-0.10407,0.42759,0.38981,0.4912,0.41048,0.60009,0.59081,0.04824,0.21169,0.19181,0.014443,0.48386,0.39248,0.47047,0.42386,0.16759,0.091201,0.056621,0.061247,-0.087288,0.0085606,0.4038,0.37091,0.34331,0.36559,0.29542,0.36741,0.3406,0.34404,0.30966,0.27349,0.2118,0.33549,0.28112,0.21642,0.34621,0.3407,0.43983,0.48867,0.51682,0.55196,0.48448,0.45229,0.52928,0.51988,0.50522,0.4937,0.33543,0.40381,0.22537,0.30788,0.091908,0.16674,0.13467,0.3065,0.27359,0.26605,0.11588,0.16463,0.10236,0.080959,0.1879,-0.012152,0.3519,0.27342,0.14973,0.068509,0.50219,0.40347,0.3705,0.31968,0.50691,0.43985,0.10559,0.020275,0.26641,0.24628,0.1997,0.20231,0.4888,0.41515,0.43246,0.35191,0.26803,0.27066,0.32061,0.28196,0.065081,0.2986,0.37787,0.23313,0.37988,0.42094,0.36455,0.05048
0.55677,0.25719,0.55437,0.43402,0.49983,0.50722,0.68296,0.58572,0.45642,0.32389,1,0.6073,0.56123,0.49688,0.27456,0.41444,0.25272,0.15426,0.55072,0.36165,0.36955,0.19113,0.47193,0.25193,0.23177,0.12245,0.39517,0.26507,0.46351,0.53698,0.41679,0.34817,0.48433,0.50057,0.36997,0.36942,0.23495,0.34085,0.24218,0.30597,0.083302,0.21817,0.068308,0.025322,0.014566,0.024459,0.094737,0.14933,0.13693,0.22131,0.26324,0.23188,0.28124,0.37804,0.25719,0.20608,0.24548,0.16084,0.39388,0.39061,0.55397,0.56192,0.20587,0.34249,0.18303,0.25644,0.2102,0.20022,0.18396,0.17046,0.43972,0.45717,0.26089,0.28347,0.30338,0.45877,0.33286,0.27477,0.19772,0.17204,0.024911,0.054254,0.27323,0.26553,0.13902,0.11753,0.027188,0.16798,0.48691,0.44641,0.41435,0.42863,0.31429,0.41692,0.19722,0.25189,0.047388,0.16422,0.24929,0.22494,0.3348,0.35272,0.33076,0.32617,0.23167,0.26141,0.27101,0.29568,0.1973,0.016846,0.11538,0.17075,0.28517,0.18026,0.17875,0.13977
0.57873,0.48452,0.44826,0.4589,0.48994,0.50138,0.57684,0.70136,0.4336,0.43566,0.6073,1,0.46473,0.67185,0.22814,0.41377,0.27423,0.33488,0.4669,0.42005,0.19448,-0.04483,0.24859,0.1054,0.19673,0.096508,0.30076,0.203,0.36572,0.55321,0.21683,0.10153,0.4843,0.50509,0.38467,0.40947,0.22902,0.32228,0.05777,0.081634,-0.020235,0.10557,0.28489,0.23756,0.19949,0.239,0.313,0.31628,0.41596,0.49117,0.60653,0.55389,0.61142,0.62218,0.5174,0.43455,0.36968,0.35286,0.65167,0.66931,0.58561,0.67324,0.43696,0.58462,0.31259,0.39801,0.41234,0.39766,0.31694,0.34902,0.35327,0.40842,0.15983,0.20004,0.17582,0.28994,0.4074,0.37741,0.16347,0.18939,0.10693,0.054884,0.19298,0.097967,0.17076,0.21552,-0.046494,0.21851,0.63866,0.70196,0.49881,0.425,0.37025,0.41129,0.29362,0.25452,0.19193,0.26311,0.3943,0.3503,0.58123,0.56068,0.59211,0.52423,0.39898,0.36773,0.43905,0.32783,0.25445,0.22409,0.20229,0.16455,0.41359,0.44199,0.3601,0.22724
0.39259,0.23224,0.63466,0.41765,0.50087,0.46705,0.67513,0.54309,0.61044,0.51786,0.56123,0.46473,1,0.71094,0.76747,0.75573,0.14069,0.027875,0.38971,0.18447,0.15027,0.050856,0.52554,0.48502,0.57271,0.46609,0.40059,0.50153,0.14947,0.13404,0.25243,0.12505,0.42253,0.31217,0.52847,0.42103,-0.0154,0.047194,-0.0059357,0.028803,-0.11827,0.02725,0.22443,0.22223,0.13821,0.17758,0.18503,0.2247,0.20221,0.27471,0.30312,0.26747,0.24673,0.42336,0.34193,0.23025,0.17294,0.22954,0.42475,0.45599,0.64217,0.61707,0.44177,0.34829,0.56874,0.59218,0.41685,0.41155,0.060056,0.10571,0.27532,0.32834,-0.02545,-0.0069141,0.13733,0.21122,0.11116,0.059323,0.15977,0.14347,0.23384,0.27546,0.42928,0.23292,0.60961,0.50166,0.207,0.30804,0.6497,0.54349,0.43619,0.47847,0.48281,0.54924,0.089559,0.08034,0.071547,0.022197,0.17464,0.14348,0.46181,0.53527,0.3526,0.44166,0.35225,0.35144,0.22663,0.29466,0.040103,0.093348,0.083996,-0.027936,0.19645,0.19281,0.2304,0.1438
0.4035,0.25093,0.51425,0.41414,0.42496,0.46963,0.59701,0.67132,0.4581,0.51119,0.49688,0.67185,0.71094,1,0.49007,0.65302,0.23224,0.076437,0.34473,0.23878,0.14542,-0.036025,0.33,0.35338,0.40796,0.38219,0.3269,0.41233,0.22266,0.30011,0.153,0.019838,0.40626,0.32669,0.45871,0.40872,0.089705,0.15362,-0.036221,0.0099065,-0.093591,0.019368,0.25105,0.23389,0.17586,0.20794,0.23086,0.25956,0.25093,0.30423,0.37503,0.34962,0.32796,0.46119,0.38325,0.3087,0.23832,0.18928,0.50686,0.53395,0.60158,0.63708,0.53278,0.4504,0.54071,0.59299,0.45724,0.46217,0.12133,0.19375,0.31999,0.35199,0.011339,0.036556,0.1168,0.20342,0.20371,0.14614,0.24562,0.17611,0.35475,0.36473,0.31992,0.24455,0.58787,0.58264,0.13828,0.39862,0.64979,0.61256,0.51063,0.52046,0.52704,0.53229,0.22072,0.21918,0.080744,0.1135,0.2761,0.23264,0.60116,0.58998,0.46729,0.47971,0.36091,0.38267,0.25588,0.29472,0.13682,0.1567,0.082056,0.023754,0.24936,0.24167,0.24014,0.18901
0.3664,0.27917,0.61093,0.39363,0.51309,0.41547,0.472,0.30645,0.55668,0.45933,0.27456,0.22814,0.76747,0.49007,1,0.74267,0.13241,0.07596,0.35487,0.17536,0.03497,-0.04795,0.61887,0.61728,0.67413,0.58459,0.51787,0.62162,0.029963,-0.0088196,0.30978,0.12854,0.40066,0.29975,0.52515,0.40135,0.0095899,0.037721,0.030168,0.042987,-0.097384,-0.025459,0.21286,0.24232,0.13036,0.19249,0.14316,0.22721,0.16276,0.23671,0.18203,0.199,0.10548,0.28143,0.21904,0.17992,0.27757,0.33626,0.32493,0.36951,0.44318,0.41393,0.45109,0.25975,0.53802,0.52287,0.40342,0.40489,0.099341,0.12781,0.21118,0.24453,-0.020914,0.0044943,0.2097,0.28127,0.098475,0.07359,0.14613,0.18148,0.22119,0.31764,0.52801,0.17087,0.5842,0.46335,0.22625,0.27374,0.42762,0.38436,0.32413,0.34754,0.45071,0.48033,0.1033,0.015753,0.15893,0.05777,0.11652,0.097591,0.37182,0.41495,0.28981,0.3391,0.2796,0.35429,0.1831,0.23454,0.08522,0.22796,0.13513,0.018364,0.15896,0.19144,0.20798,0.20613
0.44508,0.35418,0.62742,0.48565,0.59508,0.60566,0.6128,0.56028,0.60291,0.61192,0.41444,0.41377,0.75573,0.65302,0.74267,1,0.15218,0.031212,0.45046,0.32384,0.1578,0.067661,0.59681,0.58766,0.57784,0.49945,0.52387,0.54145,0.21735,0.22883,0.33829,0.18318,0.51339,0.39685,0.53622,0.429,0.14068,0.15473,0.13516,0.15377,-0.05551,0.047446,0.33304,0.32497,0.27321,0.31437,0.2678,0.32623,0.25989,0.32875,0.26754,0.27266,0.19952,0.35149,0.35396,0.26931,0.32569,0.33878,0.43074,0.4559,0.52775,0.52395,0.44926,0.34792,0.57726,0.57292,0.51733,0.52022,0.21322,0.25967,0.31613,0.37417,0.0462,0.077047,0.1936,0.34265,0.25446,0.21096,0.16208,0.13836,0.19159,0.20555,0.49219,0.30995,0.51741,0.45369,0.20673,0.26442,0.58588,0.45854,0.45313,0.44979,0.56919,0.57293,0.14114,0.073289,0.24437,0.14563,0.24713,0.22539,0.53895,0.53338,0.44475,0.47558,0.41082,0.45233,0.32868,0.38855,0.12638,0.22034,0.22793,0.13791,0.30724,0.33417,0.38028,0.17787
0.51149,0.56129,0.34959,0.38415,0.29268,0.25184,0.32247,0.36682,0.21932,0.20111,0.25272,0.27423,0.14069,0.23224,0.13241,0.15218,1,0.71677,0.39261,0.38571,0.019363,-0.059773,0.27664,0.23801,0.20603,0.20761,0.18421,0.15116,0.47392,0.50371,0.21096,0.16239,0.369,0.41648,0.27354,0.30321,0.34543,0.36654,0.19923,0.1651,0.12286,0.18278,0.37994,0.34493,0.33168,0.31632,0.35257,0.40582,0.33183,0.26211,0.17624,0.14818,0.16411,0.27636,0.30021,0.32909,0.66179,0.53034,0.28658,0.24594,0.19928,0.20109,0.57887,0.51047,0.26547,0.19461,0.37358,0.33014,0.39181,0.32035,0.29193,0.31057,0.20938,0.2483,0.25882,0.30434,0.39279,0.41364,0.78089,0.74857,0.60172,0.49774,0.4153,0.35649,0.30492,0.27963,0.19449,0.45405,0.28098,0.30612,0.27943,0.29802,0.33822,0.36115,0.19641,0.16295,0.39014,0.32213,0.36488,0.32938,0.39739,0.38586,0.45219,0.39627,0.40628,0.42172,0.29783,0.30514,0.16518,0.32515,0.31484,0.26696,0.26343,0.46522,0.40488,0.18218
0.42854,0.53572,0.20923,0.28385,0.30023,0.25231,0.16782,0.25863,0.26359,0.18642,0.15426,0.33488,0.027875,0.076437,0.07596,0.031212,0.71677,1,0.25097,0.27969,-0.092683,-0.19236,0.19196,0.13408,0.14382,0.091396,0.12521,0.1225,0.31,0.51864,0.1547,0.12253,0.25314,0.34407,0.15516,0.178,0.21174,0.26035,0.054345,0.08242,0.0041242,0.082183,0.33712,0.32981,0.31366,0.32453,0.31283,0.36587,0.35075,0.28943,0.15658,0.12555,0.16843,0.17095,0.1825,0.27824,0.61585,0.59009,0.23524,0.21805,0.098655,0.14793,0.40105,0.56118,0.11564,0.067755,0.24519,0.21184,0.332,0.26962,0.161,0.19527,0.10553,0.13451,0.1554,0.18738,0.22412,0.2647,0.49841,0.70826,0.34058,0.33188,0.27171,0.18125,0.15301,0.14929,0.046566,0.28133,0.19082,0.32272,0.16349,0.15654,0.18647,0.21336,0.03946,-0.0095298,0.31635,0.24139,0.28834,0.31567,0.27258,0.31225,0.3746,0.36547,0.36626,0.31434,0.20316,0.16992,0.077523,0.25072,0.27488,0.21091,0.18901,0.44986,0.40154,0.23445
0.73491,0.62881,0.62299,0.61776,0.55719,0.57679,0.63922,0.65476,0.40626,0.38673,0.55072,0.4669,0.38971,0.34473,0.35487,0.45046,0.39261,0.25097,1,0.83764,0.37959,0.24498,0.52278,0.32112,0.29996,0.2046,0.46081,0.28725,0.54879,0.57659,0.53219,0.39357,0.78087,0.82107,0.46851,0.56164,0.58862,0.56891,0.43405,0.54386,0.29896,0.42969,0.36972,0.33925,0.31982,0.31953,0.32535,0.46177,0.29308,0.34442,0.24931,0.23382,0.179,0.29786,0.31118,0.34303,0.50979,0.48851,0.47994,0.46524,0.43205,0.42959,0.49807,0.45653,0.27771,0.29443,0.51186,0.46324,0.65078,0.61276,0.54967,0.54703,0.44707,0.48171,0.46912,0.58736,0.62129,0.59256,0.28883,0.27581,0.13457,0.097224,0.46273,0.34543,0.18067,0.10327,0.29566,0.25776,0.43471,0.40973,0.5365,0.48632,0.4771,0.5328,0.34985,0.26327,0.52829,0.51537,0.48669,0.47772,0.51265,0.51998,0.51623,0.50709,0.34553,0.34696,0.57641,0.58342,0.32512,0.40096,0.57119,0.52103,0.57813,0.53323,0.4164,0.10695
0.60771,0.69116,0.36705,0.53917,0.42226,0.52606,0.40403,0.59884,0.29919,0.37264,0.36165,0.42005,0.18447,0.23878,0.17536,0.32384,0.38571,0.27969,0.83764,1,0.38256,0.30656,0.31164,0.18279,0.13939,0.12466,0.3585,0.20052,0.56663,0.63052,0.38653,0.33716,0.6864,0.76893,0.32784,0.47561,0.63012,0.58113,0.46535,0.55619,0.39886,0.47411,0.43872,0.39611,0.42318,0.41059,0.40004,0.49791,0.34325,0.31263,0.23548,0.18397,0.18558,0.22781,0.33603,0.34238,0.47371,0.50674,0.40621,0.35946,0.25544,0.28794,0.40822,0.46215,0.13787,0.17398,0.4866,0.43481,0.81109,0.79424,0.45004,0.47811,0.49631,0.52587,0.41078,0.52233,0.63987,0.67761,0.2559,0.24788,0.10219,0.024092,0.36799,0.38492,0.062573,0.010217,0.27314,0.22775,0.32389,0.26797,0.47436,0.37518,0.40875,0.40637,0.36865,0.31785,0.64038,0.5881,0.54583,0.48353,0.4481,0.40633,0.48434,0.42334,0.33784,0.34254,0.59875,0.58911,0.31896,0.41647,0.69709,0.63286,0.62667,0.5971,0.47361,0.046329
0.16636,0.13504,0.30567,0.38887,0.13088,0.12563,0.34524,0.29019,0.025631,0.016158,0.36955,0.19448,0.15027,0.14542,0.03497,0.1578,0.019363,-0.092683,0.37959,0.38256,1,0.75742,0.25722,0.20676,0.025645,0.14787,0.20021,0.1201,0.50431,0.45638,0.43548,0.457,0.27203,0.35596,0.14564,0.23129,0.47322,0.48587,0.57296,0.62257,0.54876,0.6255,0.024982,0.015683,0.086725,0.056262,0.069227,0.13596,-0.0057127,0.049538,-0.018689,0.01086,-0.018086,0.023834,0.12238,0.1238,0.045596,0.046793,0.13584,0.072508,0.096291,0.11867,-0.063246,0.11053,-0.0034541,0.064885,0.14223,0.12109,0.27599,0.26181,0.57556,0.51582,0.65004,0.57775,0.51572,0.46557,0.3472,0.28525,-0.0086967,-0.062026,-0.079598,-0.13629,0.21283,0.46022,-0.06956,-0.027276,0.06722,0.13082,0.11875,0.038794,0.29484,0.31086,0.21599,0.25397,0.29333,0.38563,0.1997,0.28796,0.29741,0.25276,0.21201,0.19084,0.21471,0.17856,0.22553,0.24009,0.31296,0.38883,0.30322,0.035498,0.24768,0.32024,0.28396,0.17506,0.26126,0.08147
0.040246,0.078896,0.13629,0.31216,-0.11506,-0.043883,0.15302,0.14566,-0.07818,-0.10407,0.19113,-0.04483,0.050856,-0.036025,-0.04795,0.067661,-0.059773,-0.19236,0.24498,0.30656,0.75742,1,0.13512,0.15778,-0.097167,0.07592,-0.048435,0.00093074,0.35521,0.23182,0.27116,0.41838,0.13441,0.1863,0.022376,0.11498,0.3131,0.3437,0.46589,0.63025,0.4469,0.58467,-0.16401,-0.18379,-0.084198,-0.11734,-0.11084,-0.079159,-0.11134,-0.095648,-0.12573,-0.11539,-0.12275,-0.10775,0.0044254,-0.07697,-0.057475,-0.0091128,-0.011848,-0.067603,0.059819,0.07129,-0.18464,-0.042707,-0.10738,0.040749,-0.012139,-0.029037,0.16619,0.10712,0.28886,0.28504,0.42215,0.35908,0.35317,0.30726,0.19097,0.19064,-0.088802,-0.11855,-0.15181,-0.21155,0.11767,0.4926,-0.13221,-0.11264,0.18045,0.11595,0.0085925,-0.065086,0.15986,0.13411,0.13979,0.10804,0.070859,0.27999,0.092563,0.084655,0.12683,0.047796,0.057274,0.037646,0.039137,0.034336,0.11646,0.093586,0.1973,0.34998,0.073465,-0.097994,0.13159,0.19358,0.16112,0.014565,0.087787,-0.054908
0.47448,0.33295,0.83713,0.67582,0.64888,0.59448,0.6915,0.49204,0.54557,0.42759,0.47193,0.24859,0.52554,0.33,0.61887,0.59681,0.27664,0.19196,0.52278,0.31164,0.25722,0.13512,1,0.84078,0.73271,0.68067,0.61373,0.61973,0.28117,0.31565,0.77919,0.56137,0.6885,0.6266,0.72137,0.6515,0.29951,0.32544,0.37253,0.38228,0.079274,0.16938,0.27243,0.28213,0.23274,0.25324,0.1905,0.34553,0.11663,0.22865,0.040046,0.11673,0.0064731,0.21611,0.18087,0.21471,0.40326,0.37565,0.32111,0.36969,0.39659,0.40393,0.30265,0.31628,0.52428,0.5017,0.54551,0.55343,0.21831,0.27523,0.47925,0.49886,0.23836,0.27112,0.40255,0.4953,0.33352,0.29964,0.26346,0.25425,0.15881,0.231,0.44141,0.23633,0.39774,0.33795,0.18927,0.22222,0.39483,0.34969,0.43683,0.46523,0.57641,0.62003,0.072874,0.02666,0.24937,0.14652,0.19705,0.18161,0.41611,0.4189,0.33193,0.37601,0.33453,0.44517,0.23291,0.35046,0.063656,0.11502,0.22524,0.18662,0.2085,0.24784,0.3155,0.163
0.30933,0.22615,0.70357,0.65545,0.47585,0.44091,0.55285,0.39692,0.46847,0.38981,0.25193,0.1054,0.48502,0.35338,0.61728,0.58766,0.23801,0.13408,0.32112,0.18279,0.20676,0.15778,0.84078,1,0.75204,0.79486,0.49018,0.64693,0.10919,0.14428,0.60155,0.47449,0.51612,0.43142,0.69763,0.5951,0.21407,0.21721,0.24586,0.23942,0.072346,0.11969,0.23076,0.24041,0.22116,0.22656,0.14686,0.26124,0.090412,0.15277,-0.016652,0.049839,-0.066594,0.153,0.12796,0.12595,0.32916,0.31102,0.22096,0.26924,0.33982,0.32578,0.31842,0.2349,0.60331,0.57267,0.5181,0.53747,0.074095,0.14182,0.35551,0.40544,0.11549,0.15012,0.29161,0.35511,0.20748,0.20147,0.22225,0.25288,0.26126,0.35929,0.43482,0.31409,0.5664,0.52267,0.24629,0.35216,0.31845,0.28365,0.43659,0.45138,0.65295,0.62114,-0.006231,-0.0022266,0.19129,0.032189,0.1636,0.11243,0.45002,0.4248,0.32759,0.36848,0.37509,0.4876,0.18595,0.32597,0.0019651,0.056074,0.17039,0.10631,0.14737,0.16689,0.29157,0.17445
0.3572,0.23553,0.67917,0.51342,0.60221,0.47046,0.5387,0.39247,0.54743,0.4912,0.23177,0.19673,0.57271,0.40796,0.67413,0.57784,0.20603,0.14382,0.29996,0.13939,0.025645,-0.097167,0.73271,0.75204,1,0.78564,0.52022,0.62019,0.029775,0.073084,0.46254,0.25916,0.4846,0.36899,0.68688,0.55473,0.068529,0.04904,0.057952,0.013451,-0.11859,-0.082878,0.34228,0.33074,0.27602,0.30081,0.26189,0.31826,0.22546,0.29064,0.18163,0.19193,0.12027,0.2848,0.26494,0.24499,0.29881,0.31938,0.40005,0.45269,0.44029,0.43242,0.43821,0.3616,0.64992,0.61526,0.55874,0.57014,0.072921,0.17074,0.27276,0.32956,0.010603,0.035606,0.18198,0.22549,0.12186,0.098396,0.21159,0.22787,0.27186,0.34459,0.38285,0.11251,0.61413,0.51365,0.25591,0.34314,0.47355,0.42187,0.37827,0.42571,0.56282,0.59447,-0.025177,-0.071665,0.15986,0.0058152,0.1495,0.13738,0.47417,0.48587,0.32658,0.40504,0.36147,0.41285,0.23212,0.28972,-0.052729,0.13028,0.13227,0.020358,0.12423,0.18377,0.28297,0.11107
0.21476,0.16899,0.59671,0.55998,0.40361,0.36538,0.46545,0.37945,0.41677,0.41048,0.12245,0.096508,0.46609,0.38219,0.58459,0.49945,0.20761,0.091396,0.2046,0.12466,0.14787,0.07592,0.68067,0.79486,0.78564,1,0.47137,0.70221,0.035412,0.036098,0.51361,0.36473,0.4784,0.36801,0.68906,0.6079,0.091419,0.084192,0.13702,0.13412,-0.035699,-0.0091966,0.33131,0.3439,0.30501,0.28841,0.2146,0.30927,0.1027,0.1546,0.020779,0.068246,-0.050166,0.13136,0.16575,0.15948,0.26002,0.25678,0.24638,0.30807,0.33035,0.32538,0.39253,0.31548,0.71458,0.67076,0.60244,0.6343,0.088123,0.19642,0.23171,0.29613,0.016322,0.054975,0.167,0.21681,0.13433,0.13371,0.20573,0.19379,0.2958,0.35086,0.31983,0.18429,0.59397,0.5357,0.1784,0.37083,0.33983,0.28259,0.35163,0.36334,0.56598,0.48953,-0.034958,-0.063299,0.21547,0.034558,0.13388,0.072691,0.40223,0.35675,0.25057,0.27253,0.31231,0.35991,0.17566,0.2432,-0.056691,0.13267,0.20329,0.081077,0.12902,0.13857,0.23154,0.067841
0.44119,0.27373,0.56407,0.48282,0.75807,0.74877,0.53001,0.45374,0.58658,0.60009,0.39517,0.30076,0.40059,0.3269,0.51787,0.52387,0.18421,0.12521,0.46081,0.3585,0.20021,-0.048435,0.61373,0.49018,0.52022,0.47137,1,0.73676,0.16213,0.25843,0.50903,0.30593,0.57281,0.5259,0.48459,0.47541,0.25417,0.17793,0.20607,0.23499,0.019038,0.035219,0.27719,0.28528,0.25361,0.2722,0.21627,0.3608,0.14858,0.29047,0.13575,0.18277,0.072208,0.20659,0.13338,0.17373,0.36735,0.28764,0.35892,0.40738,0.36702,0.35635,0.35145,0.31156,0.40042,0.35041,0.44124,0.44839,0.31308,0.34739,0.34119,0.35143,0.23312,0.23491,0.29043,0.40012,0.35502,0.31638,0.20713,0.20025,0.12857,0.17189,0.34502,0.10597,0.28816,0.25251,-0.024983,0.10037,0.33001,0.3082,0.4196,0.32177,0.44368,0.40049,0.14058,-0.0055058,0.27108,0.27608,0.26708,0.27738,0.39385,0.30243,0.36826,0.27577,0.19684,0.23925,0.28422,0.27848,0.13855,0.25886,0.37432,0.35339,0.33224,0.28862,0.25533,0.078432
0.24443,0.10342,0.55294,0.47218,0.57815,0.61403,0.4734,0.40633,0.57856,0.59081,0.26507,0.203,0.50153,0.41233,0.62162,0.54145,0.15116,0.1225,0.28725,0.20052,0.1201,0.00093074,0.61973,0.64693,0.62019,0.70221,0.73676,1,-0.0065749,0.11673,0.41793,0.29642,0.45438,0.38367,0.54512,0.49622,0.091458,0.098862,0.11381,0.09052,-0.056021,-0.016655,0.19203,0.21825,0.16854,0.16822,0.10337,0.23366,0.024611,0.11909,0.028199,0.053159,-0.035747,0.11012,0.085891,0.072269,0.23449,0.17394,0.24929,0.34298,0.41672,0.41387,0.38446,0.25879,0.58558,0.5531,0.42809,0.45356,0.11351,0.19156,0.23523,0.31779,0.050627,0.093511,0.22265,0.26643,0.07338,0.086335,0.16953,0.24582,0.23357,0.29894,0.33857,0.13603,0.50482,0.40965,0.076351,0.18274,0.37353,0.3119,0.40014,0.34464,0.50584,0.44146,0.035409,-0.039739,0.16363,0.10744,0.14738,0.14504,0.39048,0.32267,0.29581,0.25664,0.21935,0.29062,0.14853,0.19168,0.04978,0.1197,0.25157,0.17655,0.16422,0.15156,0.1951,0.1485
0.48543,0.47275,0.305,0.43546,0.22231,0.24644,0.40492,0.44466,0.041128,0.04824,0.46351,0.36572,0.14947,0.22266,0.029963,0.21735,0.47392,0.31,0.54879,0.56663,0.50431,0.35521,0.28117,0.10919,0.029775,0.035412,0.16213,-0.0065749,1,0.72748,0.44365,0.47766,0.46966,0.5552,0.15693,0.27209,0.59554,0.63932,0.58574,0.57649,0.4889,0.5868,0.24473,0.1981,0.26022,0.24156,0.26467,0.3354,0.22099,0.22063,0.10728,0.082206,0.15565,0.14988,0.26619,0.25018,0.4461,0.34967,0.23587,0.16162,0.11448,0.12884,0.20504,0.40118,-0.061399,-0.029358,0.249,0.22296,0.49482,0.43788,0.52733,0.49593,0.56845,0.53098,0.45107,0.53452,0.55829,0.53338,0.30648,0.26185,0.13068,-0.010496,0.35207,0.46481,-0.08038,-0.028576,0.14484,0.15969,0.1897,0.15235,0.35942,0.31669,0.23459,0.279,0.32019,0.36504,0.36973,0.38878,0.46007,0.37384,0.26064,0.2264,0.34274,0.30946,0.24238,0.33179,0.36232,0.45002,0.27148,0.22591,0.36986,0.46419,0.43134,0.37284,0.41237,0.020928
0.50549,0.48292,0.38634,0.47823,0.38588,0.42537,0.44496,0.57425,0.23282,0.21169,0.53698,0.55321,0.13404,0.30011,-0.0088196,0.22883,0.50371,0.51864,0.57659,0.63052,0.45638,0.23182,0.31565,0.14428,0.073084,0.036098,0.25843,0.11673,0.72748,1,0.48136,0.46456,0.49578,0.63604,0.18335,0.29738,0.60614,0.63537,0.4657,0.5408,0.40073,0.53742,0.33323,0.29903,0.33023,0.30533,0.37809,0.4385,0.29042,0.26132,0.19624,0.15347,0.22801,0.2034,0.36728,0.39828,0.43514,0.33981,0.30969,0.23808,0.16267,0.2209,0.23423,0.47183,0.028609,0.04493,0.27821,0.24748,0.52827,0.46982,0.52788,0.5567,0.53981,0.59733,0.42485,0.53129,0.51285,0.51391,0.35861,0.42329,0.15409,0.088121,0.37547,0.47865,0.0065063,0.028011,0.10536,0.25391,0.30082,0.31109,0.45275,0.4098,0.33164,0.38254,0.33694,0.26843,0.47876,0.48953,0.57157,0.52009,0.40638,0.38183,0.47831,0.43277,0.39096,0.43342,0.44464,0.48669,0.30165,0.30561,0.4805,0.50805,0.46087,0.47895,0.47724,0.20898
0.41516,0.27761,0.68006,0.64413,0.46986,0.45456,0.61945,0.45915,0.30407,0.19181,0.41679,0.21683,0.25243,0.153,0.30978,0.33829,0.21096,0.1547,0.53219,0.38653,0.43548,0.27116,0.77919,0.60155,0.46254,0.51361,0.50903,0.41793,0.44365,0.48136,1,0.84805,0.69919,0.73046,0.59118,0.63344,0.41412,0.46316,0.47006,0.53443,0.2017,0.26229,0.27308,0.2866,0.28796,0.25747,0.24093,0.39633,0.098659,0.20552,0.003888,0.060512,0.034848,0.12673,0.18201,0.25342,0.3427,0.2936,0.24463,0.26533,0.22572,0.24847,0.11828,0.23647,0.28169,0.29092,0.48219,0.49047,0.30876,0.32713,0.48548,0.50872,0.34163,0.36228,0.39137,0.49293,0.41747,0.38098,0.18544,0.19378,0.043505,0.081588,0.35096,0.30523,0.1055,0.12421,0.044422,0.18733,0.24064,0.28726,0.42536,0.41271,0.44352,0.46322,0.21861,0.15795,0.37694,0.35708,0.36688,0.33848,0.33913,0.31839,0.2985,0.30481,0.27611,0.36917,0.28609,0.38896,0.20259,0.1856,0.36411,0.41658,0.31577,0.29473,0.32809,0.11991
0.25987,0.1487,0.43046,0.5127,0.23099,0.27512,0.42218,0.32587,0.11873,0.014443,0.34817,0.10153,0.12505,0.019838,0.12854,0.18318,0.16239,0.12253,0.39357,0.33716,0.457,0.41838,0.56137,0.47449,0.25916,0.36473,0.30593,0.29642,0.47766,0.46456,0.84805,1,0.50654,0.58684,0.40047,0.4924,0.37194,0.46862,0.45525,0.51188,0.28503,0.31333,0.092717,0.083858,0.14684,0.095822,0.10958,0.2181,0.0014649,0.055512,-0.07794,-0.059933,-0.015021,-0.003197,0.085466,0.11692,0.235,0.16219,0.10954,0.11838,0.13268,0.15936,-0.018744,0.12559,0.10353,0.16875,0.28641,0.2987,0.2021,0.19372,0.34452,0.41746,0.27525,0.27604,0.27143,0.34586,0.29297,0.30631,0.1028,0.14452,-0.0083934,0.01245,0.26736,0.39038,-0.022517,0.044518,0.019742,0.16083,0.11601,0.18257,0.36934,0.32489,0.34816,0.31924,0.11473,0.18436,0.27266,0.25185,0.34087,0.29519,0.2003,0.18237,0.14834,0.16941,0.18866,0.24123,0.18458,0.34359,0.14673,-0.011304,0.29828,0.39483,0.2392,0.14182,0.20444,0.0069252
0.73412,0.60763,0.73519,0.74668,0.64838,0.67043,0.7487,0.70272,0.48884,0.48386,0.48433,0.4843,0.42253,0.40626,0.40066,0.51339,0.369,0.25314,0.78087,0.6864,0.27203,0.13441,0.6885,0.51612,0.4846,0.4784,0.57281,0.45438,0.46966,0.49578,0.69919,0.50654,1,0.93592,0.7922,0.84317,0.47635,0.44796,0.36967,0.43625,0.12609,0.2332,0.48098,0.44073,0.45595,0.42633,0.38137,0.52685,0.35159,0.43975,0.31544,0.28934,0.24649,0.38114,0.36127,0.35772,0.58601,0.53771,0.60988,0.62218,0.57769,0.56075,0.49366,0.55031,0.53603,0.53601,0.79184,0.76466,0.62741,0.6502,0.46593,0.51651,0.30399,0.33092,0.33364,0.53694,0.63442,0.59531,0.21934,0.23104,0.08983,0.08119,0.34112,0.21532,0.25427,0.2126,0.19855,0.21848,0.53764,0.51726,0.5455,0.46516,0.58236,0.59146,0.26379,0.17776,0.51287,0.4612,0.42719,0.40402,0.59491,0.58473,0.53573,0.56425,0.42271,0.43616,0.5606,0.57626,0.19472,0.37497,0.55375,0.45459,0.53698,0.57902,0.47815,0.063188
0.71246,0.61173,0.65971,0.71582,0.61013,0.63266,0.68604,0.69244,0.4202,0.39248,0.50057,0.50509,0.31217,0.32669,0.29975,0.39685,0.41648,0.34407,0.82107,0.76893,0.35596,0.1863,0.6266,0.43142,0.36899,0.36801,0.5259,0.38367,0.5552,0.63604,0.73046,0.58684,0.93592,1,0.682,0.77981,0.54509,0.53918,0.42689,0.50038,0.20894,0.32079,0.45803,0.41629,0.43543,0.39839,0.38819,0.53155,0.33637,0.39215,0.27573,0.24479,0.24198,0.3237,0.34759,0.36799,0.56541,0.51117,0.55193,0.5479,0.46971,0.48172,0.44051,0.53861,0.38385,0.39356,0.69149,0.66184,0.65389,0.6719,0.49896,0.54018,0.39404,0.42839,0.38912,0.56407,0.66891,0.65937,0.25932,0.32233,0.092161,0.068942,0.35631,0.27498,0.15052,0.10312,0.14509,0.21477,0.47283,0.4644,0.53025,0.42259,0.5059,0.52293,0.31806,0.23497,0.53543,0.51803,0.47776,0.44752,0.53569,0.51978,0.53564,0.52348,0.41697,0.43388,0.5569,0.55755,0.29119,0.37962,0.58232,0.52252,0.55896,0.58593,0.48576,0.13244
0.53085,0.38027,0.75814,0.68537,0.61148,0.52009,0.71316,0.54937,0.54633,0.47047,0.36997,0.38467,0.52847,0.45871,0.52515,0.53622,0.27354,0.15516,0.46851,0.32784,0.14564,0.022376,0.72137,0.69763,0.68688,0.68906,0.48459,0.54512,0.15693,0.18335,0.59118,0.40047,0.7922,0.682,1,0.93179,0.15918,0.1934,0.1201,0.11862,-0.14066,-0.044071,0.39831,0.36662,0.37402,0.3367,0.27096,0.38202,0.28589,0.37037,0.26207,0.24724,0.20496,0.3798,0.28596,0.23954,0.43325,0.41653,0.58513,0.64463,0.65092,0.62911,0.42531,0.41369,0.74942,0.74853,0.83265,0.83386,0.29606,0.37009,0.30768,0.39809,0.031171,0.079761,0.17223,0.3182,0.37913,0.35454,0.17388,0.1909,0.11316,0.17926,0.21006,0.0741,0.43962,0.39952,0.13425,0.25427,0.57226,0.54193,0.43249,0.42743,0.57657,0.61039,0.12838,0.11984,0.25037,0.18769,0.19376,0.1573,0.54677,0.57826,0.42326,0.49011,0.4256,0.45321,0.37771,0.37755,0.099062,0.20222,0.25573,0.12467,0.27619,0.37955,0.34303,0.11535
0.56343,0.448,0.70302,0.72912,0.57122,0.52977,0.69983,0.60766,0.46296,0.42386,0.36942,0.40947,0.42103,0.40872,0.40135,0.429,0.30321,0.178,0.56164,0.47561,0.23129,0.11498,0.6515,0.5951,0.55473,0.6079,0.47541,0.49622,0.27209,0.29738,0.63344,0.4924,0.84317,0.77981,0.93179,1,0.32413,0.35885,0.24134,0.27389,0.01315,0.085037,0.43946,0.40919,0.42508,0.38176,0.3253,0.46405,0.32174,0.38477,0.276,0.2609,0.2116,0.3459,0.30711,0.28744,0.46574,0.42769,0.59341,0.64118,0.59162,0.5872,0.41798,0.427,0.66324,0.69525,0.85057,0.85803,0.41489,0.45815,0.3518,0.45739,0.13666,0.18071,0.19251,0.36065,0.5104,0.50069,0.19029,0.20302,0.10575,0.13309,0.22489,0.14626,0.32505,0.32037,0.16694,0.2329,0.52525,0.52428,0.53033,0.48067,0.60206,0.61229,0.17242,0.17885,0.36812,0.32679,0.33841,0.28805,0.58422,0.58987,0.46552,0.50647,0.41511,0.42543,0.46231,0.45761,0.13393,0.25275,0.42154,0.3101,0.39711,0.43999,0.37386,0.058596
0.39306,0.46676,0.34884,0.4899,0.28872,0.3063,0.35114,0.4306,0.069523,0.16759,0.23495,0.22902,-0.0154,0.089705,0.0095899,0.14068,0.34543,0.21174,0.58862,0.63012,0.47322,0.3131,0.29951,0.21407,0.068529,0.091419,0.25417,0.091458,0.59554,0.60614,0.41412,0.37194,0.47635,0.54509,0.15918,0.32413,1,0.81322,0.70798,0.7271,0.67905,0.68739,0.294,0.2738,0.27198,0.27501,0.29398,0.39981,0.2149,0.17957,0.11589,0.11957,0.038998,0.087149,0.25767,0.29913,0.35801,0.30194,0.19305,0.15605,0.050729,0.037537,0.19855,0.25073,0.021275,0.040613,0.30037,0.2874,0.51805,0.49309,0.58825,0.55499,0.6359,0.6185,0.48982,0.54707,0.7009,0.6767,0.26967,0.21764,0.1569,0.029459,0.37871,0.45126,-0.040849,-0.0032541,0.28079,0.21137,0.083975,0.098189,0.55199,0.48572,0.44975,0.44959,0.36112,0.32894,0.53006,0.52594,0.57437,0.49096,0.43625,0.34835,0.4965,0.43603,0.35846,0.41546,0.50201,0.56113,0.36244,0.40633,0.56943,0.60713,0.58236,0.41867,0.49168,0.078248
0.37002,0.40348,0.36093,0.50098,0.2296,0.26614,0.36019,0.43352,0.047356,0.091201,0.34085,0.32228,0.047194,0.15362,0.037721,0.15473,0.36654,0.26035,0.56891,0.58113,0.48587,0.3437,0.32544,0.21721,0.04904,0.084192,0.17793,0.098862,0.63932,0.63537,0.46316,0.46862,0.44796,0.53918,0.1934,0.35885,0.81322,1,0.62822,0.75296,0.61728,0.71367,0.19804,0.1865,0.18278,0.179,0.21908,0.338,0.15613,0.13413,0.089934,0.12001,0.057261,0.096912,0.23099,0.28361,0.34121,0.2585,0.16252,0.16203,0.082136,0.10033,0.16858,0.24769,0.037661,0.09098,0.27194,0.27679,0.44031,0.4234,0.61192,0.63298,0.61325,0.64371,0.51554,0.5764,0.65007,0.6705,0.27935,0.25905,0.16201,0.057082,0.34691,0.48846,-0.075131,0.015617,0.19269,0.19072,0.097123,0.13857,0.56255,0.51041,0.47021,0.45885,0.31144,0.35649,0.43003,0.43656,0.55749,0.4424,0.42128,0.32393,0.45885,0.37083,0.31529,0.38885,0.42513,0.48769,0.32277,0.32396,0.48304,0.55496,0.51698,0.33758,0.38942,0.029862
0.30741,0.33239,0.3169,0.42388,0.19893,0.21636,0.28679,0.26566,0.016344,0.056621,0.24218,0.05777,-0.0059357,-0.036221,0.030168,0.13516,0.19923,0.054345,0.43405,0.46535,0.57296,0.46589,0.37253,0.24586,0.057952,0.13702,0.20607,0.11381,0.58574,0.4657,0.47006,0.45525,0.36967,0.42689,0.1201,0.24134,0.70798,0.62822,1,0.72329,0.57154,0.58124,0.2407,0.24043,0.26165,0.28288,0.26389,0.37483,0.11898,0.1607,-0.042461,0.064165,-0.0765,-0.0068845,0.2509,0.28649,0.26201,0.22462,0.080517,0.022361,-0.070493,-0.088431,-0.051432,0.12385,-0.038276,-0.00072258,0.22677,0.21228,0.44884,0.41672,0.4994,0.46766,0.5842,0.53911,0.4498,0.51867,0.50214,0.4549,0.11013,0.073307,-0.067203,-0.13673,0.25796,0.31473,-0.16488,-0.087521,0.18951,0.037917,0.0065685,-0.071539,0.2832,0.31109,0.24866,0.2857,0.34271,0.37747,0.45683,0.43468,0.42317,0.35761,0.18013,0.12409,0.27893,0.21628,0.25999,0.41318,0.30679,0.44951,0.31817,0.13503,0.40489,0.50046,0.35396,0.27759,0.47066,0.11869
0.2921,0.32223,0.34706,0.47093,0.17345,0.24629,0.33631,0.35939,0.021018,0.061247,0.30597,0.081634,0.028803,0.0099065,0.042987,0.15377,0.1651,0.08242,0.54386,0.55619,0.62257,0.63025,0.38228,0.23942,0.013451,0.13412,0.23499,0.09052,0.57649,0.5408,0.53443,0.51188,0.43625,0.50038,0.11862,0.27389,0.7271,0.75296,0.72329,1,0.64282,0.75352,0.13535,0.13879,0.15539,0.15091,0.13407,0.2657,0.027183,0.047755,-0.091651,-0.035281,-0.14648,-0.078612,0.10944,0.18934,0.21729,0.2064,0.028442,0.010928,0.012729,0.0075043,-0.010565,0.14119,-0.040042,0.035757,0.19786,0.19945,0.4384,0.39921,0.55664,0.53281,0.66169,0.63863,0.54536,0.61079,0.54184,0.53865,0.14516,0.12844,-0.0056374,-0.077351,0.37875,0.56443,-0.12107,-0.091839,0.28223,0.18304,0.015588,-0.015909,0.37853,0.33833,0.33429,0.31585,0.25837,0.29321,0.43288,0.38734,0.39822,0.29361,0.20966,0.14564,0.2493,0.18872,0.18023,0.24111,0.34118,0.49028,0.23341,0.27969,0.43987,0.46218,0.3647,0.23001,0.29906,-0.01499
0.090461,0.15769,0.04459,0.17037,-0.098247,-0.02686,0.055907,0.13294,-0.16314,-0.087288,0.083302,-0.020235,-0.11827,-0.093591,-0.097384,-0.05551,0.12286,0.0041242,0.29896,0.39886,0.54876,0.4469,0.079274,0.072346,-0.11859,-0.035699,0.019038,-0.056021,0.4889,0.40073,0.2017,0.28503,0.12609,0.20894,-0.14066,0.01315,0.67905,0.61728,0.57154,0.64282,1,0.8189,-0.028067,-0.030624,-0.02115,-0.025241,0.0057676,0.0784,-0.066774,-0.11141,-0.11129,-0.085079,-0.14065,-0.098095,-0.02877,0.0038584,0.10435,0.033398,-0.13387,-0.16447,-0.13436,-0.14154,0.013196,0.024147,-0.1952,-0.17354,-0.072146,-0.078418,0.2275,0.19131,0.53657,0.47838,0.7529,0.66945,0.54284,0.46123,0.42376,0.44532,0.085382,0.033191,0.059806,-0.078766,0.40921,0.52688,-0.12875,-0.1109,0.35498,0.15876,-0.19982,-0.20533,0.31609,0.28523,0.22108,0.19998,0.11507,0.14285,0.27337,0.21329,0.36264,0.28081,0.11704,0.046634,0.16429,0.14671,0.079809,0.15407,0.2685,0.37117,0.12079,0.19067,0.35991,0.44026,0.32136,0.098291,0.20226,-0.10664
0.20028,0.23663,0.19442,0.31791,0.047184,0.067692,0.20786,0.27886,-0.013424,0.0085606,0.21817,0.10557,0.02725,0.019368,-0.025459,0.047446,0.18278,0.082183,0.42969,0.47411,0.6255,0.58467,0.16938,0.11969,-0.082878,-0.0091966,0.035219,-0.016655,0.5868,0.53742,0.26229,0.31333,0.2332,0.32079,-0.044071,0.085037,0.68739,0.71367,0.58124,0.75352,0.8189,1,-0.027924,-0.035849,-0.013599,-0.025882,0.00063462,0.076286,-0.045336,-0.064534,-0.066652,-0.041303,-0.11366,-0.075042,0.056587,0.025286,0.15424,0.093289,-0.019352,-0.061792,0.015776,-0.0015253,0.021144,0.11514,-0.077701,-0.036356,0.023427,0.0043158,0.29743,0.25314,0.60449,0.58085,0.77597,0.77216,0.62324,0.58195,0.4728,0.49098,0.11227,0.057039,0.033187,-0.11604,0.37565,0.55282,-0.1011,-0.075384,0.29652,0.14715,-0.045134,-0.088375,0.3635,0.28347,0.26998,0.25734,0.15867,0.18883,0.29595,0.22735,0.37334,0.23886,0.20412,0.11511,0.26585,0.20472,0.18495,0.2392,0.33868,0.4394,0.15995,0.21744,0.33703,0.41869,0.35512,0.13921,0.26338,-0.01093
0.45674,0.59131,0.38248,0.44756,0.43547,0.46153,0.41676,0.47533,0.38066,0.4038,0.068308,0.28489,0.22443,0.25105,0.21286,0.33304,0.37994,0.33712,0.36972,0.43872,0.024982,-0.16401,0.27243,0.23076,0.34228,0.33131,0.27719,0.19203,0.24473,0.33323,0.27308,0.092717,0.48098,0.45803,0.39831,0.43946,0.294,0.19804,0.2407,0.13535,-0.028067,-0.027924,1,0.95427,0.93833,0.93846,0.93931,0.9301,0.79194,0.71324,0.45162,0.48325,0.3605,0.44403,0.60238,0.72409,0.49935,0.56105,0.49839,0.43295,0.14947,0.17532,0.42295,0.50504,0.4131,0.32612,0.70434,0.68117,0.57474,0.59049,0.33905,0.37213,0.14754,0.18201,0.10942,0.25037,0.3937,0.33608,0.21674,0.24696,0.14961,0.15989,0.2293,0.12589,0.19383,0.20238,0.15833,0.25793,0.34329,0.34028,0.36487,0.38669,0.40153,0.41907,0.35484,0.17265,0.69724,0.56407,0.591,0.54609,0.43204,0.48574,0.46363,0.46922,0.41088,0.46811,0.43934,0.45157,0.23686,0.49182,0.55332,0.45484,0.47838,0.64563,0.65053,0.099057
