1,0.71745,0.70173,0.5874,0.39883,0.50652,0.55445,0.57081,0.32407,0.28257,0.54882,0.4153,0.51446,0.43825,0.51549,0.46338,0.45751,0.42719,0.80518,0.74425,0.33062,0.25165,0.50791,0.38471,0.49299,0.42795,0.39438,0.45582,0.34136,0.24102,0.15584,0.22048,0.57557,0.55219,0.49895,0.40578,0.29758,0.16893,0.2575,0.19543,0.16363,0.14992,0.4536,0.43049,0.37116,0.41272,0.37684,0.44649,0.45061,0.48033,0.43738,0.43772,0.4474,0.43466,0.24613,0.31138,0.7849,0.67546,0.62944,0.56365,0.6065,0.3788,0.60684,0.56083,0.36763,0.39082,0.54684,0.48081,0.46444,0.4606,0.19914,0.20924,0.18393,0.11942,0.20151,0.20332,0.16056,0.18601,0.27697,0.22164,0.45395,0.39624,0.37459,0.27691,0.3708,0.31796,0.32903,0.12036,0.34456,0.46845,-0.18827,-0.15559,-0.033021,0.010881,-0.0038843,-0.10445,-0.024136,-0.057767,-0.20568,-0.17111,0.0027408,0.14129,0.056806,-0.012014,0.046009,0.047006,0.13974,-0.15344,-0.050165,0.057458,-0.11759,-0.22862,-0.26833,-0.097087,-0.065826,-0.15461
0.71745,1,0.59893,0.5511,0.42726,0.31273,0.38358,0.45355,0.32861,0.25838,0.28634,0.34224,0.30809,0.26425,0.34024,0.38903,0.52355,0.64211,0.76611,0.87705,0.38328,0.3109,0.38113,0.24662,0.33078,0.25542,0.25863,0.29463,0.33522,0.44291,0.15078,0.18813,0.58548,0.637,0.42483,0.39185,0.21276,0.25042,0.15511,0.23856,0.17224,0.38677,0.49717,0.48037,0.50891,0.522,0.41922,0.50821,0.4754,0.53144,0.30875,0.28226,0.24252,0.20222,0.21273,0.37728,0.82526,0.92433,0.50338,0.50413,0.34622,0.17674,0.54461,0.66789,0.21199,0.11158,0.50563,0.42922,0.67502,0.68457,0.23873,0.2379,0.25879,0.34337,0.19378,0.35063,0.29255,0.33088,0.37792,0.31416,0.45428,0.4309,0.24608,0.27942,0.19133,0.27279,0.25337,0.21985,0.26992,0.42197,-0.099542,0.0017527,0.14884,0.15806,0.0074064,-0.069716,0.20925,0.098209,0.020378,0.081663,0.16183,0.26034,0.30112,0.1167,0.10624,0.10253,0.32404,-0.028781,0.059382,0.12902,0.19995,0.11604,-0.10119,0.18632,0.12542,-0.066868
0.70173,0.59893,1,0.83975,0.66039,0.57642,0.82648,0.8029,0.63965,0.5752,0.48574,0.42355,0.56892,0.52413,0.55056,0.55899,0.351,0.36434,0.75867,0.70317,0.40011,0.37506,0.76137,0.60009,0.67366,0.62107,0.56216,0.57734,0.33681,0.31228,0.41727,0.46125,0.6943,0.6633,0.59143,0.49679,0.32689,0.32797,0.25713,0.36484,0.17803,0.23253,0.44708,0.44442,0.43096,0.47191,0.40651,0.48519,0.4337,0.47053,0.41338,0.39556,0.36738,0.31249,0.32269,0.36256,0.55782,0.54016,0.57769,0.59278,0.6164,0.55597,0.59807,0.54885,0.53374,0.56779,0.70129,0.64789,0.41287,0.48544,0.38041,0.31343,0.22678,0.19167,0.26935,0.32361,0.27337,0.30026,0.24171,0.18478,0.41983,0.41077,0.27956,0.40865,0.44729,0.46836,0.30672,0.31464,0.54106,0.58731,0.082385,0.15531,0.25111,0.356,-0.0062001,-0.045992,0.030521,0.0065683,-0.0062173,0.02004,0.21273,0.43454,0.20352,0.15642,0.16171,0.19556,0.25112,-0.011541,0.078256,0.08435,0.021638,-0.062424,-0.097904,0.057254,0.073498,-0.1147
0.5874,0.5511,0.83975,1,0.54013,0.52916,0.73405,0.87105,0.51369,0.55057,0.40626,0.38299,0.38596,0.44197,0.43364,0.42445,0.32989,0.32217,0.64049,0.67633,0.36923,0.32935,0.61254,0.58214,0.58901,0.68187,0.56776,0.58778,0.30513,0.31188,0.49822,0.54803,0.74017,0.72922,0.6013,0.61415,0.37338,0.4333,0.21795,0.43494,0.30113,0.32147,0.39937,0.4066,0.36723,0.41619,0.41254,0.46589,0.39239,0.41933,0.38519,0.3995,0.27211,0.27587,0.37619,0.41983,0.47566,0.46681,0.49561,0.56759,0.5278,0.59047,0.5185,0.52044,0.40069,0.59094,0.67119,0.70259,0.47276,0.52061,0.42731,0.39039,0.33937,0.32271,0.36276,0.40852,0.39643,0.42831,0.22513,0.16883,0.31062,0.29716,0.16789,0.28989,0.28934,0.36464,0.16782,0.19114,0.49286,0.52249,0.26736,0.22241,0.34613,0.3553,0.016068,0.031607,0.20191,0.17118,0.17273,0.17775,0.31477,0.47538,0.31576,0.26151,0.2989,0.30384,0.33202,0.1807,0.18957,0.16705,0.20035,0.075416,0.090219,0.1773,0.24773,-0.065076
0.39883,0.42726,0.66039,0.54013,1,0.50876,0.53632,0.51161,0.84877,0.65624,0.2449,0.38654,0.53864,0.50469,0.55454,0.68155,0.20267,0.40115,0.50665,0.48513,0.4092,0.5083,0.72804,0.63829,0.56458,0.43897,0.57421,0.55664,0.20682,0.30692,0.0016882,0.10244,0.34743,0.32647,0.30302,0.20989,-0.047547,0.11323,-0.1103,0.17329,-0.18926,0.10442,0.22517,0.19876,0.25156,0.2447,0.15446,0.24418,0.21499,0.23148,0.22195,0.23573,0.3523,0.20738,0.12388,0.18223,0.34886,0.42166,0.25074,0.34914,0.28453,0.38444,0.43763,0.4572,0.47356,0.43466,0.47551,0.38963,0.26551,0.31905,0.074892,0.010363,-0.06305,-0.018594,-0.029308,0.15035,-0.011656,0.029861,0.23491,0.13865,0.36434,0.46593,0.2131,0.48657,0.42152,0.49698,0.29361,0.56668,0.39954,0.54063,-0.0398,0.15605,0.414,0.43004,-0.20931,-0.2766,-0.16205,-0.1544,-0.13542,-0.017174,0.23135,0.40214,0.068281,-0.011129,-0.059353,-0.064764,0.21226,-0.2419,-0.19781,-0.17316,-0.034837,0.0070686,-0.14826,0.11083,-0.043644,-0.067184
0.50652,0.31273,0.57642,0.52916,0.50876,1,0.53363,0.53286,0.45702,0.69173,0.23851,0.26385,0.43372,0.46592,0.37232,0.53322,-0.0092639,0.10586,0.49087,0.40134,0.29713,0.43212,0.47158,0.46723,0.52946,0.46425,0.37933,0.50207,-0.12677,-0.030025,-0.064424,-0.0020778,0.3233,0.31471,0.4008,0.32851,0.1093,0.20748,0.19969,0.2252,-0.12864,0.020005,0.38306,0.37413,0.2859,0.34166,0.32572,0.39123,0.39421,0.39721,0.54076,0.52742,0.62224,0.52537,0.21018,0.24009,0.28858,0.29569,0.44139,0.5022,0.41809,0.46575,0.30073,0.30398,0.37863,0.51618,0.48222,0.47658,0.18417,0.2238,-0.023105,-0.034554,-0.15125,-0.13002,-0.031631,0.030021,-0.063014,-0.040095,-0.030494,-0.066256,0.15288,0.17729,0.12337,0.14117,0.27973,0.29397,0.39226,0.25925,0.21339,0.46843,-0.083807,-0.010912,0.19274,0.1357,-0.19638,-0.24835,-0.18191,-0.18356,-0.20062,-0.10945,0.1769,0.24929,0.1006,-0.019339,-0.034206,0.0072127,0.18322,-0.1446,-0.17654,-0.11923,-0.1278,-0.15916,-0.21786,-0.04374,-0.117,-0.20034
0.55445,0.38358,0.82648,0.73405,0.53632,0.53363,1,0.84059,0.63942,0.61256,0.57175,0.30687,0.64894,0.5399,0.52325,0.45684,0.25547,0.21568,0.54936,0.43588,0.23251,0.22091,0.61312,0.45034,0.61897,0.60265,0.51997,0.52892,0.30484,0.19099,0.32104,0.33994,0.57847,0.51667,0.5543,0.43549,0.28243,0.21496,0.20241,0.22694,0.10972,0.043852,0.4142,0.39834,0.36595,0.41585,0.39915,0.41326,0.3876,0.41538,0.41632,0.40932,0.3725,0.33902,0.29953,0.29763,0.35618,0.35414,0.55168,0.58563,0.6972,0.64015,0.4285,0.36852,0.49892,0.63131,0.6112,0.57967,0.19107,0.2667,0.39168,0.34805,0.19402,0.082271,0.26195,0.23963,0.16945,0.19821,0.14712,0.13725,0.3266,0.28039,0.2268,0.29307,0.39158,0.323,0.20011,0.19016,0.48142,0.48415,0.077789,0.11116,0.14324,0.26405,0.035895,-0.033496,0.012854,-0.030041,-0.012415,-0.032172,0.16645,0.36232,0.12438,0.1003,0.12509,0.18095,0.1002,-0.010771,0.083173,0.081955,-0.069765,-0.12491,-0.055475,-0.013393,0.030246,-0.080137
0.57081,0.45355,0.8029,0.87105,0.51161,0.53286,0.84059,1,0.54793,0.56638,0.54313,0.4464,0.53173,0.60548,0.51564,0.4542,0.30917,0.28967,0.58224,0.55977,0.30697,0.23484,0.57332,0.47441,0.52455,0.61537,0.52736,0.5329,0.36855,0.32879,0.40811,0.44805,0.66154,0.63462,0.56208,0.55137,0.36629,0.34445,0.17746,0.33835,0.22442,0.18562,0.42348,0.43549,0.3448,0.41296,0.44339,0.46769,0.38773,0.42151,0.43489,0.45024,0.33651,0.31483,0.41464,0.393,0.41044,0.36635,0.54544,0.58232,0.58873,0.6091,0.46669,0.44573,0.33889,0.58824,0.61734,0.6527,0.31428,0.38477,0.41966,0.40073,0.27639,0.21635,0.33143,0.32402,0.31027,0.33853,0.21768,0.17825,0.36278,0.30781,0.19964,0.26523,0.3343,0.34204,0.13963,0.14858,0.48589,0.48804,0.21506,0.16154,0.23554,0.28473,0.01827,0.00072085,0.12548,0.064691,0.11485,0.075443,0.22292,0.43629,0.18451,0.17983,0.2159,0.24163,0.1405,0.058992,0.16002,0.16183,0.070559,-0.0042285,0.042093,0.086098,0.18651,-0.042307
0.32407,0.32861,0.63965,0.51369,0.84877,0.45702,0.63942,0.54793,1,0.70478,0.29442,0.19017,0.55512,0.40111,0.51844,0.52598,0.20127,0.33533,0.42555,0.38197,0.32133,0.40465,0.61428,0.4903,0.5403,0.44241,0.48487,0.44847,0.24633,0.25707,0.092856,0.14391,0.37327,0.32686,0.35405,0.23391,-0.064487,0.026109,-0.10409,0.13512,-0.19077,0.015591,0.32027,0.29047,0.3321,0.33405,0.26487,0.31618,0.28104,0.28445,0.22084,0.20958,0.27552,0.16101,0.14359,0.18065,0.31658,0.35183,0.29157,0.36332,0.36734,0.43869,0.36736,0.33534,0.45033,0.43409,0.48023,0.40078,0.25478,0.32295,0.17685,0.1488,-0.022871,-0.0080854,0.01902,0.14603,0.035564,0.083895,0.25168,0.20715,0.35313,0.41435,0.17787,0.38606,0.33092,0.33667,0.18327,0.41774,0.35866,0.42507,-0.045249,0.12949,0.3024,0.34244,-0.10398,-0.16722,-0.062038,-0.087604,-0.075232,0.0040444,0.14444,0.3254,-0.0090499,-0.024632,-0.080225,-0.048237,0.11629,-0.24196,-0.082033,-0.050101,-0.02043,-0.0033894,-0.097006,0.079329,-0.05084,-0.063631
0.28257,0.25838,0.5752,0.55057,0.65624,0.69173,0.61256,0.56638,0.70478,1,0.21745,0.12845,0.45522,0.38167,0.34614,0.50282,0.034812,0.22381,0.3999,0.32636,0.29745,0.46027,0.46414,0.38449,0.44561,0.4014,0.32707,0.33942,0.032208,0.16829,-0.00038022,0.059625,0.29773,0.28782,0.30794,0.17977,-0.10683,0.065582,0.011731,0.12512,-0.2196,-0.010872,0.31706,0.29797,0.26443,0.2698,0.2925,0.30784,0.27516,0.27371,0.30026,0.3124,0.42681,0.26926,0.12186,0.19441,0.20009,0.29003,0.34545,0.46687,0.3958,0.55693,0.27676,0.32084,0.34435,0.44575,0.38208,0.33853,0.16483,0.22473,0.096489,0.089709,-0.084457,-0.029113,-0.020279,0.10153,-0.070647,-0.025497,0.052618,0.062163,0.19558,0.24026,0.069542,0.25244,0.21742,0.1968,0.28724,0.38963,0.26063,0.42121,-0.018978,0.11432,0.3529,0.29616,-0.19516,-0.2462,-0.13892,-0.13829,-0.11092,-0.0208,0.23983,0.34936,0.10095,-0.028269,-0.10747,-0.056142,0.17639,-0.17556,-0.12344,-0.12279,-0.047438,-0.017811,-0.094898,0.063537,-0.059641,-0.065349
0.54882,0.28634,0.48574,0.40626,0.2449,0.23851,0.57175,0.54313,0.29442,0.21745,1,0.32022,0.66922,0.44636,0.50578,0.28098,0.38467,0.28494,0.48625,0.36574,0.12827,-0.04502,0.41673,0.25848,0.29334,0.27405,0.27947,0.34444,0.35714,0.23284,0.21962,0.27667,0.38612,0.3824,0.37324,0.31828,0.34437,0.22725,0.080687,0.11382,0.26042,0.072612,0.1996,0.18378,0.111,0.15638,0.22823,0.20033,0.12811,0.15957,0.13623,0.1463,0.20383,0.23159,0.20218,0.14293,0.31067,0.21991,0.30584,0.31853,0.48461,0.37898,0.41671,0.16046,0.32036,0.38363,0.26585,0.27627,0.048482,0.10583,0.35869,0.35603,0.29146,0.19906,0.34225,0.22303,0.16498,0.20282,0.25311,0.27949,0.34431,0.31412,0.13356,0.10816,0.41367,0.17801,0.041861,-0.096198,0.40544,0.21895,0.073687,0.064385,-0.053332,0.097272,0.13344,0.067993,0.033945,-0.02362,0.019441,-0.055056,-0.087965,0.12312,-0.093815,-0.002964,0.078225,0.060577,-0.10487,-0.074643,0.14613,0.16174,-0.071013,-0.075717,-0.0037372,-0.13138,-0.0075915,-0.079217
0.4153,0.34224,0.42355,0.38299,0.38654,0.26385,0.30687,0.4464,0.19017,0.12845,0.32022,1,0.42326,0.70872,0.40112,0.53623,0.11604,0.25941,0.35325,0.40586,0.23001,0.27064,0.4233,0.43744,0.14259,0.16353,0.20982,0.3324,0.26387,0.36393,0.034728,0.1065,0.1306,0.18188,-0.012501,0.023573,0.30719,0.32319,0.12422,0.21618,0.16292,0.23094,0.032124,0.022004,-0.025843,-0.015146,0.02318,0.082846,0.040353,0.062967,0.22693,0.21352,0.31151,0.28818,0.267,0.14969,0.18554,0.23275,0.094454,0.15931,0.10111,0.072913,0.3717,0.4014,0.089997,0.16366,0.12463,0.13026,0.1444,0.11339,0.0046437,0.022265,-0.0069558,0.0028507,-0.046177,0.040316,0.013252,0.046182,0.065162,-0.037277,0.27454,0.33378,0.30691,0.35554,0.50254,0.60262,0.28276,0.30851,0.35354,0.47625,0.031272,0.028817,0.17567,0.16477,-0.069821,-0.10193,-0.1124,-0.10934,-0.094189,-0.092988,0.13475,0.23338,0.031812,-0.0044165,0.062449,-0.063452,-0.019932,-0.097508,-0.079793,-0.030944,-0.086282,-0.072548,-0.10495,0.0054599,0.043736,-0.084225
0.51446,0.30809,0.56892,0.38596,0.53864,0.43372,0.64894,0.53173,0.55512,0.45522,0.66922,0.42326,1,0.67308,0.7859,0.70263,0.31417,0.32843,0.48688,0.3585,0.17256,0.17077,0.62634,0.48961,0.48285,0.35702,0.32349,0.43905,0.37274,0.28414,-0.001025,0.079056,0.30154,0.26252,0.37909,0.23968,0.23733,0.19626,0.075731,0.093246,-0.011691,0.022013,0.23692,0.21465,0.15801,0.17018,0.15822,0.2174,0.14261,0.15057,0.1912,0.19458,0.3228,0.32373,0.12269,0.11817,0.30072,0.2728,0.24806,0.28031,0.43084,0.41095,0.45266,0.24978,0.51086,0.45593,0.34011,0.26894,0.013886,0.078242,0.25049,0.24321,0.044649,0.0087423,0.14186,0.13098,0.040792,0.072828,0.30746,0.31763,0.53701,0.5747,0.38748,0.44357,0.61136,0.44378,0.30233,0.30083,0.40469,0.39868,-0.034024,0.071986,0.15116,0.26526,0.048026,-0.036074,-0.14691,-0.14276,-0.15259,-0.13704,0.093685,0.25481,-0.024917,-0.018798,0.038433,0.045584,0.0398,-0.19039,0.015108,0.07122,-0.17873,-0.1409,-0.12082,-0.051775,-0.050138,-0.020731
0.43825,0.26425,0.52413,0.44197,0.50469,0.46592,0.5399,0.60548,0.40111,0.38167,0.44636,0.70872,0.67308,1,0.59652,0.69672,0.06533,0.17011,0.39561,0.34689,0.21131,0.24561,0.55936,0.52542,0.34893,0.32781,0.37405,0.44418,0.28247,0.29135,0.0085152,0.10005,0.21246,0.20052,0.1893,0.15073,0.22753,0.27122,0.074059,0.19286,0.024109,0.079653,0.114,0.11458,-0.0083703,0.039802,0.12728,0.16843,0.098827,0.14078,0.38706,0.42349,0.51847,0.48665,0.36605,0.2902,0.17312,0.19948,0.25072,0.33519,0.30218,0.292,0.32098,0.32652,0.26424,0.39545,0.25674,0.23768,0.049647,0.047698,0.10543,0.094836,-0.045354,-0.089809,0.01581,0.067962,0.016172,0.031998,0.047889,0.00039677,0.30542,0.34264,0.34613,0.36816,0.49658,0.50609,0.25834,0.31243,0.38539,0.54607,0.04165,0.088172,0.21667,0.24027,-0.040536,-0.0655,-0.11004,-0.11962,-0.060684,-0.055028,0.18289,0.31898,0.070914,0.054437,0.11253,0.035855,0.028939,-0.11937,-0.061954,-0.0016277,-0.15402,-0.12048,-0.1152,-0.005373,0.031728,-0.034777
0.51549,0.34024,0.55056,0.43364,0.55454,0.37232,0.52325,0.51564,0.51844,0.34614,0.50578,0.40112,0.7859,0.59652,1,0.73024,0.35787,0.34634,0.49392,0.40531,0.28379,0.25786,0.66701,0.60414,0.56725,0.49545,0.43102,0.55582,0.4403,0.30847,0.14738,0.20745,0.3891,0.34375,0.43,0.31116,0.25466,0.20283,0.18156,0.20245,0.0772,0.10319,0.22541,0.21179,0.15302,0.18054,0.14228,0.21407,0.15834,0.18304,0.24263,0.24919,0.27899,0.32135,0.20441,0.16414,0.37816,0.3179,0.27332,0.27612,0.37996,0.3449,0.48687,0.35275,0.49357,0.45259,0.44186,0.37258,0.15239,0.19823,0.27612,0.25452,0.11093,0.087462,0.22339,0.22087,0.14631,0.16207,0.33862,0.30193,0.5182,0.54829,0.5279,0.53898,0.51819,0.47626,0.34535,0.33472,0.35692,0.45222,0.032676,0.068444,0.17442,0.26738,0.028132,-0.001059,-0.069147,-0.073653,-0.076066,-0.079721,0.15533,0.27207,0.05936,0.064085,0.1614,0.17166,0.11586,-0.080899,0.077219,0.075494,-0.13224,-0.14985,-0.080447,0.084738,0.067587,0.03948
0.46338,0.38903,0.55899,0.42445,0.68155,0.53322,0.45684,0.4542,0.52598,0.50282,0.28098,0.53623,0.70263,0.69672,0.73024,1,0.18617,0.36961,0.49003,0.45,0.36252,0.51725,0.65801,0.65366,0.52867,0.39404,0.31438,0.4949,0.25243,0.37918,-0.07371,0.031209,0.21494,0.19304,0.23809,0.12088,0.10602,0.24498,0.14019,0.27472,-0.10152,0.16136,0.12971,0.10861,0.09457,0.070719,0.068089,0.15029,0.11913,0.11799,0.25546,0.25221,0.40857,0.32796,0.12637,0.13765,0.30864,0.36693,0.17737,0.26315,0.21405,0.27793,0.42834,0.43251,0.42879,0.35489,0.30673,0.21889,0.14425,0.16832,0.083618,0.051552,-0.087432,-0.032827,0.0041893,0.10995,-0.041637,-0.0049355,0.20896,0.14589,0.42421,0.52507,0.46553,0.6256,0.49809,0.564,0.49059,0.57194,0.30953,0.52526,-0.061248,0.096031,0.34874,0.36351,-0.1274,-0.15465,-0.18789,-0.1504,-0.19416,-0.092947,0.26633,0.36801,0.13616,0.051118,0.060036,0.042613,0.25465,-0.19097,-0.10545,-0.084359,-0.12018,-0.056346,-0.13807,0.14125,0.016804,0.097823
0.45751,0.52355,0.351,0.32989,0.20267,-0.0092639,0.25547,0.30917,0.20127,0.034812,0.38467,0.11604,0.31417,0.06533,0.35787,0.18617,1,0.77253,0.4677,0.48714,0.26106,-0.027805,0.29342,0.14209,0.23521,0.2508,0.20545,0.17153,0.69088,0.55795,0.31141,0.31507,0.51505,0.50119,0.38507,0.36993,0.29109,0.21085,0.043397,0.11429,0.27155,0.30726,0.26937,0.24062,0.28121,0.26108,0.25786,0.29676,0.18935,0.18284,-0.040908,-0.078391,-0.12478,-0.092148,0.15378,0.2322,0.67925,0.56395,0.25347,0.21836,0.32446,0.24705,0.63296,0.52977,0.22703,0.14656,0.31843,0.25638,0.31224,0.32456,0.47983,0.45918,0.48522,0.44683,0.511,0.41895,0.4732,0.48725,0.84351,0.7937,0.71815,0.66447,0.25775,0.26707,0.24966,0.16845,0.022133,0.017044,0.32745,0.16807,0.24751,0.24194,0.18088,0.2613,0.13933,0.12044,0.31417,0.2643,0.28761,0.29038,0.14734,0.24884,0.26763,0.31524,0.30643,0.31777,0.16668,0.16226,0.2859,0.29666,0.28638,0.26838,0.20766,0.26638,0.30304,0.22375
0.42719,0.64211,0.36434,0.32217,0.40115,0.10586,0.21568,0.28967,0.33533,0.22381,0.28494,0.25941,0.32843,0.17011,0.34634,0.36961,0.77253,1,0.47249,0.55793,0.36492,0.27961,0.36929,0.24242,0.22174,0.1382,0.09624,0.16777,0.52366,0.7151,0.072787,0.13047,0.36279,0.37984,0.19591,0.17635,0.097575,0.1583,-0.02665,0.16399,0.058273,0.31604,0.22289,0.18409,0.24336,0.19696,0.19678,0.25108,0.14921,0.15306,-0.064054,-0.069657,-0.0058395,-0.12058,0.072085,0.18334,0.64512,0.71267,0.14563,0.18747,0.17181,0.1688,0.56268,0.63583,0.23646,0.09599,0.24991,0.15163,0.34527,0.33046,0.22551,0.23439,0.21365,0.27251,0.17346,0.23907,0.22822,0.28319,0.70519,0.68149,0.60389,0.66576,0.32375,0.3912,0.30063,0.27443,0.22161,0.28829,0.2686,0.27659,0.094424,0.17737,0.33957,0.31765,0.013112,-0.046076,0.2065,0.15569,0.13494,0.20851,0.22449,0.28772,0.24715,0.19924,0.12746,0.11208,0.22062,-0.050821,0.057938,0.14748,0.23224,0.28496,0.13127,0.31643,0.19673,0.16137
0.80518,0.76611,0.75867,0.64049,0.50665,0.49087,0.54936,0.58224,0.42555,0.3999,0.48625,0.35325,0.48688,0.39561,0.49392,0.49003,0.4677,0.47249,1,0.91746,0.38124,0.32439,0.58974,0.42945,0.46011,0.4169,0.39188,0.43483,0.36045,0.35826,0.31897,0.37485,0.69285,0.74567,0.52897,0.49828,0.29242,0.32404,0.25434,0.32612,0.20391,0.33122,0.45087,0.44238,0.4206,0.44854,0.37419,0.45665,0.40059,0.44308,0.31235,0.30161,0.29525,0.26263,0.18524,0.2882,0.74948,0.67874,0.56378,0.52571,0.46658,0.3079,0.62678,0.56287,0.33375,0.31377,0.59902,0.5452,0.63455,0.66353,0.29694,0.2601,0.27486,0.31181,0.28012,0.38371,0.32949,0.35752,0.34806,0.27359,0.48628,0.456,0.29202,0.33452,0.28748,0.29829,0.26656,0.25131,0.35924,0.39673,-0.044268,0.0665,0.18674,0.22777,0.015277,-0.021111,0.061452,0.0095127,-0.047632,-0.019513,0.16138,0.32985,0.19936,0.10275,0.13188,0.16669,0.32014,-0.02825,0.09068,0.096357,0.086723,0.0055891,-0.11442,0.09973,0.091213,-0.10153
0.74425,0.87705,0.70317,0.67633,0.48513,0.40134,0.43588,0.55977,0.38197,0.32636,0.36574,0.40586,0.3585,0.34689,0.40531,0.45,0.48714,0.55793,0.91746,1,0.43364,0.36603,0.51192,0.38814,0.37922,0.36816,0.37024,0.40712,0.38141,0.4801,0.3437,0.40736,0.70482,0.78463,0.45795,0.48438,0.28885,0.37481,0.20097,0.36863,0.27073,0.44746,0.40895,0.40193,0.40457,0.43456,0.34381,0.43897,0.37508,0.43474,0.25605,0.25418,0.22504,0.18918,0.20063,0.33233,0.76671,0.77122,0.49994,0.50342,0.35417,0.21153,0.62186,0.65159,0.22034,0.1997,0.54212,0.50821,0.73612,0.74811,0.25422,0.23179,0.31423,0.37728,0.23715,0.39433,0.35676,0.40062,0.35698,0.27397,0.43936,0.43493,0.26509,0.34801,0.20184,0.29015,0.235,0.25497,0.34761,0.40322,-0.012647,0.08822,0.2416,0.23011,0.033163,0.0049206,0.16772,0.10044,0.035307,0.076936,0.19297,0.33534,0.27439,0.13789,0.15243,0.13584,0.37754,0.018436,0.13431,0.12181,0.21189,0.11724,-0.038732,0.20573,0.16703,-0.10591
0.33062,0.38328,0.40011,0.36923,0.4092,0.29713,0.23251,0.30697,0.32133,0.29745,0.12827,0.23001,0.17256,0.21131,0.28379,0.36252,0.26106,0.36492,0.38124,0.43364,1,0.68997,0.36723,0.31877,0.36585,0.40757,0.31336,0.31549,0.26723,0.38272,0.30142,0.35131,0.35981,0.33511,0.23452,0.2248,0.15729,0.21485,0.22157,0.36335,0.16011,0.30405,0.22146,0.23844,0.25852,0.28249,0.26053,0.30506,0.23393,0.27671,0.21296,0.21548,0.19009,0.12385,0.22843,0.29648,0.35197,0.39974,0.27857,0.29763,0.12886,0.15724,0.29661,0.36342,0.18874,0.1736,0.40172,0.35744,0.40652,0.43363,0.16483,0.12081,0.17747,0.22112,0.078089,0.16337,0.17568,0.19742,0.26569,0.19609,0.22402,0.28293,0.22592,0.22442,0.098568,0.2418,0.1504,0.1768,0.19253,0.31192,-0.07838,0.048154,0.19048,0.11537,0.086364,0.0091688,0.089713,0.064792,-0.043716,0.041862,0.10542,0.13132,0.10957,0.0072323,0.086887,0.080493,0.15897,-0.080595,0.069329,0.041939,0.058146,0.04427,-0.040899,0.15138,0.090891,0.049036
0.25165,0.3109,0.37506,0.32935,0.5083,0.43212,0.22091,0.23484,0.40465,0.46027,-0.04502,0.27064,0.17077,0.24561,0.25786,0.51725,-0.027805,0.27961,0.32439,0.36603,0.68997,1,0.37743,0.38125,0.3331,0.30082,0.17057,0.27758,0.010354,0.29434,0.021046,0.11182,0.13337,0.14889,0.025478,-0.00092153,-0.068506,0.15474,0.17492,0.39726,-0.15717,0.24219,0.10102,0.087304,0.13552,0.13576,0.071606,0.12377,0.14193,0.17343,0.19875,0.215,0.31405,0.11512,0.039564,0.11922,0.17197,0.34338,0.19292,0.27314,0.029994,0.14468,0.19606,0.36425,0.15956,0.14971,0.24693,0.20608,0.3227,0.32313,-0.16247,-0.11587,-0.16141,-0.026075,-0.20125,-0.016405,-0.1167,-0.064137,0.02171,-0.052782,0.064515,0.18849,0.28302,0.39151,0.08438,0.26527,0.38291,0.53089,0.054453,0.35117,-0.20285,-0.0064484,0.35347,0.19854,-0.1055,-0.15266,-0.14836,-0.08353,-0.2553,-0.097402,0.23304,0.22122,0.12696,-0.061505,-0.085656,-0.092737,0.27313,-0.21698,-0.12091,-0.15331,-0.067715,-0.045434,-0.11099,0.17933,-0.046406,0.0054775
0.50791,0.38113,0.76137,0.61254,0.72804,0.47158,0.61312,0.57332,0.61428,0.46414,0.41673,0.4233,0.62634,0.55936,0.66701,0.65801,0.29342,0.36929,0.58974,0.51192,0.36723,0.37743,1,0.88998,0.74373,0.63708,0.62895,0.694,0.26859,0.2743,0.27555,0.39786,0.48812,0.43304,0.4876,0.38479,0.22693,0.25235,0.1591,0.29104,0.090644,0.16822,0.23632,0.22823,0.22145,0.22844,0.15194,0.25415,0.17597,0.18559,0.20685,0.2166,0.26929,0.26216,0.17391,0.1669,0.38578,0.35433,0.22,0.26945,0.37427,0.39559,0.50568,0.39069,0.68249,0.61406,0.59629,0.52424,0.21422,0.27169,0.23799,0.16793,0.078387,0.042689,0.14474,0.17189,0.09996,0.11966,0.26161,0.22469,0.42897,0.52066,0.37182,0.52197,0.60397,0.59517,0.34695,0.46033,0.41806,0.47048,0.056828,0.15819,0.28488,0.4002,-0.092663,-0.11423,-0.1567,-0.13964,-0.11491,-0.092205,0.13446,0.34842,0.029205,0.030723,0.12995,0.101,0.14781,-0.15129,-0.057416,-0.05917,-0.1281,-0.14534,-0.13587,0.007655,0.012765,-0.08123
0.38471,0.24662,0.60009,0.58214,0.63829,0.46723,0.45034,0.47441,0.4903,0.38449,0.25848,0.43744,0.48961,0.52542,0.60414,0.65366,0.14209,0.24242,0.42945,0.38814,0.31877,0.38125,0.88998,1,0.70193,0.6432,0.59418,0.71661,0.13274,0.1634,0.16984,0.31573,0.35398,0.2884,0.38283,0.32228,0.21234,0.26497,0.14808,0.31616,0.084079,0.16677,0.12046,0.11511,0.10121,0.093871,0.045222,0.13483,0.070989,0.065302,0.18791,0.19978,0.25727,0.28367,0.15241,0.11423,0.23965,0.21273,0.06617,0.13038,0.22728,0.33752,0.40512,0.30807,0.64636,0.62193,0.52249,0.48053,0.13714,0.17198,0.14328,0.078593,0.021512,-0.0029878,0.094197,0.11856,0.066934,0.076211,0.15366,0.088587,0.31876,0.43813,0.35781,0.49483,0.56888,0.61325,0.31884,0.45453,0.34279,0.43492,0.098762,0.1326,0.32292,0.36957,-0.14707,-0.13139,-0.16661,-0.14617,-0.11385,-0.08761,0.17289,0.31647,0.046318,0.060292,0.17479,0.10459,0.17375,-0.10193,-0.073274,-0.083875,-0.12422,-0.15103,-0.095269,0.051752,0.036634,-0.086507
0.49299,0.33078,0.67366,0.58901,0.56458,0.52946,0.61897,0.52455,0.5403,0.44561,0.29334,0.14259,0.48285,0.34893,0.56725,0.52867,0.23521,0.22174,0.46011,0.37922,0.36585,0.3331,0.74373,0.70193,1,0.82948,0.67882,0.69897,0.18128,0.061099,0.27163,0.30886,0.51787,0.38015,0.64651,0.48493,0.22843,0.16623,0.29141,0.28593,0.048272,0.053851,0.38184,0.37561,0.39419,0.40076,0.30363,0.38338,0.35746,0.35457,0.35578,0.34152,0.29053,0.34103,0.21798,0.23424,0.40983,0.35604,0.35372,0.35651,0.48919,0.46286,0.3937,0.31522,0.68316,0.65096,0.72011,0.63551,0.23959,0.29534,0.27416,0.21342,0.064014,-0.0034952,0.17297,0.13935,0.1181,0.10845,0.17234,0.14736,0.30106,0.3228,0.30566,0.33992,0.39306,0.41225,0.24499,0.25847,0.29265,0.41915,-0.01915,0.0067749,0.10528,0.19888,-0.029655,-0.068061,-0.037826,-0.037128,-0.1162,-0.10937,0.069008,0.19365,0.061058,0.020773,0.14274,0.15474,0.19007,-0.049561,-0.015672,0.025507,-0.095091,-0.19093,-0.19063,-0.026443,-0.033467,-0.031163
0.42795,0.25542,0.62107,0.68187,0.43897,0.46425,0.60265,0.61537,0.44241,0.4014,0.27405,0.16353,0.35702,0.32781,0.49545,0.39404,0.2508,0.1382,0.4169,0.36816,0.40757,0.30082,0.63708,0.6432,0.82948,1,0.70072,0.74038,0.2302,0.068927,0.48148,0.50645,0.63655,0.50627,0.68153,0.63572,0.36526,0.2784,0.27781,0.35834,0.22631,0.13567,0.31388,0.33173,0.31692,0.36703,0.30685,0.35648,0.29567,0.30925,0.33081,0.33033,0.18774,0.27763,0.28614,0.27009,0.36454,0.24182,0.38182,0.40055,0.49489,0.49868,0.33242,0.26438,0.55688,0.68605,0.73163,0.74513,0.31868,0.37452,0.38298,0.32098,0.27485,0.18084,0.37809,0.31145,0.32225,0.29807,0.16737,0.13918,0.20527,0.19344,0.17508,0.20637,0.21448,0.28152,0.048507,0.072504,0.33388,0.36639,0.1778,0.10463,0.16899,0.1968,0.074269,0.093898,0.13469,0.1328,0.068611,0.046686,0.14239,0.23904,0.1266,0.13605,0.29201,0.29766,0.18965,0.13642,0.18794,0.14714,0.069573,-0.079388,-0.018922,0.067125,0.17445,-0.0028997
0.39438,0.25863,0.56216,0.56776,0.57421,0.37933,0.51997,0.52736,0.48487,0.32707,0.27947,0.20982,0.32349,0.37405,0.43102,0.31438,0.20545,0.09624,0.39188,0.37024,0.31336,0.17057,0.62895,0.59418,0.67882,0.70072,1,0.77679,0.20984,0.0059276,0.29698,0.37257,0.51652,0.43858,0.50746,0.46333,0.19593,0.15256,0.073681,0.203,0.11684,0.078921,0.32789,0.33046,0.2989,0.35129,0.28968,0.33955,0.29978,0.32427,0.33647,0.36878,0.26043,0.34546,0.30284,0.29357,0.31974,0.23484,0.3646,0.37251,0.42125,0.38651,0.33967,0.23798,0.43655,0.54994,0.62562,0.62616,0.26243,0.32391,0.23172,0.16772,0.15733,0.045465,0.19909,0.21442,0.19345,0.16987,0.14594,0.085383,0.23533,0.22594,0.14665,0.23222,0.27892,0.31955,0.00016144,0.15341,0.33748,0.36773,0.058484,0.039827,0.11273,0.16954,-0.045703,-0.088509,0.027617,-0.0043812,-0.013683,-0.017099,0.057368,0.20674,0.035958,0.034232,0.16182,0.12189,0.11225,0.014625,-0.0077724,0.022267,-0.02178,-0.15889,-0.1322,-0.053476,0.03691,-0.11134
0.45582,0.29463,0.57734,0.58778,0.55664,0.50207,0.52892,0.5329,0.44847,0.33942,0.34444,0.3324,0.43905,0.44418,0.55582,0.4949,0.17153,0.16777,0.43483,0.40712,0.31549,0.27758,0.694,0.71661,0.69897,0.74038,0.77679,1,0.16552,0.054576,0.21299,0.29551,0.43937,0.37697,0.45131,0.41076,0.30951,0.26243,0.16231,0.30947,0.16569,0.13532,0.23136,0.22991,0.2129,0.2424,0.17015,0.24133,0.20089,0.20082,0.29576,0.29678,0.27155,0.34712,0.23642,0.17531,0.30389,0.25314,0.22672,0.27365,0.34066,0.33489,0.34399,0.25588,0.55635,0.59912,0.57541,0.56857,0.24601,0.27537,0.20764,0.13896,0.12194,0.050538,0.20333,0.20568,0.13104,0.13263,0.13856,0.068887,0.24549,0.27872,0.22595,0.32389,0.40076,0.4443,0.14673,0.18699,0.38384,0.38437,0.049783,0.02063,0.14666,0.18513,-0.045572,-0.053816,-0.011496,-0.034067,-0.099705,-0.10104,0.059553,0.18387,0.025079,0.0060186,0.18786,0.15091,0.10544,-0.017245,0.025959,0.034142,-0.064567,-0.21102,-0.11328,-0.026682,0.023538,-0.1043
0.34136,0.33522,0.33681,0.30513,0.20682,-0.12677,0.30484,0.36855,0.24633,0.032208,0.35714,0.26387,0.37274,0.28247,0.4403,0.25243,0.69088,0.52366,0.36045,0.38141,0.26723,0.010354,0.26859,0.13274,0.18128,0.2302,0.20984,0.16552,1,0.67031,0.43786,0.42816,0.41216,0.39132,0.21839,0.21478,0.33067,0.21654,0.082009,0.1561,0.28035,0.24896,0.19943,0.18772,0.19016,0.17738,0.24091,0.23893,0.14947,0.1631,0.026064,0.023212,-0.092307,-0.057134,0.29052,0.29125,0.4694,0.35816,0.27078,0.22798,0.29627,0.17047,0.47993,0.43006,0.054013,0.061912,0.21288,0.15045,0.2742,0.26727,0.52155,0.5416,0.46058,0.36529,0.42535,0.34123,0.42509,0.43936,0.62621,0.56509,0.61196,0.50675,0.48019,0.40846,0.17687,0.16598,-0.063526,0.040391,0.35391,0.2287,0.20968,0.21661,0.15374,0.19713,0.32139,0.29597,0.36555,0.31889,0.27628,0.25016,0.14593,0.21911,0.18696,0.28363,0.31649,0.31276,0.098145,0.13496,0.33137,0.40965,0.21522,0.19069,0.21469,0.24425,0.33446,0.30826
0.24102,0.44291,0.31228,0.31188,0.30692,-0.030025,0.19099,0.32879,0.25707,0.16829,0.23284,0.36393,0.28414,0.29135,0.30847,0.37918,0.55795,0.7151,0.35826,0.4801,0.38272,0.29434,0.2743,0.1634,0.061099,0.068927,0.0059276,0.054576,0.67031,1,0.30458,0.34144,0.27719,0.34741,-0.013014,0.038973,0.23711,0.3435,0.069361,0.31345,0.24058,0.44947,0.038843,0.030041,0.078009,0.037095,0.087678,0.11714,0.00010141,0.029026,-0.11501,-0.086851,-0.077092,-0.17195,0.18332,0.22557,0.39688,0.46961,0.070976,0.14698,0.049112,0.052995,0.46486,0.58035,-1.1985e-05,-0.080475,0.073193,0.018954,0.32729,0.3159,0.27372,0.27704,0.27783,0.37882,0.16609,0.25423,0.24257,0.29549,0.47783,0.47162,0.41884,0.463,0.37389,0.48684,0.15053,0.25095,0.14823,0.30614,0.32223,0.30663,0.212,0.31516,0.40621,0.34956,0.27048,0.21699,0.31412,0.29056,0.27002,0.29689,0.32885,0.35522,0.31584,0.28961,0.21485,0.1684,0.25292,0.096533,0.26148,0.30591,0.27389,0.36613,0.317,0.42157,0.32077,0.18892
0.15584,0.15078,0.41727,0.49822,0.0016882,-0.064424,0.32104,0.40811,0.092856,-0.00038022,0.21962,0.034728,-0.001025,0.0085152,0.14738,-0.07371,0.31141,0.072787,0.31897,0.3437,0.30142,0.021046,0.27555,0.16984,0.27163,0.48148,0.29698,0.21299,0.43786,0.30458,1,0.92295,0.64134,0.64777,0.42827,0.53186,0.47506,0.42907,0.337,0.41091,0.55971,0.36784,0.13735,0.17088,0.21002,0.25344,0.2021,0.22595,0.13484,0.188,-0.0023631,0.015002,-0.24889,-0.1476,0.28319,0.25816,0.23934,0.097175,0.26414,0.23867,0.28046,0.21193,0.32023,0.1608,0.087214,0.20916,0.41434,0.47058,0.38242,0.43219,0.52777,0.4415,0.57541,0.51855,0.52996,0.42549,0.5674,0.54157,0.20587,0.21389,0.11848,0.060113,0.054013,0.078961,-0.043103,0.058646,-0.15766,-0.18961,0.34701,0.12424,0.41353,0.3379,0.12033,0.19342,0.41118,0.48791,0.42827,0.4185,0.42848,0.31986,0.16626,0.2418,0.25975,0.34394,0.43764,0.45361,0.20214,0.40854,0.4879,0.36111,0.3306,0.20905,0.34226,0.22623,0.39627,0.06502
0.22048,0.18813,0.46125,0.54803,0.10244,-0.0020778,0.33994,0.44805,0.14391,0.059625,0.27667,0.1065,0.079056,0.10005,0.20745,0.031209,0.31507,0.13047,0.37485,0.40736,0.35131,0.11182,0.39786,0.31573,0.30886,0.50645,0.37257,0.29551,0.42816,0.34144,0.92295,1,0.64202,0.667,0.42196,0.52934,0.44637,0.43956,0.30764,0.41404,0.52639,0.3864,0.086737,0.1175,0.13524,0.18401,0.12585,0.16601,0.066457,0.11956,-0.025651,0.0047017,-0.19015,-0.08602,0.22548,0.20569,0.24787,0.11298,0.22652,0.21867,0.27923,0.23936,0.35232,0.19026,0.16587,0.27445,0.40766,0.46584,0.35329,0.41194,0.45378,0.36251,0.51179,0.46967,0.46854,0.38532,0.49741,0.48376,0.2148,0.22902,0.14117,0.11808,0.12312,0.16744,0.029305,0.11194,-0.070434,-0.075388,0.35744,0.14651,0.3588,0.3074,0.16285,0.2348,0.32743,0.41996,0.3133,0.31498,0.32923,0.23796,0.15714,0.26602,0.21164,0.298,0.39922,0.37162,0.23236,0.31821,0.39688,0.28418,0.24228,0.14806,0.27325,0.16666,0.32432,0.0045077
0.57557,0.58548,0.6943,0.74017,0.34743,0.3233,0.57847,0.66154,0.37327,0.29773,0.38612,0.1306,0.30154,0.21246,0.3891,0.21494,0.51505,0.36279,0.69285,0.70482,0.35981,0.13337,0.48812,0.35398,0.51787,0.63655,0.51652,0.43937,0.41216,0.27719,0.64134,0.64202,1,0.93821,0.82186,0.81069,0.40727,0.37816,0.23383,0.30469,0.30729,0.35702,0.38131,0.38673,0.38957,0.47395,0.37041,0.42167,0.35068,0.42098,0.21661,0.22766,0.098457,0.13135,0.25707,0.30534,0.64207,0.5272,0.5835,0.56994,0.63382,0.55581,0.55359,0.45735,0.41628,0.53538,0.76134,0.76796,0.58755,0.65859,0.55883,0.50078,0.53781,0.46186,0.52041,0.53156,0.60873,0.61652,0.41366,0.36468,0.39372,0.32688,0.10824,0.15401,0.13428,0.11987,-0.0070554,-0.023827,0.45162,0.32944,0.24212,0.18932,0.19843,0.26354,0.15742,0.18488,0.28754,0.22794,0.21427,0.18027,0.19378,0.34878,0.28402,0.30032,0.31885,0.36983,0.29132,0.23988,0.30629,0.24126,0.26267,0.099387,0.11927,0.18131,0.28799,-0.0171
0.55219,0.637,0.6633,0.72922,0.32647,0.31471,0.51667,0.63462,0.32686,0.28782,0.3824,0.18188,0.26252,0.20052,0.34375,0.19304,0.50119,0.37984,0.74567,0.78463,0.33511,0.14889,0.43304,0.2884,0.38015,0.50627,0.43858,0.37697,0.39132,0.34741,0.64777,0.667,0.93821,1,0.70873,0.76062,0.39525,0.42861,0.2279,0.33404,0.36984,0.44404,0.36487,0.37156,0.36916,0.44993,0.34028,0.4121,0.32935,0.41102,0.18642,0.20127,0.079002,0.10017,0.22847,0.30001,0.62921,0.54565,0.54865,0.5563,0.52541,0.45556,0.56293,0.48716,0.27043,0.38951,0.65257,0.68979,0.61245,0.685,0.50559,0.44411,0.54059,0.52144,0.49625,0.54432,0.6136,0.62947,0.39198,0.3307,0.3683,0.30286,0.077576,0.15909,0.082121,0.093398,0.020709,0.008646,0.41899,0.30939,0.25018,0.22815,0.23457,0.28795,0.12975,0.17404,0.28177,0.21961,0.23858,0.20723,0.2219,0.37341,0.32985,0.30862,0.29765,0.3523,0.33916,0.23887,0.30675,0.21647,0.299,0.16991,0.17062,0.24201,0.30708,-0.03518
0.49895,0.42483,0.59143,0.6013,0.30302,0.4008,0.5543,0.56208,0.35405,0.30794,0.37324,-0.012501,0.37909,0.1893,0.43,0.23809,0.38507,0.19591,0.52897,0.45795,0.23452,0.025478,0.4876,0.38283,0.64651,0.68153,0.50746,0.45131,0.21839,-0.013014,0.42827,0.42196,0.82186,0.70873,1,0.88054,0.36355,0.27856,0.22673,0.19722,0.1611,0.16096,0.45089,0.45769,0.42845,0.50692,0.40113,0.45241,0.39929,0.42504,0.29338,0.27193,0.1502,0.24592,0.22719,0.27156,0.5208,0.38297,0.51617,0.47728,0.63095,0.56704,0.37574,0.21863,0.55966,0.65246,0.81089,0.79601,0.37081,0.45596,0.49173,0.42268,0.37899,0.28384,0.46527,0.41604,0.49905,0.48871,0.29866,0.29151,0.34684,0.26624,0.064541,0.054454,0.20313,0.097972,0.010429,-0.080514,0.33153,0.25617,0.17708,0.090916,0.07564,0.19524,0.096721,0.10688,0.16054,0.098443,0.097471,0.075272,0.083625,0.24326,0.14555,0.18825,0.21789,0.33537,0.2012,0.1414,0.21928,0.1746,0.11987,-0.022605,-0.039001,0.02108,0.16434,-0.013865
0.40578,0.39185,0.49679,0.61415,0.20989,0.32851,0.43549,0.55137,0.23391,0.17977,0.31828,0.023573,0.23968,0.15073,0.31116,0.12088,0.36993,0.17635,0.49828,0.48438,0.2248,-0.00092153,0.38479,0.32228,0.48493,0.63572,0.46333,0.41076,0.21478,0.038973,0.53186,0.52934,0.81069,0.76062,0.88054,1,0.44738,0.45195,0.23136,0.32415,0.29943,0.30364,0.37456,0.41032,0.37596,0.47163,0.3631,0.42546,0.33721,0.39702,0.26092,0.26068,0.040611,0.1471,0.28252,0.31742,0.46047,0.30632,0.4453,0.42863,0.49001,0.45825,0.3341,0.18525,0.38204,0.5617,0.73215,0.81063,0.41647,0.49489,0.50912,0.41922,0.49437,0.4284,0.53681,0.51309,0.6408,0.63062,0.29641,0.27103,0.25532,0.18579,-0.012032,-0.017841,0.085073,0.07461,-0.084896,-0.14896,0.33068,0.23035,0.35781,0.24262,0.18309,0.25193,0.1786,0.2392,0.31879,0.26264,0.28534,0.25849,0.21422,0.33304,0.27589,0.33359,0.37763,0.45429,0.32744,0.31233,0.33221,0.27125,0.33225,0.16444,0.15843,0.16098,0.33784,0.015507
0.29758,0.21276,0.32689,0.37338,-0.047547,0.1093,0.28243,0.36629,-0.064487,-0.10683,0.34437,0.30719,0.23733,0.22753,0.25466,0.10602,0.29109,0.097575,0.29242,0.28885,0.15729,-0.068506,0.22693,0.21234,0.22843,0.36526,0.19593,0.30951,0.33067,0.23711,0.47506,0.44637,0.40727,0.39525,0.36355,0.44738,1,0.70516,0.60762,0.54954,0.68295,0.49289,0.15492,0.18224,0.13518,0.17253,0.22265,0.23755,0.15122,0.1684,0.22458,0.19676,0.019777,0.1724,0.49053,0.36733,0.24305,0.11215,0.19172,0.17183,0.23016,0.12683,0.32839,0.11077,0.19892,0.27406,0.33938,0.38099,0.18371,0.19706,0.5337,0.4363,0.50636,0.46031,0.55838,0.46733,0.52996,0.50723,0.16805,0.14649,0.22622,0.15322,0.18436,0.12817,0.26974,0.31129,0.085151,-0.082215,0.45864,0.30523,0.39152,0.31747,0.075347,0.22466,0.42458,0.47985,0.4371,0.40597,0.36284,0.3056,0.19689,0.26933,0.3304,0.41954,0.54886,0.50639,0.23251,0.49813,0.51793,0.48771,0.29304,0.1918,0.28206,0.1758,0.4053,0.11354
0.16893,0.25042,0.32797,0.4333,0.11323,0.20748,0.21496,0.34445,0.026109,0.065582,0.22725,0.32319,0.19626,0.27122,0.20283,0.24498,0.21085,0.1583,0.32404,0.37481,0.21485,0.15474,0.25235,0.26497,0.16623,0.2784,0.15256,0.26243,0.21654,0.3435,0.42907,0.43956,0.37816,0.42861,0.27856,0.45195,0.70516,1,0.4386,0.70459,0.51022,0.70819,0.024113,0.047321,0.07657,0.090706,0.078552,0.12909,0.042071,0.088503,0.14397,0.11804,0.0064097,0.027347,0.39427,0.31536,0.15359,0.12967,0.090803,0.15226,0.080173,0.10217,0.29265,0.16909,0.17642,0.24462,0.27717,0.33005,0.27716,0.27795,0.42809,0.308,0.46523,0.53373,0.42267,0.56636,0.55255,0.54858,0.13306,0.12992,0.15839,0.21375,0.064502,0.23665,0.23002,0.40604,0.15074,0.15359,0.48768,0.4169,0.5883,0.59941,0.47985,0.54154,0.35283,0.48996,0.46944,0.50403,0.51309,0.5292,0.52819,0.56199,0.54319,0.59395,0.62326,0.58176,0.49174,0.58581,0.50936,0.43796,0.50712,0.45666,0.49486,0.48982,0.59653,0.14286
0.2575,0.15511,0.25713,0.21795,-0.1103,0.19969,0.20241,0.17746,-0.10409,0.011731,0.080687,0.12422,0.075731,0.074059,0.18156,0.14019,0.043397,-0.02665,0.25434,0.20097,0.22157,0.17492,0.1591,0.14808,0.29141,0.27781,0.073681,0.16231,0.082009,0.069361,0.337,0.30764,0.23383,0.2279,0.22673,0.23136,0.60762,0.4386,1,0.62309,0.51458,0.35604,0.23188,0.25786,0.25275,0.25975,0.22611,0.27426,0.267,0.27456,0.29401,0.2677,0.079718,0.17865,0.3441,0.30573,0.18161,0.14245,0.2166,0.1749,0.15027,0.050368,0.2173,0.11097,0.16379,0.13637,0.31769,0.30522,0.17629,0.19867,0.22164,0.19497,0.16487,0.16632,0.18901,0.15307,0.1676,0.15012,-0.083824,-0.066259,0.0421,-0.0096193,0.37579,0.27631,0.12293,0.22481,0.43526,0.15871,0.18179,0.21171,0.0083849,0.017297,-0.075191,0.0077129,0.25981,0.35374,0.18778,0.23047,0.016731,0.0059679,0.081995,0.059611,0.19067,0.13952,0.34197,0.34216,0.32126,0.3304,0.31028,0.2263,0.03163,-0.085846,0.0045102,0.010573,0.11251,0.18989
0.19543,0.23856,0.36484,0.43494,0.17329,0.2252,0.22694,0.33835,0.13512,0.12512,0.11382,0.21618,0.093246,0.19286,0.20245,0.27472,0.11429,0.16399,0.32612,0.36863,0.36335,0.39726,0.29104,0.31616,0.28593,0.35834,0.203,0.30947,0.1561,0.31345,0.41091,0.41404,0.30469,0.33404,0.19722,0.32415,0.54954,0.70459,0.62309,1,0.47742,0.5719,0.17232,0.21413,0.23672,0.24453,0.2102,0.27403,0.21006,0.23424,0.25086,0.24407,0.019953,0.025609,0.45113,0.43599,0.17677,0.1778,0.12765,0.15077,0.016963,0.029004,0.21303,0.19076,0.14183,0.17504,0.36752,0.41621,0.33933,0.33743,0.21887,0.15657,0.23868,0.31212,0.20077,0.30994,0.30733,0.30879,0.013703,-0.016281,0.047123,0.0968,0.25128,0.3675,0.11591,0.34934,0.29649,0.2869,0.35751,0.34035,0.2604,0.33091,0.30797,0.32257,0.35575,0.44857,0.41066,0.45028,0.2785,0.30424,0.3487,0.35653,0.35226,0.35213,0.42739,0.42698,0.45778,0.4004,0.41296,0.31705,0.30621,0.20743,0.27988,0.34589,0.36015,0.096291
0.16363,0.17224,0.17803,0.30113,-0.18926,-0.12864,0.10972,0.22442,-0.19077,-0.2196,0.26042,0.16292,-0.011691,0.024109,0.0772,-0.10152,0.27155,0.058273,0.20391,0.27073,0.16011,-0.15717,0.090644,0.084079,0.048272,0.22631,0.11684,0.16569,0.28035,0.24058,0.55971,0.52639,0.30729,0.36984,0.1611,0.29943,0.68295,0.51022,0.51458,0.47742,1,0.5324,0.0039215,0.05934,0.024066,0.059265,0.09511,0.11293,0.024926,0.035298,0.026432,0.013043,-0.20525,0.0057969,0.33375,0.2727,0.15853,0.06594,0.019476,-0.0002622,0.033068,-0.075558,0.2216,0.047845,0.018355,0.0026388,0.11799,0.19978,0.21863,0.2277,0.41095,0.30225,0.57285,0.51082,0.45614,0.34229,0.40503,0.39553,0.062548,0.060746,0.013092,-0.026216,0.057368,0.021162,0.052046,0.12679,-0.012084,-0.20857,0.28081,0.074924,0.3155,0.21318,-0.06607,0.030799,0.30828,0.43488,0.38015,0.35576,0.35191,0.22948,-0.014399,0.04273,0.16095,0.22823,0.3867,0.32645,0.17134,0.45014,0.46218,0.29856,0.26235,0.18073,0.28234,0.10424,0.31602,-0.0042708
0.14992,0.38677,0.23253,0.32147,0.10442,0.020005,0.043852,0.18562,0.015591,-0.010872,0.072612,0.23094,0.022013,0.079653,0.10319,0.16136,0.30726,0.31604,0.33122,0.44746,0.30405,0.24219,0.16822,0.16677,0.053851,0.13567,0.078921,0.13532,0.24896,0.44947,0.36784,0.3864,0.35702,0.44404,0.16096,0.30364,0.49289,0.70819,0.35604,0.5719,0.5324,1,0.00042298,0.0091674,0.10396,0.086768,0.046401,0.08585,0.036108,0.07715,0.014601,0.0028058,-0.10241,-0.068559,0.25342,0.24117,0.26554,0.2991,0.028025,0.09369,-0.030166,-0.030443,0.35044,0.27911,0.05179,0.013814,0.16894,0.19626,0.37902,0.36782,0.37027,0.29685,0.54855,0.65969,0.33732,0.51629,0.50336,0.53496,0.22225,0.18835,0.16865,0.2217,0.057716,0.25316,0.090686,0.2654,0.12602,0.16682,0.31053,0.29533,0.37572,0.40051,0.3715,0.3919,0.24481,0.3327,0.41265,0.41314,0.3835,0.39683,0.38579,0.40957,0.46752,0.46687,0.44866,0.41533,0.4965,0.44937,0.4017,0.27993,0.47576,0.41987,0.35449,0.4428,0.48837,0.1898
