1,0.63223,0.55906,0.47756,0.35609,0.30078,0.49618,0.47063,0.40136,0.4147,0.62396,0.47137,0.58471,0.42808,0.45555,0.45695,0.64796,0.6229,0.71417,0.59848,0.38597,0.38901,0.31669,0.22214,0.23664,0.1265,0.38713,0.13518,0.5647,0.5525,0.35762,0.41823,0.59047,0.62803,0.21563,0.25237,0.39365,0.4194,0.49893,0.31392,0.49487,0.4663,0.35106,0.35543,0.31673,0.34688,0.36452,0.41175,0.47531,0.51626,0.44609,0.35814,0.11415,0.048813,0.22484,0.32065,0.76986,0.61852,0.70642,0.63498,0.50262,0.4164,0.65566,0.59325,0.24017,0.29127,0.4015,0.42553,0.43885,0.4001,0.43182,0.52124,0.61865,0.61956,0.43136,0.55865,0.50715,0.53622,0.3719,0.6692,0.38586,0.46993,0.48474,0.52135,0.60913,0.39976,0.40383,0.47489,0.53935,0.5521,0.4929,0.59546,0.39403,0.62022,0.43278,0.39229,0.32818,0.47588,0.55674,0.61919,0.51404,0.57572,0.55911,0.46579,0.33603,0.45275,0.43979,0.24472,0.17709,0.49848,0.44154,0.56819,0.35375,0.52084,0.32885,0.082272
0.63223,1,0.55874,0.50047,0.45549,0.37068,0.47281,0.4297,0.50667,0.38652,0.45103,0.46472,0.43676,0.46668,0.59009,0.54114,0.59451,0.65732,0.6807,0.76633,0.57342,0.55156,0.38451,0.29867,0.38155,0.32411,0.42729,0.32686,0.70095,0.65502,0.51752,0.54474,0.69396,0.81357,0.26833,0.33355,0.56451,0.49985,0.58738,0.44972,0.64733,0.60712,0.4405,0.36333,0.34767,0.39868,0.52384,0.41695,0.44174,0.50584,0.41332,0.4111,0.21695,0.17757,0.32321,0.36912,0.59912,0.86887,0.39039,0.43323,0.15318,0.13295,0.56829,0.654,0.11875,0.041424,0.37922,0.34327,0.58479,0.58133,0.44922,0.38355,0.62395,0.58058,0.48997,0.53939,0.46173,0.50844,0.34959,0.64451,0.37638,0.42439,0.62316,0.69087,0.32207,0.30293,0.43782,0.44858,0.30365,0.35601,0.46316,0.33097,0.34351,0.5,0.4439,0.46708,0.6366,0.46852,0.76817,0.52421,0.45661,0.4671,0.47474,0.36096,0.22903,0.34044,0.23058,0.19635,0.1865,0.3749,0.63659,0.71967,0.49611,0.55532,0.33284,0.1168
0.55906,0.55874,1,0.74464,0.7567,0.4911,0.82333,0.4623,0.77588,0.51099,0.50404,0.57702,0.70747,0.61893,0.69671,0.69706,0.58682,0.5754,0.63894,0.32266,0.69681,0.50977,0.81142,0.76846,0.66984,0.64422,0.64007,0.52083,0.66705,0.61484,0.7828,0.69916,0.5255,0.44782,0.65603,0.60983,0.3862,0.4611,0.44352,0.42102,0.44617,0.35312,0.36978,0.26616,0.30357,0.29378,0.42085,0.33688,0.31211,0.39214,0.38684,0.26861,0.29859,0.17153,0.27367,0.29243,0.51501,0.53409,0.51328,0.47416,0.59325,0.40009,0.6637,0.64284,0.6632,0.51649,0.51081,0.45468,0.21721,0.16381,0.51016,0.43927,0.48776,0.39899,0.43481,0.51167,0.17837,0.15703,0.42692,0.52302,0.43129,0.56611,0.51137,0.53137,0.62095,0.48182,0.24456,0.35376,0.5312,0.66935,0.58348,0.59617,0.3401,0.54422,0.29343,0.18819,0.3957,0.24165,0.46814,0.40087,0.33076,0.46286,0.32256,0.2709,0.063182,0.20394,0.078207,0.23172,0.026118,0.095896,0.45775,0.50382,0.3061,0.20747,0.11869,-0.17222
0.47756,0.50047,0.74464,1,0.74706,0.74404,0.85909,0.82922,0.75951,0.76946,0.305,0.61134,0.43773,0.67045,0.45102,0.61316,0.40479,0.33027,0.46329,0.40445,0.61207,0.53825,0.64219,0.78955,0.58799,0.53,0.63052,0.53367,0.60452,0.51271,0.72173,0.67853,0.60978,0.57642,0.53362,0.6077,0.22975,0.38591,0.40856,0.30812,0.40025,0.21386,0.31798,0.28892,0.34583,0.32767,0.3496,0.32302,0.29419,0.40636,0.3335,0.38513,0.24161,0.085774,0.29606,0.26652,0.43124,0.43851,0.53058,0.60329,0.53485,0.62501,0.44063,0.67546,0.43479,0.67382,0.62695,0.66142,0.35061,0.30793,0.44311,0.45227,0.40924,0.37536,0.26083,0.55232,0.29187,0.31145,0.36616,0.34825,0.41741,0.41656,0.37238,0.45739,0.47417,0.44908,0.059026,0.24378,0.44271,0.55923,0.65097,0.43496,0.60467,0.5488,0.27044,0.30297,0.39254,0.30297,0.38496,0.39878,0.4385,0.46546,0.30773,0.2836,0.19197,0.16381,0.28289,0.31321,0.23122,0.11019,0.46457,0.55362,0.43132,0.32825,0.22794,0.053253
0.35609,0.45549,0.7567,0.74706,1,0.70268,0.8525,0.58621,0.90411,0.66416,0.2052,0.40151,0.42118,0.4645,0.48806,0.51046,0.36153,0.32629,0.36854,0.1616,0.57658,0.4439,0.62754,0.71679,0.59104,0.4811,0.54216,0.43786,0.48684,0.33985,0.69156,0.60011,0.54897,0.41476,0.61159,0.63369,0.18918,0.33737,0.31131,0.30452,0.30607,0.21992,0.42326,0.32533,0.39876,0.43119,0.42205,0.35332,0.40986,0.44178,0.40004,0.29006,0.23584,0.10226,0.1834,0.20625,0.46723,0.4609,0.49109,0.51233,0.4985,0.49208,0.38636,0.60913,0.44225,0.56282,0.64488,0.57521,0.30618,0.22825,0.53564,0.43856,0.36513,0.30885,0.35092,0.53901,0.18567,0.17567,0.29113,0.30006,0.24858,0.39326,0.31902,0.26986,0.36033,0.32582,0.1039,0.037495,0.3408,0.49707,0.40526,0.33699,0.3555,0.36899,0.13813,0.035932,0.37741,0.15598,0.26533,0.31823,0.32588,0.29164,0.095507,0.25924,0.017283,0.16643,0.053888,0.13911,-0.0041132,0.016204,0.37392,0.49787,0.30387,0.16476,0.14578,-0.10649
0.30078,0.37068,0.4911,0.74404,0.70268,1,0.75701,0.79928,0.7116,0.84463,0.15533,0.45027,0.1954,0.54874,0.18389,0.43708,0.25042,0.17273,0.24965,0.2458,0.42283,0.31311,0.33274,0.50169,0.26928,0.25126,0.3124,0.41232,0.40925,0.33922,0.46043,0.45137,0.49415,0.42371,0.24496,0.41562,0.088881,0.19542,0.1764,0.13724,0.15845,0.065034,0.38755,0.38549,0.37938,0.42928,0.34739,0.33846,0.42449,0.48714,0.3721,0.31258,0.2795,0.052083,0.12891,0.11892,0.35127,0.36057,0.48948,0.47691,0.38696,0.47198,0.18797,0.4901,0.069098,0.46603,0.54087,0.5333,0.35254,0.30138,0.31101,0.37962,0.16421,0.18811,0.029264,0.41728,0.31013,0.36049,0.19041,0.16315,0.25286,0.22856,-0.0088408,0.2469,0.1731,0.1869,-0.18655,-0.035694,0.12356,0.24409,0.39287,0.26187,0.42907,0.33392,0.14493,0.11267,0.26971,0.15349,0.25338,0.26391,0.35995,0.3302,0.1766,0.27082,0.17319,0.17783,0.14909,0.27787,0.16095,0.089827,0.27972,0.4677,0.29664,0.35421,0.34826,0.21001
0.49618,0.47281,0.82333,0.85909,0.8525,0.75701,1,0.77004,0.88324,0.74811,0.38994,0.54043,0.45625,0.62018,0.46215,0.55402,0.43099,0.39203,0.49279,0.3243,0.66633,0.46752,0.58574,0.67903,0.51502,0.45324,0.51546,0.4018,0.5698,0.49242,0.71115,0.64468,0.63664,0.52724,0.44361,0.49584,0.29081,0.38501,0.35586,0.34407,0.36539,0.22019,0.39985,0.33897,0.35144,0.36887,0.41432,0.36966,0.36967,0.45443,0.40117,0.36276,0.21299,0.10146,0.22295,0.25022,0.46438,0.45666,0.55994,0.50732,0.59036,0.51169,0.4387,0.63236,0.42461,0.56758,0.61476,0.56121,0.34005,0.30604,0.54471,0.44472,0.37457,0.31167,0.2541,0.55406,0.29129,0.31076,0.3011,0.33606,0.28815,0.37884,0.30059,0.33184,0.39032,0.31334,0.073819,0.12267,0.371,0.47493,0.54863,0.50018,0.50812,0.49481,0.19101,0.15205,0.37929,0.23485,0.35036,0.37321,0.43841,0.46468,0.32566,0.34104,0.152,0.19064,0.12805,0.23511,0.053088,0.0655,0.4498,0.57104,0.41432,0.392,0.24691,-0.086788
0.47063,0.4297,0.4623,0.82922,0.58621,0.79928,0.77004,1,0.64191,0.8334,0.17867,0.49506,0.21891,0.56808,0.18747,0.38382,0.34987,0.21686,0.34422,0.39227,0.40764,0.38249,0.2571,0.45881,0.20552,0.18849,0.33268,0.27681,0.47092,0.41097,0.45304,0.47198,0.66448,0.63116,0.22634,0.42792,0.10643,0.27526,0.29128,0.22533,0.19838,0.073461,0.34725,0.40798,0.38768,0.42697,0.38101,0.41243,0.38856,0.55372,0.37484,0.51965,0.13816,0.070705,0.24257,0.27335,0.38821,0.33769,0.54678,0.6008,0.41752,0.60084,0.257,0.51561,0.16573,0.58084,0.62141,0.69226,0.4631,0.47887,0.40414,0.47384,0.29037,0.29972,0.046958,0.4904,0.37386,0.44507,0.29568,0.30728,0.29522,0.26367,0.13161,0.28849,0.25112,0.24097,-0.038196,0.099462,0.27196,0.27891,0.47667,0.2979,0.53493,0.39045,0.27723,0.34418,0.38142,0.35023,0.30265,0.39315,0.45848,0.3786,0.36577,0.27767,0.19255,0.21953,0.32261,0.22753,0.23842,0.23155,0.38896,0.49135,0.42716,0.47873,0.4224,0.20502
0.40136,0.50667,0.77588,0.75951,0.90411,0.7116,0.88324,0.64191,1,0.74699,0.23625,0.39598,0.35868,0.4744,0.45443,0.51006,0.38077,0.38563,0.40927,0.21693,0.55884,0.48351,0.56142,0.6264,0.45867,0.42703,0.43429,0.43894,0.5335,0.35285,0.70128,0.61627,0.54944,0.44973,0.52356,0.54109,0.21302,0.35701,0.33224,0.29681,0.28734,0.25047,0.42008,0.3267,0.37544,0.41235,0.4178,0.37657,0.4424,0.5011,0.3996,0.34617,0.21425,0.12613,0.16014,0.18966,0.53315,0.52189,0.54023,0.56514,0.54111,0.54351,0.33667,0.68602,0.38434,0.569,0.57936,0.53471,0.31941,0.25764,0.62087,0.53616,0.4145,0.27783,0.36778,0.56757,0.21807,0.23513,0.27002,0.31972,0.15292,0.30889,0.27514,0.25173,0.24809,0.17389,0.02613,-0.043361,0.28862,0.44498,0.45568,0.35594,0.29734,0.3959,0.15379,0.1013,0.37482,0.21637,0.3309,0.3602,0.3845,0.3312,0.19892,0.35762,0.043466,0.19457,0.10488,0.20722,-0.051189,0.10328,0.39704,0.50844,0.36071,0.2703,0.16951,-0.10615
0.4147,0.38652,0.51099,0.76946,0.66416,0.84463,0.74811,0.8334,0.74699,1,0.13378,0.46747,0.24307,0.52895,0.22215,0.4758,0.30195,0.22314,0.25339,0.26484,0.30676,0.22486,0.33182,0.52842,0.23761,0.27888,0.34507,0.36207,0.39746,0.25585,0.4151,0.4106,0.53246,0.4583,0.34771,0.45877,0.084589,0.31295,0.16054,0.1782,0.076986,-0.04022,0.3963,0.38284,0.37946,0.40513,0.36676,0.38105,0.4497,0.54112,0.38067,0.41345,0.25788,0.1847,0.18312,0.19495,0.44347,0.36416,0.52628,0.5809,0.51548,0.67226,0.25471,0.60604,0.24489,0.62799,0.55262,0.59502,0.39202,0.34464,0.44393,0.48212,0.22199,0.13111,0.12889,0.48886,0.41342,0.42989,0.27188,0.24072,0.23852,0.24385,0.086329,0.26042,0.24544,0.21827,-0.067093,-0.046322,0.22249,0.3381,0.47054,0.36647,0.42731,0.38749,0.27517,0.2739,0.23466,0.26295,0.27706,0.36731,0.45364,0.35675,0.26275,0.41029,0.2216,0.3146,0.31473,0.35999,0.17344,0.2504,0.29411,0.46363,0.33571,0.36922,0.34565,0.27319
0.62396,0.45103,0.50404,0.305,0.2052,0.15533,0.38994,0.17867,0.23625,0.13378,1,0.55757,0.73286,0.47877,0.56529,0.43784,0.38401,0.40629,0.65898,0.54595,0.44219,0.45212,0.44999,0.20076,0.32952,0.18664,0.4299,0.13417,0.43414,0.4947,0.39992,0.49982,0.23398,0.41579,0.058625,-0.047629,0.51545,0.42658,0.32372,0.41472,0.61387,0.50863,-0.1165,-0.16534,-0.25071,-0.25066,-0.011633,-0.1058,-0.13621,-0.019126,0.082471,0.11899,0.16568,0.0047625,0.19645,0.15886,0.18807,0.25436,0.22183,0.22746,0.41868,0.17929,0.57152,0.29208,0.23462,0.11512,-0.09565,-0.082048,0.031825,-0.0059424,0.17591,0.24919,0.56559,0.56067,0.34879,0.35222,0.30755,0.30962,0.23808,0.27959,0.39387,0.32707,0.40821,0.4341,0.58622,0.42566,0.5935,0.62318,0.5505,0.58807,0.54743,0.59882,0.38538,0.62711,0.26431,0.18618,0.12305,0.20122,0.42833,0.23864,0.40548,0.52323,0.52144,0.36251,0.28481,0.25624,0.060887,0.28907,0.016135,0.20081,0.22385,0.40226,0.46066,0.35333,0.034532,-0.12008
0.47137,0.46472,0.57702,0.61134,0.40151,0.45027,0.54043,0.49506,0.39598,0.46747,0.55757,1,0.69527,0.93431,0.74411,0.78354,0.46151,0.41361,0.40387,0.41835,0.43813,0.34372,0.67539,0.59469,0.59733,0.5036,0.73886,0.61473,0.56036,0.66791,0.48447,0.51847,0.41191,0.51025,0.26638,0.20044,0.516,0.50344,0.567,0.53657,0.56405,0.35496,0.10446,0.054496,0.030968,0.026176,0.29547,0.1462,0.081743,0.28252,0.38999,0.5002,0.57609,0.25282,0.57297,0.5386,0.215,0.28741,0.36015,0.40197,0.52075,0.37285,0.56035,0.52906,0.3811,0.3442,0.26778,0.27715,0.24709,0.21055,0.097896,0.15733,0.2841,0.29408,0.092549,0.28612,0.25488,0.26542,0.38905,0.39191,0.55758,0.40935,0.58801,0.6934,0.61773,0.54063,0.40772,0.52028,0.66976,0.68217,0.55486,0.55952,0.4174,0.58419,0.37606,0.45756,0.36673,0.33701,0.45563,0.38126,0.37675,0.47875,0.33132,0.4152,0.14406,0.41719,0.122,0.23648,0.32433,0.15177,0.37683,0.45934,0.45745,0.23974,0.13104,0.20303
0.58471,0.43676,0.70747,0.43773,0.42118,0.1954,0.45625,0.21891,0.35868,0.24307,0.73286,0.69527,1,0.64022,0.82221,0.6722,0.45286,0.41969,0.61448,0.34387,0.40404,0.39246,0.73685,0.55835,0.52368,0.40977,0.58978,0.40561,0.47003,0.55125,0.50372,0.5371,0.23598,0.33908,0.38265,0.22363,0.41437,0.43356,0.40067,0.41024,0.50095,0.39869,-0.049418,-0.1082,-0.12035,-0.12627,0.11306,-0.01693,-0.053374,0.10225,0.16384,0.13644,0.31547,0.085409,0.29473,0.25519,0.22339,0.25139,0.2836,0.36295,0.58739,0.36531,0.75009,0.39571,0.5949,0.37306,0.054155,0.065541,0.011373,-0.052954,0.22468,0.30641,0.46673,0.43833,0.35154,0.29361,0.10282,0.063035,0.426,0.39426,0.55771,0.55337,0.56766,0.59236,0.84682,0.60298,0.5836,0.65967,0.73199,0.7629,0.50309,0.59872,0.25837,0.56658,0.28984,0.17719,0.19589,0.16728,0.41545,0.28939,0.23024,0.40312,0.3788,0.21681,0.11587,0.32252,0.072984,0.2073,-0.014297,0.11767,0.20133,0.32826,0.35029,0.018915,-0.031794,-0.083387
0.42808,0.46668,0.61893,0.67045,0.4645,0.54874,0.62018,0.56808,0.4744,0.52895,0.47877,0.93431,0.64022,1,0.706,0.79711,0.42713,0.37762,0.36415,0.3631,0.47812,0.34965,0.65966,0.62807,0.56961,0.52404,0.68,0.66212,0.53006,0.63957,0.49921,0.50756,0.42671,0.48399,0.29672,0.27753,0.46852,0.47996,0.55174,0.48284,0.4865,0.31856,0.1518,0.11058,0.089366,0.10879,0.34329,0.20422,0.13757,0.37159,0.43746,0.53744,0.62008,0.31675,0.58215,0.5513,0.23659,0.31008,0.41883,0.43625,0.57408,0.40427,0.53126,0.57073,0.40354,0.40613,0.31967,0.33681,0.24388,0.23374,0.15719,0.22428,0.22661,0.25529,0.084275,0.28368,0.17597,0.22524,0.32826,0.37293,0.48472,0.39124,0.55903,0.673,0.57457,0.47215,0.32482,0.43086,0.65391,0.64013,0.57653,0.58601,0.42965,0.58497,0.34213,0.38471,0.37836,0.29228,0.47257,0.40845,0.30785,0.44192,0.29746,0.39901,0.1092,0.33037,0.14264,0.17381,0.22709,0.10928,0.40388,0.48008,0.41961,0.24483,0.17921,0.15412
0.45555,0.59009,0.69671,0.45102,0.48806,0.18389,0.46215,0.18747,0.45443,0.22215,0.56529,0.74411,0.82221,0.706,1,0.7733,0.51403,0.5594,0.54271,0.42261,0.50142,0.44649,0.80027,0.62877,0.6838,0.60771,0.68756,0.56443,0.66744,0.6384,0.62291,0.6179,0.37117,0.46496,0.42427,0.25703,0.55111,0.54818,0.60203,0.58287,0.68263,0.59489,0.063848,-0.047048,-0.024036,-0.0088944,0.25895,0.097974,0.029927,0.18544,0.28731,0.33152,0.44785,0.26337,0.44548,0.48153,0.30177,0.42018,0.19555,0.2799,0.43385,0.20795,0.62383,0.52478,0.46564,0.18515,0.14722,0.093689,0.24902,0.19883,0.25107,0.24525,0.44821,0.38435,0.36399,0.28185,0.076784,0.11307,0.36687,0.43408,0.49825,0.4846,0.81096,0.71909,0.65308,0.52641,0.56792,0.59287,0.69747,0.69035,0.48804,0.49708,0.22323,0.55213,0.3617,0.29022,0.39814,0.30311,0.50458,0.37452,0.28516,0.40418,0.34185,0.33077,0.12002,0.40451,0.11936,0.15591,0.066622,0.16739,0.42176,0.44961,0.38664,0.14033,0.011227,-0.037142
0.45695,0.54114,0.69706,0.61316,0.51046,0.43708,0.55402,0.38382,0.51006,0.4758,0.43784,0.78354,0.6722,0.79711,0.7733,1,0.52108,0.46544,0.44757,0.36839,0.47692,0.31011,0.74423,0.72211,0.69708,0.6819,0.72063,0.669,0.56858,0.58598,0.54664,0.52054,0.47571,0.47329,0.42847,0.41631,0.42305,0.4595,0.54059,0.46979,0.48979,0.38158,0.28462,0.21595,0.22862,0.24023,0.36979,0.29619,0.23967,0.34796,0.4226,0.40885,0.4441,0.30356,0.44289,0.48947,0.35074,0.41462,0.34293,0.36768,0.43515,0.27764,0.6177,0.58249,0.4286,0.30491,0.33814,0.32319,0.31537,0.26319,0.15721,0.20918,0.31364,0.25402,0.13715,0.28429,0.26109,0.27045,0.43948,0.48376,0.62158,0.57317,0.64099,0.78444,0.6377,0.66035,0.33886,0.5371,0.52588,0.66147,0.50863,0.54678,0.35142,0.58108,0.44699,0.39247,0.40709,0.35254,0.47718,0.44825,0.3026,0.49894,0.19421,0.42128,0.16491,0.3812,0.089999,0.1581,0.27244,0.22018,0.46997,0.46974,0.40591,0.2421,0.16992,0.15718
0.64796,0.59451,0.58682,0.40479,0.36153,0.25042,0.43099,0.34987,0.38077,0.30195,0.38401,0.46151,0.45286,0.42713,0.51403,0.52108,1,0.88001,0.53359,0.53691,0.4542,0.24344,0.35769,0.32515,0.45238,0.40228,0.52015,0.26952,0.75382,0.70917,0.36407,0.38137,0.71671,0.68275,0.39292,0.4463,0.40201,0.42922,0.56894,0.54354,0.4628,0.37084,0.55246,0.51781,0.4546,0.45566,0.67148,0.60844,0.54256,0.56611,0.67763,0.51927,0.30711,0.37981,0.50487,0.59676,0.69528,0.64825,0.55769,0.47632,0.23462,0.079501,0.63947,0.54501,0.34999,0.17514,0.56479,0.50216,0.61338,0.63143,0.21514,0.25186,0.36496,0.38206,0.20685,0.34345,0.42842,0.42377,0.79129,0.92023,0.69822,0.81093,0.52877,0.70118,0.49462,0.48126,0.17455,0.44773,0.3637,0.3801,0.51928,0.48212,0.21524,0.4036,0.5307,0.38562,0.50128,0.5565,0.57742,0.59519,0.40733,0.50699,0.46916,0.39756,0.10785,0.46591,0.37988,0.065333,0.22309,0.40514,0.58037,0.51563,0.23349,0.44792,0.40726,0.18385
0.6229,0.65732,0.5754,0.33027,0.32629,0.17273,0.39203,0.21686,0.38563,0.22314,0.40629,0.41361,0.41969,0.37762,0.5594,0.46544,0.88001,1,0.49519,0.52059,0.43989,0.25799,0.37712,0.274,0.43253,0.40897,0.41884,0.26057,0.7304,0.70635,0.40939,0.40571,0.62302,0.60728,0.39584,0.37944,0.45085,0.40621,0.49822,0.51748,0.49952,0.44571,0.52079,0.43307,0.43259,0.40503,0.60231,0.54892,0.51911,0.49901,0.54377,0.38859,0.33155,0.3599,0.37701,0.47319,0.70737,0.74358,0.53525,0.45803,0.30068,0.060869,0.62812,0.65211,0.26036,0.04257,0.48458,0.38319,0.54324,0.54328,0.26832,0.21325,0.33879,0.35319,0.29686,0.30043,0.29976,0.32168,0.55018,0.84828,0.4851,0.60365,0.52354,0.61727,0.40429,0.29471,0.20369,0.30644,0.32163,0.33406,0.44722,0.41492,0.17296,0.40863,0.39347,0.32883,0.47118,0.48782,0.55498,0.49693,0.43261,0.53035,0.43151,0.38172,0.12656,0.41115,0.3747,0.18591,0.10961,0.42168,0.59958,0.56705,0.22638,0.4279,0.24928,-0.0080276
0.71417,0.6807,0.63894,0.46329,0.36854,0.24965,0.49279,0.34422,0.40927,0.25339,0.65898,0.40387,0.61448,0.36415,0.54271,0.44757,0.53359,0.49519,1,0.73531,0.67977,0.64018,0.46116,0.3143,0.28737,0.23282,0.30556,0.068686,0.67468,0.69849,0.63881,0.70367,0.59356,0.68958,0.22987,0.23029,0.4978,0.45616,0.52994,0.40177,0.63342,0.55512,0.23321,0.19887,0.1545,0.16788,0.29863,0.21151,0.27042,0.33505,0.26279,0.18418,0.010599,-0.15765,0.17969,0.15533,0.53058,0.57625,0.43931,0.42977,0.31801,0.28331,0.59266,0.47993,0.27024,0.22348,0.24831,0.23302,0.3183,0.27712,0.42965,0.44862,0.63508,0.52761,0.47837,0.38752,0.26508,0.33783,0.30475,0.52583,0.34328,0.42324,0.50429,0.52798,0.54461,0.41273,0.44772,0.6101,0.44258,0.52486,0.42771,0.35546,0.32812,0.39076,0.33311,0.29125,0.38582,0.32593,0.63572,0.41913,0.33904,0.27773,0.51278,0.14592,0.08072,0.17657,0.23001,0.070976,0.14888,0.20343,0.38452,0.51911,0.36454,0.4112,0.15672,-0.028774
0.59848,0.76633,0.32266,0.40445,0.1616,0.2458,0.3243,0.39227,0.21693,0.26484,0.54595,0.41835,0.34387,0.3631,0.42261,0.36839,0.53691,0.52059,0.73531,1,0.59094,0.58727,0.24292,0.14823,0.2547,0.16182,0.31131,0.071931,0.69107,0.67634,0.45914,0.58096,0.64572,0.86605,-0.04943,0.063222,0.57641,0.56793,0.59067,0.53379,0.70696,0.5938,0.22366,0.19837,0.13023,0.16001,0.3343,0.2271,0.21713,0.27358,0.23418,0.3635,0.047544,-0.088989,0.33356,0.31604,0.42157,0.58282,0.23112,0.28985,-0.012011,0.041532,0.34295,0.36527,-0.10177,-0.10446,0.20298,0.18674,0.67349,0.64605,0.1565,0.20966,0.52596,0.50886,0.27457,0.31278,0.50124,0.59263,0.34828,0.49641,0.37876,0.3141,0.52603,0.62307,0.21731,0.22567,0.31751,0.48267,0.23562,0.26844,0.50418,0.19706,0.49091,0.41233,0.53692,0.53721,0.53981,0.61834,0.7023,0.45869,0.47729,0.43179,0.63603,0.33016,0.26089,0.28392,0.35053,0.26889,0.42503,0.43765,0.64785,0.6826,0.52021,0.69992,0.4165,0.24088
0.38597,0.57342,0.69681,0.61207,0.57658,0.42283,0.66633,0.40764,0.55884,0.30676,0.44219,0.43813,0.40404,0.47812,0.50142,0.47692,0.4542,0.43989,0.67977,0.59094,1,0.76567,0.63361,0.57053,0.60611,0.55747,0.48593,0.35419,0.6933,0.71101,0.83277,0.82633,0.66054,0.67012,0.4035,0.46707,0.5925,0.57325,0.63371,0.62145,0.63585,0.4981,0.42124,0.34911,0.33816,0.34879,0.52618,0.34836,0.29641,0.31397,0.3456,0.33806,0.14843,-0.057805,0.38742,0.33971,0.34566,0.46494,0.34531,0.29744,0.24666,0.16566,0.31254,0.42629,0.3324,0.21322,0.50674,0.44477,0.38498,0.34097,0.37914,0.267,0.44293,0.4077,0.37133,0.41996,0.25257,0.27665,0.30494,0.4026,0.26286,0.31043,0.52207,0.50153,0.27301,0.25959,0.15708,0.27825,0.3483,0.42382,0.44697,0.23316,0.42472,0.32718,0.33022,0.36674,0.63626,0.41791,0.54517,0.34534,0.26736,0.32473,0.35273,0.1529,0.034074,0.088516,-0.020304,0.17359,0.37432,0.087818,0.65269,0.63909,0.37628,0.41619,0.26005,0.037867
0.38901,0.55156,0.50977,0.53825,0.4439,0.31311,0.46752,0.38249,0.48351,0.22486,0.45212,0.34372,0.39246,0.34965,0.44649,0.31011,0.24344,0.25799,0.64018,0.58727,0.76567,1,0.52631,0.42682,0.37586,0.36074,0.34496,0.35405,0.56806,0.55417,0.73405,0.81057,0.39386,0.60334,0.29738,0.32369,0.49282,0.56844,0.62062,0.50331,0.61279,0.68343,0.052091,0.03315,0.030725,0.094723,0.20781,0.06217,0.042879,0.18489,0.087259,0.25656,0.00012182,-0.25605,0.25588,0.19484,0.23735,0.34537,0.20081,0.37097,0.19758,0.29985,0.15687,0.31865,0.19702,0.22922,0.21686,0.27765,0.26759,0.20434,0.44352,0.5117,0.66652,0.65604,0.5291,0.49696,0.15795,0.22393,0.16939,0.23672,0.084959,0.12118,0.47993,0.39272,0.20544,0.078046,0.20648,0.24203,0.4539,0.47399,0.46752,0.11072,0.42796,0.40059,0.32953,0.33567,0.52135,0.41412,0.4789,0.28412,0.2421,0.2839,0.42343,0.19644,0.095619,0.060782,0.14877,0.314,0.21288,0.20821,0.46165,0.51031,0.41461,0.31732,0.20608,-0.086644
0.31669,0.38451,0.81142,0.64219,0.62754,0.33274,0.58574,0.2571,0.56142,0.33182,0.44999,0.67539,0.73685,0.65966,0.80027,0.74423,0.35769,0.37712,0.46116,0.24292,0.63361,0.52631,1,0.90214,0.82973,0.74475,0.74568,0.68396,0.56133,0.54786,0.8081,0.73023,0.31817,0.31321,0.63533,0.51698,0.41899,0.49766,0.46454,0.51928,0.51827,0.38327,0.12544,0.011861,0.10143,0.069156,0.24026,0.099533,0.024599,0.11764,0.1615,0.19704,0.31183,0.11652,0.31969,0.31292,0.2134,0.27236,0.23866,0.33309,0.50714,0.38146,0.53536,0.51777,0.64307,0.42394,0.32915,0.29715,0.10328,0.013027,0.27805,0.24501,0.36825,0.33304,0.35433,0.31105,0.0286,0.0063736,0.32291,0.27304,0.44367,0.43054,0.61963,0.56857,0.62816,0.55767,0.30212,0.39623,0.58116,0.74751,0.49877,0.46383,0.3072,0.52087,0.27594,0.24533,0.34185,0.22936,0.31537,0.25599,0.12158,0.3658,0.10195,0.21854,0.051319,0.21692,-0.096089,0.29133,0.1745,-0.017248,0.39933,0.43357,0.32558,0.016546,-0.011946,-0.084236
0.22214,0.29867,0.76846,0.78955,0.71679,0.50169,0.67903,0.45881,0.6264,0.52842,0.20076,0.59469,0.55835,0.62807,0.62877,0.72211,0.32515,0.274,0.3143,0.14823,0.57053,0.42682,0.90214,1,0.80513,0.79109,0.7397,0.71186,0.517,0.45741,0.7531,0.65507,0.41206,0.31924,0.70769,0.6812,0.25971,0.42178,0.38538,0.42065,0.35191,0.19641,0.25344,0.17693,0.27339,0.23981,0.31793,0.2393,0.13383,0.22736,0.22813,0.25216,0.26252,0.15932,0.31815,0.32713,0.22426,0.2401,0.2602,0.36151,0.45873,0.45762,0.44265,0.52652,0.63405,0.56201,0.51282,0.50126,0.19811,0.12257,0.30122,0.28597,0.26404,0.23029,0.25697,0.33661,0.090842,0.073198,0.35383,0.24838,0.46577,0.47316,0.49455,0.52308,0.56054,0.58349,0.09438,0.27661,0.48311,0.6398,0.5212,0.42692,0.41984,0.46208,0.29869,0.24941,0.3628,0.24551,0.24698,0.28832,0.15215,0.36181,0.051907,0.22284,0.11568,0.20514,-0.010471,0.2991,0.20636,-0.010174,0.41117,0.43374,0.3151,0.049778,0.11262,0.016764
0.23664,0.38155,0.66984,0.58799,0.59104,0.26928,0.51502,0.20552,0.45867,0.23761,0.32952,0.59733,0.52368,0.56961,0.6838,0.69708,0.45238,0.43253,0.28737,0.2547,0.60611,0.37586,0.82973,0.80513,1,0.84386,0.881,0.68573,0.56659,0.51582,0.67,0.58755,0.40327,0.36953,0.55915,0.52199,0.47531,0.52447,0.51957,0.60861,0.57964,0.33188,0.27505,0.17488,0.24165,0.20115,0.38072,0.24744,0.093168,0.081671,0.33744,0.30499,0.33788,0.22175,0.48291,0.47676,0.23566,0.33103,0.1588,0.21805,0.24703,0.13369,0.44891,0.46838,0.51789,0.25308,0.43346,0.36884,0.28782,0.20694,0.098963,0.0073237,0.29155,0.28551,0.23724,0.28743,0.24083,0.18427,0.42197,0.34036,0.56193,0.50463,0.67736,0.60947,0.51449,0.60183,0.25815,0.37383,0.43961,0.62765,0.54714,0.42362,0.41769,0.50393,0.3636,0.30332,0.49395,0.37673,0.34876,0.32968,0.24345,0.49328,0.13362,0.37079,0.20675,0.35187,-0.052188,0.28795,0.26536,0.079477,0.58728,0.50165,0.34185,0.14723,0.084302,0.03227
0.1265,0.32411,0.64422,0.53,0.4811,0.25126,0.45324,0.18849,0.42703,0.27888,0.18664,0.5036,0.40977,0.52404,0.60771,0.6819,0.40228,0.40897,0.23282,0.16182,0.55747,0.36074,0.74475,0.79109,0.84386,1,0.74482,0.73741,0.53177,0.50423,0.60428,0.54176,0.37416,0.31971,0.62844,0.62867,0.50716,0.5632,0.51354,0.60426,0.4322,0.29893,0.3134,0.2304,0.26689,0.24216,0.42421,0.31579,0.13103,0.17269,0.38438,0.3559,0.3989,0.33053,0.53682,0.53196,0.19663,0.2788,0.10075,0.14554,0.18892,0.11114,0.33016,0.40776,0.53532,0.29165,0.41504,0.37956,0.27225,0.2069,0.122,0.14707,0.24541,0.19477,0.22268,0.21661,0.18375,0.1432,0.35609,0.32095,0.45559,0.41776,0.59723,0.61586,0.41631,0.47663,0.12669,0.2933,0.46997,0.54254,0.53529,0.42327,0.39168,0.43091,0.43109,0.36592,0.51097,0.40578,0.40764,0.34411,0.19951,0.44319,0.16585,0.37259,0.23175,0.31074,-0.0074092,0.36171,0.23472,0.13064,0.54793,0.46143,0.31143,0.12113,0.19718,0.096158
0.38713,0.42729,0.64007,0.63052,0.54216,0.3124,0.51546,0.33268,0.43429,0.34507,0.4299,0.73886,0.58978,0.68,0.68756,0.72063,0.52015,0.41884,0.30556,0.31131,0.48593,0.34496,0.74568,0.7397,0.881,0.74482,1,0.72908,0.56933,0.56523,0.52711,0.49052,0.41907,0.43034,0.56743,0.50157,0.51537,0.57669,0.54312,0.58343,0.55374,0.3619,0.21105,0.13846,0.15622,0.12781,0.34412,0.23891,0.058149,0.15402,0.36676,0.41937,0.41297,0.30356,0.56656,0.57297,0.28011,0.35336,0.22855,0.31413,0.33023,0.2609,0.56697,0.49136,0.57143,0.36016,0.41689,0.40729,0.28971,0.23466,0.15918,0.18365,0.42476,0.41813,0.31484,0.42504,0.39314,0.34903,0.50258,0.44583,0.65738,0.57364,0.69192,0.69786,0.6376,0.67246,0.39071,0.52353,0.60913,0.73519,0.69293,0.62221,0.52592,0.65148,0.50282,0.45623,0.45863,0.41883,0.43883,0.47326,0.39856,0.58544,0.30685,0.51838,0.32934,0.45353,0.054457,0.32021,0.31925,0.1926,0.5155,0.5127,0.45606,0.21584,0.18023,0.20081
0.13518,0.32686,0.52083,0.53367,0.43786,0.41232,0.4018,0.27681,0.43894,0.36207,0.13417,0.61473,0.40561,0.66212,0.56443,0.669,0.26952,0.26057,0.068686,0.071931,0.35419,0.35405,0.68396,0.71186,0.68573,0.73741,0.72908,1,0.36799,0.42675,0.41657,0.36583,0.19073,0.22182,0.52668,0.49734,0.41201,0.43409,0.50744,0.4196,0.33741,0.3416,0.15141,0.092543,0.11956,0.15735,0.2849,0.17872,0.048094,0.1931,0.27087,0.37851,0.43868,0.35143,0.46242,0.49587,0.15055,0.27593,0.15849,0.28861,0.30699,0.25191,0.33649,0.4602,0.47279,0.32427,0.29935,0.34742,0.1602,0.12031,0.12432,0.2012,0.20149,0.27415,0.24449,0.29797,0.1498,0.11727,0.29783,0.23496,0.38936,0.32222,0.50552,0.61077,0.38745,0.33923,0.053427,0.20988,0.46715,0.52298,0.47774,0.4219,0.28854,0.49711,0.33475,0.37221,0.37788,0.30476,0.29338,0.32161,0.11552,0.49299,0.077917,0.4339,0.26091,0.33486,-0.055543,0.38522,0.21118,0.071468,0.35542,0.37654,0.22093,0.029306,0.16042,0.1895
0.5647,0.70095,0.66705,0.60452,0.48684,0.40925,0.5698,0.47092,0.5335,0.39746,0.43414,0.56036,0.47003,0.53006,0.66744,0.56858,0.75382,0.7304,0.67468,0.69107,0.6933,0.56806,0.56133,0.517,0.56659,0.53177,0.56933,0.36799,1,0.83275,0.75949,0.77794,0.7369,0.78597,0.35713,0.40752,0.60747,0.64715,0.69637,0.69732,0.76555,0.62837,0.45548,0.40243,0.38107,0.37508,0.58216,0.48064,0.43006,0.48196,0.518,0.5132,0.31058,0.16456,0.51319,0.51522,0.59311,0.64036,0.38878,0.42783,0.17697,0.15908,0.42876,0.56656,0.22575,0.17638,0.48003,0.42905,0.61802,0.5618,0.38648,0.40365,0.56971,0.52598,0.33732,0.45177,0.35319,0.46533,0.47542,0.63983,0.50843,0.52457,0.69475,0.72988,0.38121,0.39703,0.24025,0.48161,0.40132,0.45574,0.6179,0.37123,0.35425,0.41813,0.60364,0.50241,0.67082,0.63273,0.69876,0.60283,0.48421,0.42992,0.57969,0.36911,0.20757,0.44582,0.34779,0.26739,0.30277,0.44302,0.71783,0.69342,0.5042,0.57662,0.36389,0.19938
0.5525,0.65502,0.61484,0.51271,0.33985,0.33922,0.49242,0.41097,0.35285,0.25585,0.4947,0.66791,0.55125,0.63957,0.6384,0.58598,0.70917,0.70635,0.69849,0.67634,0.71101,0.55417,0.54786,0.45741,0.51582,0.50423,0.56523,0.42675,0.83275,1,0.62467,0.67118,0.67234,0.74287,0.30594,0.35031,0.6646,0.61828,0.72896,0.71406,0.68256,0.55983,0.40103,0.37435,0.31683,0.31216,0.58891,0.44935,0.34147,0.47478,0.48416,0.49632,0.38903,0.13427,0.59649,0.57678,0.47106,0.58522,0.41051,0.41774,0.24748,0.13679,0.56354,0.50566,0.30246,0.12408,0.43614,0.38636,0.50757,0.47753,0.23166,0.28683,0.44601,0.44411,0.29852,0.27298,0.26921,0.3709,0.41482,0.68219,0.48641,0.49585,0.62676,0.76473,0.48176,0.39342,0.31843,0.55088,0.50095,0.52917,0.55407,0.42693,0.3961,0.43503,0.54635,0.55382,0.65629,0.57329,0.73298,0.5889,0.3531,0.43179,0.5345,0.28142,0.1429,0.36499,0.2391,0.21046,0.37375,0.31335,0.64159,0.67257,0.46217,0.50013,0.38005,0.18593
0.35762,0.51752,0.7828,0.72173,0.69156,0.46043,0.71115,0.45304,0.70128,0.4151,0.39992,0.48447,0.50372,0.49921,0.62291,0.54664,0.36407,0.40939,0.63881,0.45914,0.83277,0.73405,0.8081,0.7531,0.67,0.60428,0.52711,0.41657,0.75949,0.62467,1,0.95269,0.54569,0.55457,0.512,0.51046,0.47347,0.54477,0.50159,0.55267,0.62884,0.48724,0.2772,0.18762,0.26075,0.23777,0.34909,0.22527,0.21875,0.25959,0.21486,0.25213,0.15474,-0.093984,0.24593,0.19068,0.33924,0.40287,0.32469,0.41576,0.36782,0.38403,0.31367,0.52777,0.38852,0.39051,0.45013,0.41261,0.28216,0.18871,0.48542,0.39713,0.50317,0.42711,0.38238,0.43624,0.09613,0.15789,0.23775,0.28376,0.26293,0.27908,0.53958,0.44272,0.35162,0.32027,0.17026,0.26004,0.38394,0.54429,0.50392,0.23721,0.369,0.34882,0.29211,0.28219,0.51736,0.35216,0.4229,0.28774,0.28177,0.25881,0.2886,0.15052,0.022154,0.12723,0.040848,0.27033,0.19814,0.10213,0.56788,0.59075,0.47051,0.29365,0.084785,-0.094312
0.41823,0.54474,0.69916,0.67853,0.60011,0.45137,0.64468,0.47198,0.61627,0.4106,0.49982,0.51847,0.5371,0.50756,0.6179,0.52054,0.38137,0.40571,0.70367,0.58096,0.82633,0.81057,0.73023,0.65507,0.58755,0.54176,0.49052,0.36583,0.77794,0.67118,0.95269,1,0.53176,0.64381,0.41437,0.4292,0.53227,0.61042,0.54328,0.60605,0.69353,0.54601,0.18824,0.13239,0.14873,0.15701,0.30038,0.16267,0.15716,0.25909,0.22869,0.30115,0.18915,-0.14055,0.29877,0.21656,0.29793,0.35466,0.29698,0.44596,0.3429,0.39309,0.26756,0.4573,0.28781,0.34588,0.34922,0.35977,0.30738,0.20782,0.43408,0.42529,0.55867,0.48945,0.39782,0.43151,0.15315,0.22996,0.27056,0.29601,0.28941,0.26599,0.54068,0.47047,0.36127,0.30119,0.21169,0.31913,0.46821,0.57068,0.57477,0.22738,0.42329,0.36548,0.36143,0.32693,0.50865,0.43025,0.46842,0.28985,0.35285,0.28578,0.43397,0.2091,0.089761,0.18979,0.15746,0.32178,0.21584,0.19326,0.56694,0.60379,0.52383,0.36843,0.12967,-0.050271
0.59047,0.69396,0.5255,0.60978,0.54897,0.49415,0.63664,0.66448,0.54944,0.53246,0.23398,0.41191,0.23598,0.42671,0.37117,0.47571,0.71671,0.62302,0.59356,0.64572,0.66054,0.39386,0.31817,0.41206,0.40327,0.37416,0.41907,0.19073,0.7369,0.67234,0.54569,0.53176,1,0.88917,0.32052,0.50899,0.43819,0.46307,0.60339,0.55129,0.49132,0.34738,0.74272,0.72282,0.69484,0.70604,0.78527,0.74575,0.70344,0.69919,0.64381,0.61065,0.085136,0.19135,0.44992,0.5335,0.67714,0.68789,0.59101,0.50864,0.17077,0.21846,0.4555,0.62359,0.18126,0.25131,0.7895,0.73031,0.76737,0.78257,0.38161,0.33113,0.3809,0.37248,0.17505,0.43854,0.51327,0.58044,0.47931,0.70173,0.45472,0.53611,0.48182,0.59984,0.29606,0.40833,0.1442,0.33522,0.21332,0.24996,0.38593,0.29987,0.41488,0.31253,0.51275,0.55236,0.73008,0.6223,0.62152,0.63078,0.43312,0.40731,0.3567,0.31427,0.13842,0.36505,0.22298,0.051847,0.43646,0.37817,0.72562,0.72828,0.44267,0.64911,0.52797,0.31515
0.62803,0.81357,0.44782,0.57642,0.41476,0.42371,0.52724,0.63116,0.44973,0.4583,0.41579,0.51025,0.33908,0.48399,0.46496,0.47329,0.68275,0.60728,0.68958,0.86605,0.67012,0.60334,0.31321,0.31924,0.36953,0.31971,0.43034,0.22182,0.78597,0.74287,0.55457,0.64381,0.88917,1,0.17053,0.33464,0.58419,0.59889,0.71163,0.63656,0.6847,0.54364,0.47982,0.47324,0.40868,0.45358,0.61803,0.51317,0.47252,0.55946,0.52183,0.61644,0.12678,0.087088,0.51289,0.52673,0.55023,0.66268,0.43962,0.49707,0.099294,0.19571,0.40787,0.55093,0.067127,0.14339,0.5287,0.53186,0.75733,0.76,0.32785,0.35322,0.53878,0.54159,0.26972,0.45592,0.53536,0.61297,0.49952,0.6581,0.47847,0.4723,0.58794,0.69,0.29156,0.34537,0.28142,0.44897,0.329,0.31678,0.519,0.26105,0.4931,0.40252,0.58676,0.61604,0.73803,0.70882,0.71848,0.59248,0.49266,0.4521,0.55805,0.38553,0.2017,0.37974,0.32777,0.18445,0.42155,0.44797,0.73941,0.75896,0.56741,0.69718,0.50446,0.29717
0.21563,0.26833,0.65603,0.53362,0.61159,0.24496,0.44361,0.22634,0.52356,0.34771,0.058625,0.26638,0.38265,0.29672,0.42427,0.42847,0.39292,0.39584,0.22987,-0.04943,0.4035,0.29738,0.63533,0.70769,0.55915,0.62844,0.56743,0.52668,0.35713,0.30594,0.512,0.41437,0.32052,0.17053,1,0.8848,0.09832,0.21191,0.19701,0.21485,0.071712,0.11379,0.3467,0.24162,0.33902,0.28221,0.35841,0.30665,0.2565,0.3021,0.25334,0.18388,0.26645,0.32396,0.18518,0.23268,0.36002,0.32543,0.41507,0.47444,0.51643,0.48116,0.48528,0.53948,0.76851,0.6334,0.6001,0.61888,0.019863,0.005851,0.44586,0.37275,0.24819,0.21484,0.45275,0.43163,0.0061671,-0.07709,0.41841,0.46442,0.30475,0.4432,0.31273,0.31977,0.4928,0.37744,0.057357,0.12021,0.45246,0.52703,0.32937,0.31275,0.10948,0.24158,0.14989,0.13597,0.20751,0.039784,0.13563,0.19893,0.1266,0.18978,-0.024289,0.066338,-0.077717,0.096528,0.1076,0.070407,0.046814,-0.0071721,0.20242,0.21587,0.03456,-0.16042,-0.052644,-0.068464
0.25237,0.33355,0.60983,0.6077,0.63369,0.41562,0.49584,0.42792,0.54109,0.45877,-0.047629,0.20044,0.22363,0.27753,0.25703,0.41631,0.4463,0.37944,0.23029,0.063222,0.46707,0.32369,0.51698,0.6812,0.52199,0.62867,0.50157,0.49734,0.40752,0.35031,0.51046,0.4292,0.50899,0.33464,0.8848,1,0.10993,0.2567,0.27922,0.27899,0.073252,0.081823,0.54508,0.49795,0.56485,0.55065,0.53413,0.52732,0.45889,0.487,0.40237,0.35918,0.22694,0.30832,0.25634,0.33135,0.44132,0.37968,0.47451,0.51246,0.33067,0.41112,0.37301,0.487,0.60776,0.58842,0.77917,0.81524,0.27426,0.26307,0.39438,0.39055,0.23117,0.25035,0.35821,0.44642,0.1642,0.10016,0.4388,0.5041,0.32438,0.44032,0.24314,0.35372,0.35177,0.35428,-0.093145,0.061792,0.30346,0.40123,0.34788,0.25706,0.22872,0.22213,0.28732,0.25327,0.39027,0.26086,0.21795,0.34006,0.17034,0.24872,0.01542,0.10268,-0.03663,0.10797,0.12582,0.11911,0.21471,0.10559,0.39923,0.36824,0.11108,0.078349,0.24015,0.086243
0.39365,0.56451,0.3862,0.22975,0.18918,0.088881,0.29081,0.10643,0.21302,0.084589,0.51545,0.516,0.41437,0.46852,0.55111,0.42305,0.40201,0.45085,0.4978,0.57641,0.5925,0.49282,0.41899,0.25971,0.47531,0.50716,0.51537,0.41201,0.60747,0.6646,0.47347,0.53227,0.43819,0.58419,0.09832,0.10993,1,0.83646,0.73133,0.76889,0.78329,0.69808,0.27066,0.19968,0.10697,0.12598,0.46132,0.28524,0.14964,0.20817,0.35116,0.44748,0.32966,0.15816,0.59279,0.56109,0.27552,0.4537,0.09956,0.12055,0.043892,-0.028291,0.30764,0.33548,0.20486,-0.050037,0.11495,0.082713,0.39744,0.32923,0.26049,0.26656,0.49031,0.5077,0.38079,0.31052,0.42184,0.43085,0.19879,0.33265,0.27634,0.17815,0.71672,0.65991,0.26703,0.20609,0.46892,0.45397,0.41318,0.40626,0.5423,0.44752,0.43912,0.46232,0.56155,0.59287,0.64894,0.60237,0.73656,0.55459,0.40438,0.48169,0.53491,0.51505,0.2747,0.39366,-0.01634,0.3591,0.33504,0.28413,0.62764,0.74089,0.57128,0.45817,0.24506,0.25024
0.4194,0.49985,0.4611,0.38591,0.33737,0.19542,0.38501,0.27526,0.35701,0.31295,0.42658,0.50344,0.43356,0.47996,0.54818,0.4595,0.42922,0.40621,0.45616,0.56793,0.57325,0.56844,0.49766,0.42178,0.52447,0.5632,0.57669,0.43409,0.64715,0.61828,0.54477,0.61042,0.46307,0.59889,0.21191,0.2567,0.83646,1,0.71215,0.86135,0.64074,0.60876,0.28351,0.24926,0.16619,0.19548,0.49028,0.35649,0.16002,0.28816,0.35264,0.54509,0.30054,0.13647,0.66062,0.62894,0.33525,0.36987,0.10655,0.25168,0.12569,0.18073,0.22915,0.35595,0.32227,0.15301,0.21436,0.22809,0.51848,0.40741,0.33635,0.43742,0.56473,0.50295,0.39496,0.37393,0.45081,0.50684,0.22852,0.32434,0.25099,0.21369,0.71721,0.61711,0.29502,0.21897,0.40762,0.33477,0.48353,0.56002,0.68021,0.47173,0.54835,0.55445,0.78342,0.66094,0.7016,0.75662,0.72253,0.69329,0.41964,0.48627,0.57123,0.615,0.2863,0.48169,0.19172,0.49648,0.37801,0.50665,0.70811,0.7316,0.58621,0.48669,0.3877,0.27251
0.49893,0.58738,0.44352,0.40856,0.31131,0.1764,0.35586,0.29128,0.33224,0.16054,0.32372,0.567,0.40067,0.55174,0.60203,0.54059,0.56894,0.49822,0.52994,0.59067,0.63371,0.62062,0.46454,0.38538,0.51957,0.51354,0.54312,0.50744,0.69637,0.72896,0.50159,0.54328,0.60339,0.71163,0.19701,0.27922,0.73133,0.71215,1,0.76425,0.76176,0.69897,0.37196,0.34754,0.29838,0.35538,0.60283,0.44513,0.35948,0.45067,0.55737,0.66224,0.31011,0.15859,0.75225,0.76054,0.48646,0.50766,0.31927,0.34391,0.081394,0.055505,0.31302,0.43006,0.23994,0.088272,0.3683,0.36933,0.57827,0.53554,0.19883,0.28675,0.4685,0.48977,0.34755,0.3054,0.29126,0.34669,0.35534,0.53791,0.32447,0.36508,0.7862,0.75345,0.32242,0.29777,0.3214,0.45897,0.52781,0.49015,0.43329,0.33465,0.34086,0.432,0.59653,0.59734,0.75713,0.72689,0.7221,0.70764,0.26331,0.39139,0.39984,0.43396,0.10018,0.41859,0.2148,0.13474,0.43024,0.34319,0.67199,0.61896,0.3731,0.43851,0.40999,0.27415
0.31392,0.44972,0.42102,0.30812,0.30452,0.13724,0.34407,0.22533,0.29681,0.1782,0.41472,0.53657,0.41024,0.48284,0.58287,0.46979,0.54354,0.51748,0.40177,0.53379,0.62145,0.50331,0.51928,0.42065,0.60861,0.60426,0.58343,0.4196,0.69732,0.71406,0.55267,0.60605,0.55129,0.63656,0.21485,0.27899,0.76889,0.86135,0.76425,1,0.67647,0.54799,0.35602,0.31474,0.22417,0.24242,0.60343,0.41811,0.20636,0.31702,0.46982,0.66619,0.34739,0.27098,0.77826,0.76553,0.26997,0.30683,0.10898,0.22803,0.050517,0.0093732,0.23541,0.29693,0.28877,0.044003,0.3132,0.29449,0.55664,0.48456,0.10934,0.16602,0.38459,0.37367,0.22016,0.19344,0.3233,0.39108,0.32726,0.41367,0.33849,0.31253,0.69254,0.64838,0.25383,0.28615,0.34172,0.3715,0.42536,0.50293,0.52943,0.37058,0.34692,0.39048,0.71868,0.62832,0.74949,0.7795,0.63438,0.61417,0.27658,0.42092,0.42012,0.49003,0.18284,0.53868,0.070334,0.33032,0.42331,0.4494,0.73258,0.64624,0.5146,0.49218,0.42795,0.27326
0.49487,0.64733,0.44617,0.40025,0.30607,0.15845,0.36539,0.19838,0.28734,0.076986,0.61387,0.56405,0.50095,0.4865,0.68263,0.48979,0.4628,0.49952,0.63342,0.70696,0.63585,0.61279,0.51827,0.35191,0.57964,0.4322,0.55374,0.33741,0.76555,0.68256,0.62884,0.69353,0.49132,0.6847,0.071712,0.073252,0.78329,0.64074,0.76176,0.67647,1,0.78452,0.14069,0.071284,0.041402,0.06193,0.30611,0.15061,0.11254,0.1576,0.32606,0.38801,0.26521,0.043982,0.49547,0.45774,0.3434,0.49809,0.14378,0.21215,0.048357,-0.01059,0.3526,0.4006,0.058342,-0.061698,0.11861,0.084185,0.4297,0.35349,0.20306,0.1912,0.58797,0.61762,0.39726,0.34126,0.29599,0.36343,0.24191,0.34497,0.39052,0.30806,0.79528,0.67827,0.3559,0.38065,0.48912,0.59974,0.45177,0.47074,0.54222,0.35189,0.40217,0.47237,0.41754,0.39078,0.54774,0.53704,0.64193,0.47015,0.40397,0.44215,0.49899,0.38617,0.26621,0.3483,0.14292,0.25638,0.23296,0.22499,0.60248,0.66444,0.54348,0.48748,0.15778,0.05883
0.4663,0.60712,0.35312,0.21386,0.21992,0.065034,0.22019,0.073461,0.25047,-0.04022,0.50863,0.35496,0.39869,0.31856,0.59489,0.38158,0.37084,0.44571,0.55512,0.5938,0.4981,0.68343,0.38327,0.19641,0.33188,0.29893,0.3619,0.3416,0.62837,0.55983,0.48724,0.54601,0.34738,0.54364,0.11379,0.081823,0.69808,0.60876,0.69897,0.54799,0.78452,1,0.098537,0.038779,-0.0036939,0.058935,0.23735,0.14061,0.088574,0.16186,0.18022,0.29236,0.10369,-0.0041739,0.3115,0.37233,0.36138,0.47504,0.11058,0.17807,0.0332,-0.034048,0.26481,0.31177,0.031512,-0.11622,0.030437,0.023246,0.383,0.31764,0.34488,0.42862,0.68383,0.74467,0.45449,0.43705,0.25416,0.36493,0.12627,0.34018,0.16456,0.16913,0.70253,0.59606,0.22412,0.11442,0.38553,0.44945,0.41709,0.3643,0.39487,0.23663,0.26561,0.42537,0.46938,0.39081,0.5208,0.47943,0.58312,0.46923,0.31855,0.41003,0.46298,0.38335,0.23256,0.29193,0.15303,0.21279,0.17691,0.38381,0.49377,0.5533,0.45865,0.39742,0.17285,0.012925
0.35106,0.4405,0.36978,0.31798,0.42326,0.38755,0.39985,0.34725,0.42008,0.3963,-0.1165,0.10446,-0.049418,0.1518,0.063848,0.28462,0.55246,0.52079,0.23321,0.22366,0.42124,0.052091,0.12544,0.25344,0.27505,0.3134,0.21105,0.15141,0.45548,0.40103,0.2772,0.18824,0.74272,0.47982,0.3467,0.54508,0.27066,0.28351,0.37196,0.35602,0.14069,0.098537,1,0.96485,0.94214,0.92677,0.91201,0.9456,0.90707,0.76753,0.69488,0.47363,0.12596,0.26792,0.30784,0.44199,0.70342,0.63689,0.56117,0.36185,0.059069,0.049275,0.26787,0.50754,0.13193,0.12748,0.79828,0.69535,0.62467,0.58812,0.28343,0.1792,0.077728,0.077934,0.081859,0.26651,0.42163,0.42653,0.2677,0.59558,0.1885,0.36854,0.20968,0.35473,0.053382,0.1826,-0.15151,-0.018501,-0.10324,0.049361,0.1224,0.18855,0.12795,0.086592,0.38193,0.38718,0.61783,0.45455,0.47551,0.57557,0.27436,0.29918,0.047515,0.27027,0.038815,0.35653,0.050716,0.0052046,0.34922,0.30332,0.58566,0.56088,0.1129,0.4279,0.42692,0.28889
