1,0.7504,0.56047,0.47821,-0.1103,-0.27877,0.38042,0.63321,-0.1484,-0.029728,-0.12001,0.69734,-0.16441,0.68153,-0.025606,0.48095,0.48618,0.44507,0.7314,0.66479,0.096633,0.22538,0.58489,0.099008,-0.36568,-0.48349,0.06627,-0.018611,-0.22397,0.60018,0.56672,0.56552,0.50499,0.55134,-0.36274,-0.4485,0.4183,0.44419,0.37582,0.32882,0.19408,0.27295,0.18845,0.18142,0.34288,0.16486,-0.16034,0.20409,0.40887,0.12248,0.7213,0.26816,0.72365,0.12153,0.68076,0.54081,0.6441,0.4732,0.13971,0.52513,0.50228,0.58783,0.63822,0.686,-0.058408,0.47676,-0.1519,-0.033304,0.33421,0.23295,0.39789,0.5254,-0.00024524,0.53927,0.0026885,0.50861,0.32135,0.45118,0.42398,0.45092,0.45873,0.46058,0.16177,0.35188,0.50788,0.18655,0.17923,0.071198,0.47446,0.22553,0.39028,0.45094,-0.32019,-0.1286,-0.17906,0.3715,0.035773,0.62733,0.5641,0.59419,0.54218,0.27388,0.55426,0.58414,0.37702,0.3915,0.39691,0.44089,-0.2138,0.099608,0.27613,0.1833,0.090774,0.39916,0.48905,0.20881
0.7504,1,0.54903,0.4255,-0.23963,-0.38828,0.18999,0.50348,-0.29848,-0.21155,-0.35281,0.65047,-0.38193,0.58336,-0.19036,0.32671,0.66191,0.68529,0.71099,0.82675,0.089329,0.25812,0.51896,0.0098915,-0.38411,-0.48897,-0.033361,-0.11736,-0.20929,0.67818,0.66976,0.67159,0.58716,0.65963,-0.40587,-0.50026,0.4221,0.48613,0.38119,0.37016,0.32046,0.35753,0.33304,0.30675,0.52295,0.33446,-0.066998,0.34452,0.44842,0.26611,0.72358,0.20933,0.66881,-0.016453,0.60971,0.49407,0.7217,0.77587,-0.040299,0.50226,0.19547,0.39136,0.66719,0.65226,-0.17784,0.27054,-0.11778,0.038694,0.59009,0.52061,0.38123,0.49218,0.020362,0.66104,-0.011207,0.55297,0.39467,0.57674,0.57657,0.56517,0.49241,0.53009,0.12114,0.31429,0.53276,0.26883,0.11905,0.055495,0.33771,0.1563,0.24654,0.40283,-0.40979,-0.2154,-0.19602,0.42371,0.22712,0.72936,0.69524,0.58438,0.52845,0.15444,0.60736,0.57901,0.45035,0.37523,0.48126,0.5099,-0.22536,0.21172,0.5013,0.31486,0.061115,0.47601,0.60652,0.18165
0.56047,0.54903,1,0.6618,-0.033944,-0.31247,0.52519,0.41786,-0.09758,-0.0065843,-0.43257,0.43509,-0.33146,0.39617,0.10388,0.5078,0.48416,0.5063,0.70522,0.51418,0.35914,0.31044,0.9142,0.36651,-0.11865,-0.51831,0.31975,0.24309,-0.37066,0.52792,0.731,0.61701,0.31227,0.36893,-0.58226,-0.59921,0.25212,0.37216,0.61553,0.53656,0.31057,0.19063,0.093165,0.082249,0.3395,0.098139,-0.26917,0.20177,0.19832,0.00029099,0.68834,-0.068887,0.67282,-0.049251,0.56273,0.45467,0.59007,0.52146,-0.25137,0.26979,0.13896,0.27066,0.46868,0.42094,-0.30069,0.29065,-0.2677,-0.086474,0.2162,0.26988,0.44622,0.50271,-0.0091148,0.55486,0.087983,0.50502,0.16367,0.33575,0.61125,0.43182,0.62197,0.58718,0.36231,0.49423,0.71664,0.34943,0.36317,0.27586,0.52932,0.4234,0.15098,0.44168,-0.14066,0.098536,-0.23863,0.63193,0.26849,0.66375,0.45654,0.52153,0.54164,0.37482,0.65212,0.52234,0.58126,0.62968,0.20493,0.39611,-0.011145,0.40546,0.52223,0.26148,0.22935,0.47608,0.5138,0.38375
0.47821,0.4255,0.6618,1,0.23654,0.046721,0.57799,0.63165,0.21639,0.31973,0.051325,0.42332,0.10168,0.42106,0.35757,0.59806,0.28734,0.28776,0.47182,0.36463,0.31906,0.31455,0.69093,0.61538,0.14343,-0.075389,0.45898,0.43458,-0.023336,0.36732,0.38579,0.4182,0.3237,0.3579,-0.11419,-0.11576,0.27442,0.31675,0.45627,0.42857,0.21413,0.21586,0.046674,0.061214,0.19502,0.093251,-0.09232,0.12065,0.14549,0.041031,0.33034,0.074561,0.34157,0.10302,0.41372,0.36663,0.35484,0.32743,0.052144,0.35392,0.33033,0.38394,0.4037,0.42758,0.10017,0.48601,0.12116,0.26346,0.073544,0.16626,0.31556,0.44776,0.25334,0.44035,0.20914,0.35645,0.21896,0.30366,0.26557,0.25411,0.40097,0.54483,0.40497,0.48929,0.53921,0.58083,0.43317,0.48143,0.56287,0.56851,0.33541,0.4612,0.16556,0.27596,-0.015997,0.33705,0.24413,0.32561,0.30342,0.36321,0.47693,0.43253,0.50689,0.35585,0.38814,0.41536,0.10145,0.32297,0.048763,0.31932,0.36856,0.28619,0.30858,0.31215,0.30309,0.26854
-0.1103,-0.23963,-0.033944,0.23654,1,0.82798,0.54857,0.23178,0.82072,0.81195,0.60824,-0.1835,0.6562,-0.11632,0.79691,0.46889,-0.22236,-0.26901,-0.17669,-0.29981,0.32115,0.058848,0.017028,0.5933,0.70636,0.55275,0.69684,0.76072,0.52695,-0.19323,-0.4056,-0.45482,-0.18141,-0.18261,0.44543,0.51829,-0.18859,-0.26223,0.27907,0.13425,-0.19078,-0.33028,-0.018267,0.031039,-0.20236,-0.019839,0.34155,0.12665,0.10813,0.14336,-0.4418,0.29838,-0.38045,0.37879,0.0084343,0.17622,-0.17768,-0.21681,0.53361,0.26181,0.31972,0.19317,-0.22601,-0.12448,0.32761,0.29194,0.4925,0.44812,-0.35241,-0.16266,-0.22862,-0.15148,0.39425,-0.19442,0.2091,-0.20781,0.058096,-0.11124,-0.36941,-0.1622,-0.079247,-0.071586,0.55495,0.43641,-0.24248,0.10667,0.45405,0.36966,0.39159,0.54695,0.39067,0.36212,0.79886,0.79976,0.44034,-0.039401,0.36443,-0.30242,-0.14356,0.068348,0.19924,0.5931,-0.011514,-0.17739,-0.15437,0.10136,-0.35056,-0.052805,0.36736,0.30627,0.0063169,0.26668,0.56432,0.061557,-0.30849,0.069993
-0.27877,-0.38828,-0.31247,0.046721,0.82798,1,0.46269,0.1564,0.84421,0.83638,0.7628,-0.26797,0.76585,-0.17415,0.69946,0.27053,-0.37724,-0.40591,-0.3655,-0.41034,0.09606,-0.083796,-0.21363,0.55007,0.72179,0.77667,0.43331,0.60753,0.64037,-0.34956,-0.62505,-0.63696,-0.19709,-0.19278,0.64431,0.72408,-0.36887,-0.44555,-0.032457,-0.1316,-0.29954,-0.39404,-0.051333,0.029148,-0.28296,0.0093783,0.42316,0.092478,0.096845,0.23498,-0.63769,0.3962,-0.58501,0.44379,-0.22456,-8.5422e-06,-0.34255,-0.35893,0.67619,0.25893,0.32552,0.16623,-0.34327,-0.2058,0.42058,0.27565,0.63553,0.55058,-0.36991,-0.20099,-0.39398,-0.31997,0.42613,-0.33722,0.20354,-0.38185,0.0071622,-0.19592,-0.58338,-0.31218,-0.31544,-0.26515,0.37659,0.21596,-0.48247,0.0089898,0.27529,0.25592,0.13618,0.32837,0.29534,0.19906,0.79285,0.69972,0.45197,-0.29254,0.28683,-0.53696,-0.28053,-0.14093,-0.056403,0.37939,-0.26617,-0.40284,-0.38054,-0.1911,-0.38148,-0.19173,0.2902,0.19875,-0.081001,0.20284,0.44885,-0.12277,-0.44455,-0.12211
0.38042,0.18999,0.52519,0.57799,0.54857,0.46269,1,0.66008,0.62319,0.65878,0.35505,0.27159,0.41316,0.31391,0.59543,0.57888,0.13084,0.10439,0.3693,0.16796,0.27443,0.12792,0.58757,0.72292,0.36628,0.14471,0.43904,0.49004,0.24915,0.21411,0.13113,0.062693,0.25654,0.319,0.072174,0.1,-0.075581,-0.032293,0.3657,0.24604,-0.019277,-0.12935,0.079873,0.16258,0.10221,0.15972,0.14561,0.29029,0.31757,0.27284,0.10565,0.33576,0.11628,0.3031,0.27302,0.36443,0.24009,0.12486,0.46958,0.54478,0.60844,0.48697,0.21724,0.35144,0.18298,0.57528,0.3483,0.42759,-0.063662,0.075409,0.15772,0.29134,0.40258,0.23748,0.29841,0.1245,0.20167,0.17994,0.03587,0.16931,0.27892,0.3163,0.52283,0.56471,0.15244,0.26559,0.40945,0.35035,0.49873,0.50256,0.35615,0.53827,0.39515,0.51215,0.087168,0.18152,0.39961,0.12887,0.19399,0.33602,0.36791,0.5384,0.28332,0.15649,0.10903,0.25797,-0.0089013,0.20404,0.098794,0.39352,0.3631,0.35878,0.49477,0.24817,0.07171,0.098439
0.63321,0.50348,0.41786,0.63165,0.23178,0.1564,0.66008,1,0.25188,0.41958,0.18697,0.67819,0.16186,0.68837,0.23291,0.54343,0.30456,0.31073,0.51646,0.43955,0.11677,0.20609,0.49553,0.43428,-0.042057,-0.096198,0.23973,0.17758,0.065706,0.49439,0.37553,0.42946,0.54074,0.60915,0.023149,-0.050345,0.25044,0.25013,0.24226,0.19181,0.065185,0.13482,0.22945,0.26022,0.34271,0.31897,0.058759,0.2697,0.4025,0.29386,0.42171,0.37954,0.40393,0.22238,0.45824,0.4171,0.32325,0.25887,0.34401,0.66213,0.67771,0.78615,0.53232,0.73283,0.31027,0.7613,0.2642,0.39292,0.14201,0.17818,0.27583,0.47313,0.21188,0.4703,0.12569,0.37931,0.25063,0.32605,0.19176,0.29192,0.25411,0.40711,0.23314,0.36216,0.30148,0.2997,0.2096,0.14611,0.44786,0.31985,0.51587,0.526,-0.022535,0.11447,-0.076026,0.12102,0.083302,0.32786,0.43792,0.40959,0.48349,0.34675,0.4093,0.37891,0.14872,0.19302,0.338,0.36672,-0.20949,0.07924,0.2545,0.22092,0.13757,0.19326,0.25293,0.044404
-0.1484,-0.29848,-0.09758,0.21639,0.82072,0.84421,0.62319,0.25188,1,0.85158,0.69773,-0.20177,0.74167,-0.14335,0.78292,0.3591,-0.25495,-0.33384,-0.19056,-0.31876,0.19003,-0.021936,-0.0029566,0.63153,0.70309,0.64461,0.46528,0.58716,0.59097,-0.25938,-0.4674,-0.50482,-0.1171,-0.11252,0.52447,0.6062,-0.29508,-0.35054,0.071219,-0.019494,-0.23093,-0.33518,-0.045108,0.033902,-0.22668,0.014298,0.37059,0.12505,0.12991,0.22208,-0.51966,0.3499,-0.47601,0.36877,-0.13175,0.051856,-0.20728,-0.26392,0.63964,0.30973,0.36544,0.19156,-0.23789,-0.12327,0.364,0.32303,0.58208,0.52838,-0.32566,-0.16642,-0.23083,-0.16511,0.47741,-0.2149,0.31436,-0.28319,0.057484,-0.12159,-0.43375,-0.2109,-0.1241,-0.092102,0.47393,0.34668,-0.30575,0.10091,0.34315,0.3494,0.22341,0.41056,0.30905,0.31451,0.76104,0.69778,0.41147,-0.19096,0.35322,-0.41172,-0.16439,-0.018943,0.057259,0.43922,-0.10879,-0.2361,-0.23057,-0.071643,-0.29349,-0.12334,0.32348,0.27071,0.022084,0.26613,0.51209,0.008422,-0.3324,-0.0057934
-0.029728,-0.21155,-0.0065843,0.31973,0.81195,0.83638,0.65878,0.41958,0.85158,1,0.66101,-0.06066,0.67656,-0.015336,0.77053,0.52557,-0.22035,-0.27989,-0.088416,-0.23368,0.25893,0.080008,0.079745,0.64627,0.6105,0.52321,0.55681,0.6915,0.49777,-0.14883,-0.35478,-0.39172,-0.08362,-0.053899,0.41218,0.48585,-0.18034,-0.25237,0.20568,0.086028,-0.17543,-0.28097,-0.067034,-0.00073724,-0.21509,-0.023923,0.28515,0.10183,0.1235,0.15064,-0.37983,0.33688,-0.31258,0.40736,0.031528,0.16955,-0.15998,-0.23535,0.59587,0.35363,0.45911,0.35102,-0.12989,0.040881,0.35446,0.44431,0.48141,0.45637,-0.3327,-0.16429,-0.18548,-0.096129,0.41023,-0.13741,0.25207,-0.16919,0.020706,-0.10879,-0.39633,-0.20195,-0.099506,-0.067173,0.51197,0.41174,-0.23944,0.080804,0.4025,0.33522,0.38306,0.52239,0.4426,0.39908,0.74606,0.7416,0.37816,-0.047095,0.30929,-0.29267,-0.087638,0.098139,0.20959,0.56996,0.022633,-0.11732,-0.16778,0.05946,-0.25889,-0.041522,0.31111,0.28582,0.01113,0.26162,0.52747,0.048346,-0.26172,0.059457
-0.12001,-0.35281,-0.43257,0.051325,0.60824,0.7628,0.35505,0.18697,0.69773,0.66101,1,-0.11032,0.89292,-0.016959,0.60267,0.1915,-0.30006,-0.39638,-0.28645,-0.33672,-0.053033,-0.15217,-0.26212,0.43755,0.5282,0.686,0.23534,0.35815,0.67879,-0.27616,-0.63334,-0.556,-0.11724,-0.13343,0.6639,0.72703,-0.23765,-0.30713,-0.21524,-0.27394,-0.30226,-0.2687,-0.15929,-0.07997,-0.39283,-0.11657,0.27849,-0.086471,-0.056085,0.067987,-0.61184,0.31866,-0.54256,0.39165,-0.27114,-0.12153,-0.3623,-0.41008,0.63803,0.16044,0.47189,0.22182,-0.22844,-0.11118,0.545,0.31887,0.53077,0.4002,-0.36133,-0.28129,-0.22458,-0.16917,0.37898,-0.34227,0.1975,-0.39076,0.047537,-0.1364,-0.53698,-0.27383,-0.2738,-0.22376,0.25621,0.14408,-0.43109,-0.00052566,0.16563,0.19423,0.075218,0.19474,0.24493,0.12257,0.59381,0.45751,0.40134,-0.41989,0.080896,-0.5903,-0.33555,-0.20837,-0.15839,0.20777,-0.334,-0.35151,-0.41467,-0.32209,-0.2931,-0.21276,0.22067,0.016621,-0.22979,0.077873,0.29884,-0.22598,-0.47243,-0.16887
0.69734,0.65047,0.43509,0.42332,-0.1835,-0.26797,0.27159,0.67819,-0.20177,-0.06066,-0.11032,1,-0.20364,0.85128,-0.12605,0.4766,0.43298,0.45784,0.61589,0.61477,-0.019405,0.1647,0.49528,0.039599,-0.43155,-0.45006,-0.043546,-0.11063,-0.16861,0.6834,0.57352,0.61081,0.45679,0.55319,-0.37266,-0.43655,0.39352,0.46882,0.22893,0.17277,0.24484,0.30638,0.091929,0.073133,0.28977,0.11661,-0.26269,0.060252,0.23965,0.033265,0.6888,0.18463,0.67406,0.056972,0.55628,0.39323,0.36547,0.31574,0.0050308,0.42421,0.43398,0.61378,0.69811,0.78029,-0.056646,0.50377,-0.20088,-0.053988,0.3036,0.22063,0.36942,0.49244,-0.055985,0.52846,-0.050583,0.47814,0.2043,0.36743,0.40247,0.31455,0.36212,0.44343,0.087442,0.2308,0.48247,0.26663,0.074183,-0.0018318,0.4029,0.14145,0.32627,0.35268,-0.38728,-0.236,-0.30631,0.22221,-0.10937,0.51991,0.46504,0.39663,0.46492,0.14875,0.46856,0.50442,0.27512,0.24245,0.50002,0.46147,-0.31397,-0.01445,0.20858,0.024716,-0.10845,0.20096,0.40338,0.071367
-0.16441,-0.38193,-0.33146,0.10168,0.6562,0.76585,0.41316,0.16186,0.74167,0.67656,0.89292,-0.20364,1,-0.049031,0.7137,0.22482,-0.30109,-0.36652,-0.29608,-0.39447,0.012163,-0.16251,-0.163,0.54919,0.6625,0.73219,0.32842,0.43799,0.67507,-0.29613,-0.61675,-0.56656,-0.10866,-0.15923,0.70283,0.75967,-0.25183,-0.33325,-0.14062,-0.21622,-0.295,-0.33165,-0.082084,-0.0062395,-0.32531,-0.054783,0.35997,-0.013104,-0.016891,0.1195,-0.63532,0.30119,-0.56602,0.40881,-0.26898,-0.10159,-0.28609,-0.33071,0.60524,0.1392,0.42973,0.16856,-0.26165,-0.1751,0.59632,0.31076,0.59988,0.46455,-0.37887,-0.27003,-0.175,-0.14504,0.42719,-0.31652,0.25709,-0.38725,0.11946,-0.094851,-0.46411,-0.16194,-0.15657,-0.11612,0.33844,0.22161,-0.3077,0.094831,0.25524,0.30871,0.12911,0.27243,0.20636,0.1409,0.65302,0.54283,0.45659,-0.37946,0.15798,-0.57153,-0.33826,-0.18391,-0.17067,0.25968,-0.32574,-0.33511,-0.3188,-0.21638,-0.36555,-0.23451,0.27077,0.092283,-0.17552,0.13096,0.35513,-0.17337,-0.43048,-0.096551
0.68153,0.58336,0.39617,0.42106,-0.11632,-0.17415,0.31391,0.68837,-0.14335,-0.015336,-0.016959,0.85128,-0.049031,1,-0.035586,0.49867,0.39305,0.42896,0.55856,0.5241,-0.052513,0.11799,0.49005,0.13526,-0.3452,-0.33635,0.025712,-0.056051,-0.15534,0.60122,0.47684,0.52116,0.43895,0.49482,-0.25299,-0.3283,0.33314,0.37907,0.1751,0.11241,0.13916,0.19963,0.13443,0.12838,0.29828,0.15801,-0.18354,0.089629,0.27551,0.087079,0.62754,0.22987,0.61932,0.12774,0.54328,0.40384,0.36166,0.30801,0.072237,0.44491,0.50476,0.6535,0.63072,0.69373,0.08362,0.58695,-0.088618,0.039611,0.23373,0.16817,0.30892,0.42343,-0.060211,0.46721,-0.061545,0.42187,0.17298,0.30904,0.36236,0.36707,0.36254,0.47167,0.084633,0.23114,0.49437,0.335,0.09032,0.0098435,0.42311,0.16681,0.30558,0.29643,-0.35951,-0.21544,-0.27089,0.16518,-0.11309,0.44936,0.40511,0.33359,0.39001,0.12068,0.37426,0.3841,0.22297,0.21146,0.40118,0.38439,-0.30284,-0.015655,0.16358,-0.0095796,-0.14202,0.10943,0.31863,0.069131
-0.025606,-0.19036,0.10388,0.35757,0.79691,0.69946,0.59543,0.23291,0.78292,0.77053,0.60267,-0.12605,0.7137,-0.035586,1,0.59065,-0.14758,-0.20136,-0.044508,-0.22775,0.37886,0.13932,0.18968,0.65835,0.6787,0.49771,0.64101,0.74828,0.54507,-0.10384,-0.30313,-0.35742,-0.13773,-0.13782,0.3617,0.43925,-0.12246,-0.16398,0.30866,0.22081,-0.1196,-0.24471,-0.057749,-0.0056651,-0.21147,-0.064137,0.25919,0.086223,0.039666,0.077762,-0.38745,0.1822,-0.32071,0.32556,0.029708,0.16548,-0.071881,-0.14584,0.45337,0.21325,0.31649,0.167,-0.13915,-0.10461,0.30231,0.30357,0.42254,0.36967,-0.31424,-0.13722,-0.10227,-0.044721,0.43237,-0.12399,0.3182,-0.1437,0.1092,-0.052607,-0.25213,-0.084851,0.087517,0.0577,0.6755,0.53273,-0.041669,0.21446,0.495,0.47342,0.47336,0.59922,0.33,0.37468,0.76505,0.76693,0.46772,0.069688,0.41116,-0.24426,-0.12545,0.098664,0.2129,0.58436,0.064279,-0.098763,-0.0085734,0.19739,-0.34373,-0.0088842,0.43831,0.40177,0.062579,0.28701,0.59314,0.14073,-0.17968,0.17645
0.48095,0.32671,0.5078,0.59806,0.46889,0.27053,0.57888,0.54343,0.3591,0.52557,0.1915,0.4766,0.22482,0.49867,0.59065,1,0.22598,0.16184,0.43297,0.27931,0.44337,0.38136,0.56509,0.48284,0.2129,-0.054542,0.56275,0.60268,0.14873,0.4396,0.27759,0.21341,0.14976,0.21334,-0.15364,-0.13372,0.30267,0.30604,0.61081,0.50318,0.20504,0.10194,-0.0047845,-0.0013024,0.052907,-0.030163,-0.051796,0.097386,0.16455,-0.016541,0.28606,0.17788,0.34309,0.27394,0.56119,0.52399,0.26176,0.14776,0.17661,0.38063,0.37746,0.44813,0.40769,0.42439,0.0028897,0.45049,0.035018,0.12576,-0.018063,0.080646,0.23029,0.32251,0.19247,0.31566,0.12724,0.30076,0.18361,0.22451,0.16171,0.14416,0.39539,0.39688,0.67025,0.65777,0.40701,0.39059,0.54332,0.40901,0.7363,0.66826,0.54126,0.58616,0.34949,0.49265,0.13387,0.43843,0.28839,0.3189,0.30427,0.48055,0.61231,0.65187,0.49478,0.33526,0.31423,0.51295,0.0025431,0.36261,0.16055,0.36769,0.23575,0.31056,0.47382,0.36256,0.22908,0.30752
0.48618,0.66191,0.48416,0.28734,-0.22236,-0.37724,0.13084,0.30456,-0.25495,-0.22035,-0.30006,0.43298,-0.30109,0.39305,-0.14758,0.22598,1,0.8543,0.65019,0.71561,0.12955,0.21122,0.4861,0.040796,-0.25554,-0.40617,0.036622,-0.061289,0.016796,0.68747,0.6509,0.62874,0.59671,0.58309,-0.30671,-0.40632,0.28164,0.34419,0.34322,0.28567,0.27509,0.27183,0.37886,0.33698,0.51597,0.34868,-0.0021876,0.33934,0.26172,0.17934,0.51091,-0.070065,0.47371,-0.074326,0.37731,0.29375,0.73151,0.75376,-0.24679,0.18655,0.022491,0.11187,0.62594,0.41681,-0.12297,0.04005,-0.056588,0.049047,0.61657,0.59466,0.34746,0.44049,0.10726,0.62001,0.069688,0.4806,0.36896,0.50233,0.78338,0.70559,0.666,0.65746,0.18362,0.3995,0.50056,0.2739,0.15601,0.076137,0.22738,0.12194,0.12736,0.32853,-0.27904,-0.10516,-0.14871,0.37204,0.25006,0.62379,0.53224,0.4494,0.38726,0.14579,0.49045,0.48851,0.39631,0.42354,0.31228,0.37636,-0.14452,0.23431,0.51566,0.34995,0.068272,0.46642,0.49217,0.16059
0.44507,0.68529,0.5063,0.28776,-0.26901,-0.40591,0.10439,0.31073,-0.33384,-0.27989,-0.39638,0.45784,-0.36652,0.42896,-0.20136,0.16184,0.8543,1,0.62941,0.72138,0.12996,0.24314,0.51513,0.027735,-0.28132,-0.41509,0.03145,-0.10072,-0.090746,0.71709,0.70629,0.69435,0.59901,0.61631,-0.32043,-0.42684,0.27619,0.3517,0.28943,0.28217,0.27939,0.29193,0.44654,0.39745,0.60975,0.43731,0.026083,0.39076,0.31358,0.25527,0.55164,-0.061382,0.48803,-0.12134,0.36865,0.2786,0.71787,0.80694,-0.27944,0.1978,-0.024838,0.10138,0.56585,0.41554,-0.11386,0.056531,-0.031726,0.080868,0.65521,0.63077,0.26188,0.38312,0.037017,0.6329,0.02027,0.48484,0.33405,0.47085,0.74176,0.74401,0.58827,0.64751,0.10425,0.34467,0.50459,0.26022,0.083867,0.01448,0.18508,0.034791,0.063896,0.27331,-0.35868,-0.17988,-0.17309,0.35584,0.24804,0.65757,0.56426,0.40302,0.35373,0.072353,0.49152,0.43891,0.39765,0.39058,0.34416,0.38402,-0.18571,0.23102,0.56556,0.29715,-0.016388,0.42914,0.54679,0.14288
0.7314,0.71099,0.70522,0.47182,-0.17669,-0.3655,0.3693,0.51646,-0.19056,-0.088416,-0.28645,0.61589,-0.29608,0.55856,-0.044508,0.43297,0.65019,0.62941,1,0.8316,0.16182,0.27525,0.7349,0.16946,-0.34125,-0.52706,0.087844,-0.030665,-0.20429,0.67778,0.7712,0.71958,0.65801,0.69364,-0.42397,-0.51742,0.42004,0.47494,0.41095,0.37883,0.26816,0.33104,0.21062,0.18427,0.43167,0.23272,-0.20438,0.22918,0.25106,0.086704,0.70528,-0.002222,0.68103,-0.02604,0.56609,0.40073,0.65826,0.61359,-0.16834,0.31762,0.28202,0.39114,0.62022,0.56367,-0.089763,0.35341,-0.15984,-0.018698,0.54897,0.50118,0.47357,0.55648,0.027325,0.64774,0.044904,0.54137,0.34152,0.50267,0.59956,0.50411,0.57361,0.56068,0.20127,0.3915,0.59805,0.20254,0.11252,0.018188,0.39346,0.1743,0.24388,0.49425,-0.32913,-0.10647,-0.19541,0.45592,0.16305,0.6913,0.57848,0.55431,0.50671,0.25213,0.58903,0.59538,0.44394,0.4541,0.41824,0.48415,-0.1372,0.25656,0.51404,0.33836,0.10577,0.4752,0.57163,0.22444
0.66479,0.82675,0.51418,0.36463,-0.29981,-0.41034,0.16796,0.43955,-0.31876,-0.23368,-0.33672,0.61477,-0.39447,0.5241,-0.22775,0.27931,0.71561,0.72138,0.8316,1,0.071167,0.31061,0.52956,-0.014554,-0.40362,-0.50578,-0.058654,-0.1682,-0.13377,0.72984,0.73757,0.73506,0.7187,0.79152,-0.37937,-0.48289,0.44768,0.50575,0.32048,0.32305,0.34672,0.46272,0.24619,0.21096,0.46457,0.28094,-0.16933,0.23008,0.25979,0.14171,0.6633,0.028475,0.6247,-0.078066,0.50298,0.3503,0.61712,0.68947,-0.17282,0.33005,0.14564,0.29586,0.67557,0.59068,-0.14186,0.20767,-0.12796,0.0095627,0.74446,0.68987,0.37797,0.49954,0.045909,0.68758,0.0025652,0.52088,0.38683,0.5753,0.59347,0.51392,0.49085,0.52008,0.10655,0.31625,0.495,0.20913,0.023528,-0.01852,0.28293,0.06245,0.19747,0.38049,-0.40773,-0.2271,-0.1854,0.4034,0.18036,0.69161,0.61025,0.49576,0.4545,0.13375,0.53294,0.56139,0.37607,0.31319,0.49539,0.53324,-0.2134,0.20882,0.54911,0.37178,0.064951,0.46519,0.59478,0.12004
0.096633,0.089329,0.35914,0.31906,0.32115,0.09606,0.27443,0.11677,0.19003,0.25893,-0.053033,-0.019405,0.012163,-0.052513,0.37886,0.44337,0.12955,0.12996,0.16182,0.071167,1,0.64463,0.31296,0.28766,0.26362,-0.0081261,0.51996,0.49011,0.12404,0.15899,0.22595,0.13499,0.0066424,0.027251,-0.1088,-0.061862,0.19093,0.16984,0.51356,0.54838,0.32106,0.18636,0.02166,-0.020556,0.042631,-0.019245,0.026377,0.075267,0.037723,-0.044798,0.06501,-0.033832,0.087383,0.059308,0.30729,0.29407,0.20056,0.13745,-0.032401,0.060076,-0.048654,-0.024951,0.10025,0.048774,-0.092181,0.037309,0.027834,0.061788,0.015183,0.12947,0.14431,0.14543,0.26493,0.19751,0.23599,0.14824,0.084861,0.090595,0.11338,0.086767,0.22764,0.16979,0.54638,0.44523,0.19521,0.17652,0.39702,0.26533,0.43512,0.48414,0.22005,0.34318,0.33222,0.42753,0.27713,0.49196,0.39204,0.21293,0.14138,0.31375,0.38702,0.4597,0.37024,0.19394,0.32132,0.39563,-0.090936,0.23507,0.28965,0.32964,0.26249,0.27802,0.41368,0.40262,0.21218,0.30666
0.22538,0.25812,0.31044,0.31455,0.058848,-0.083796,0.12792,0.20609,-0.021936,0.080008,-0.15217,0.1647,-0.16251,0.11799,0.13932,0.38136,0.21122,0.24314,0.27525,0.31061,0.64463,1,0.33525,0.17763,0.057721,-0.1105,0.31192,0.23512,0.027792,0.31813,0.36669,0.35893,0.20643,0.24528,-0.15745,-0.15918,0.40197,0.42489,0.33605,0.57107,0.46271,0.56531,-0.0019834,-0.041342,0.12149,0.014037,-0.11739,0.0012335,-0.01027,-0.07174,0.22932,-0.049354,0.22914,0.034767,0.35591,0.28595,0.18028,0.18452,-0.16665,0.040281,-0.03179,0.041278,0.238,0.18107,-0.046083,0.088074,-0.067574,-0.0066443,0.19822,0.24528,0.16371,0.24872,0.12029,0.3212,0.059474,0.25117,0.077261,0.15547,0.12981,0.10017,0.1641,0.18378,0.34351,0.31316,0.23672,0.1987,0.16256,0.14157,0.36003,0.28074,0.24595,0.30699,0.068975,0.12893,0.15453,0.42866,0.17237,0.26077,0.23412,0.25591,0.29434,0.23286,0.32889,0.22415,0.3078,0.23352,0.066164,0.29376,0.062451,0.14439,0.18759,0.18844,0.18185,0.26451,0.28448,0.2059
0.58489,0.51896,0.9142,0.69093,0.017028,-0.21363,0.58757,0.49553,-0.0029566,0.079745,-0.26212,0.49528,-0.163,0.49005,0.18968,0.56509,0.4861,0.51513,0.7349,0.52956,0.31296,0.33525,1,0.51668,-0.039908,-0.39519,0.3237,0.232,-0.24581,0.54235,0.70413,0.61553,0.40838,0.46578,-0.45219,-0.47849,0.26202,0.35716,0.51713,0.45999,0.29411,0.20946,0.10663,0.10629,0.33267,0.13108,-0.21951,0.20969,0.21013,0.047597,0.62892,-0.0035819,0.62114,0.027707,0.52763,0.4309,0.5647,0.48847,-0.16983,0.28749,0.24707,0.33407,0.50409,0.45309,-0.13734,0.39448,-0.16191,-0.00090109,0.23378,0.28364,0.45968,0.53881,0.086368,0.56679,0.13606,0.48691,0.19013,0.34671,0.54949,0.42914,0.60925,0.60953,0.39052,0.49751,0.71049,0.37797,0.33881,0.2735,0.54691,0.39345,0.2108,0.48836,-0.10648,0.10723,-0.18669,0.53727,0.24854,0.58624,0.4483,0.48958,0.47549,0.36539,0.5751,0.49635,0.51875,0.52946,0.21607,0.40684,-0.045546,0.3665,0.50731,0.27895,0.20747,0.41233,0.47788,0.32619
0.099008,0.0098915,0.36651,0.61538,0.5933,0.55007,0.72292,0.43428,0.63153,0.64627,0.43755,0.039599,0.54919,0.13526,0.65835,0.48284,0.040796,0.027735,0.16946,-0.014554,0.28766,0.17763,0.51668,1,0.64451,0.44611,0.51466,0.56229,0.36438,0.040444,-0.032491,-0.040066,0.19128,0.19167,0.3131,0.35637,-0.090005,-0.059315,0.23128,0.20027,-0.04626,-0.11528,0.050268,0.12574,0.024407,0.13923,0.23023,0.22468,0.17227,0.23621,-0.14114,0.26793,-0.12437,0.34967,0.092934,0.2296,0.11456,0.069012,0.35264,0.29673,0.38019,0.28443,0.016287,0.083106,0.36281,0.47728,0.47993,0.51519,-0.14329,0.03448,0.11354,0.21872,0.47284,0.12166,0.33003,0.010329,0.21162,0.15345,-0.05675,0.11804,0.16667,0.26136,0.49391,0.47826,0.12408,0.35698,0.41861,0.43677,0.39287,0.49282,0.30667,0.45051,0.53309,0.55872,0.27135,0.075273,0.42958,-0.081976,0.058861,0.16952,0.15117,0.44187,0.094324,-0.0083722,0.049965,0.13802,-0.18693,0.022548,0.18852,0.42097,0.30926,0.38222,0.47299,0.14257,-0.040241,0.10864
-0.36568,-0.38411,-0.11865,0.14343,0.70636,0.72179,0.36628,-0.042057,0.70309,0.6105,0.5282,-0.43155,0.6625,-0.3452,0.6787,0.2129,-0.25554,-0.28132,-0.34125,-0.40362,0.26362,0.057721,-0.039908,0.64451,1,0.78682,0.52833,0.58052,0.55402,-0.32684,-0.4436,-0.45349,-0.13159,-0.1914,0.5936,0.65949,-0.25308,-0.30902,0.045538,0.036871,-0.15751,-0.26857,0.043183,0.096675,-0.14541,0.081213,0.4437,0.15705,0.027634,0.2181,-0.60932,0.16562,-0.58108,0.28533,-0.26831,-0.05024,-0.20163,-0.18679,0.37919,0.044413,0.049782,-0.12326,-0.34707,-0.34592,0.36977,0.078432,0.60849,0.53027,-0.29582,-0.099181,-0.18515,-0.17261,0.43417,-0.26272,0.24208,-0.31454,0.083117,-0.089443,-0.34904,-0.12192,-0.10427,-0.04556,0.42852,0.30689,-0.24049,0.21102,0.32271,0.39067,0.10124,0.35702,0.13849,0.16923,0.7415,0.6637,0.49554,-0.13112,0.41819,-0.42165,-0.25193,-0.11361,-0.15637,0.29122,-0.2694,-0.3673,-0.22647,-0.089949,-0.47451,-0.26411,0.33979,0.33445,0.060398,0.33174,0.50237,-0.0017961,-0.34673,-0.032264
-0.48349,-0.48897,-0.51831,-0.075389,0.55275,0.77667,0.14471,-0.096198,0.64461,0.52321,0.686,-0.45006,0.73219,-0.33635,0.49771,-0.054542,-0.40617,-0.41509,-0.52706,-0.50578,-0.0081261,-0.1105,-0.39519,0.44611,0.78682,1,0.23374,0.34069,0.65509,-0.47487,-0.67897,-0.59475,-0.1392,-0.20812,0.8149,0.86615,-0.34538,-0.43564,-0.32016,-0.2763,-0.29464,-0.28261,0.015846,0.078712,-0.22373,0.098759,0.4941,0.058084,-0.0023483,0.26124,-0.7813,0.26561,-0.76554,0.30621,-0.46681,-0.23681,-0.40097,-0.35029,0.50631,0.016024,0.079121,-0.12494,-0.43434,-0.38464,0.52492,0.0562,0.7216,0.59914,-0.30884,-0.19413,-0.36768,-0.35138,0.41585,-0.40393,0.20115,-0.4704,0.027414,-0.18909,-0.60034,-0.28696,-0.39474,-0.2547,0.15744,-0.0067158,-0.49418,0.1191,0.089417,0.21772,-0.19091,0.070019,0.077814,-0.048608,0.64067,0.44756,0.47449,-0.49209,0.20623,-0.66481,-0.36682,-0.35102,-0.3755,0.042879,-0.51269,-0.53291,-0.46695,-0.42765,-0.38028,-0.36175,0.21002,0.048855,-0.14763,0.14016,0.23821,-0.26425,-0.4925,-0.24798
0.06627,-0.033361,0.31975,0.45898,0.69684,0.43331,0.43904,0.23973,0.46528,0.55681,0.23534,-0.043546,0.32842,0.025712,0.64101,0.56275,0.036622,0.03145,0.087844,-0.058654,0.51996,0.31192,0.3237,0.51466,0.52833,0.23374,1,0.83535,0.19432,0.053346,-0.0083143,-0.055879,-0.089964,-0.095808,0.12534,0.15933,-0.0025339,-0.034505,0.48261,0.36838,-0.0013761,-0.109,0.011581,-0.00030036,-0.036028,-0.031212,0.11039,0.081237,0.027961,-0.022484,-0.11008,0.044634,-0.048841,0.2103,0.23315,0.27536,0.076643,0.046263,0.158,0.16402,0.16485,0.14734,-0.01744,-0.020476,0.19308,0.24347,0.21667,0.23824,-0.194,-0.038657,-0.07925,-0.0046846,0.22007,0.043781,0.09955,0.019953,-0.016379,-0.083376,-0.061351,0.018987,0.1293,0.14839,0.56827,0.50141,0.12812,0.25269,0.53023,0.39834,0.57893,0.65425,0.37092,0.41341,0.58539,0.69904,0.28386,0.23679,0.30519,0.011366,-0.0054637,0.22286,0.3725,0.62058,0.2721,0.052261,0.12297,0.38875,-0.2889,0.13328,0.30008,0.3364,0.12122,0.22563,0.46259,0.21324,-0.055626,0.22224
-0.018611,-0.11736,0.24309,0.43458,0.76072,0.60753,0.49004,0.17758,0.58716,0.6915,0.35815,-0.11063,0.43799,-0.056051,0.74828,0.60268,-0.061289,-0.10072,-0.030665,-0.1682,0.49011,0.23512,0.232,0.56229,0.58052,0.34069,0.83535,1,0.3146,-0.036688,-0.17693,-0.25333,-0.22122,-0.22563,0.1555,0.23832,-0.076707,-0.12788,0.5221,0.36404,-0.028073,-0.19754,-0.11634,-0.10615,-0.21218,-0.16406,0.1081,0.010652,-0.029427,-0.077462,-0.24345,0.086702,-0.15394,0.31283,0.19729,0.28593,-0.01437,-0.05952,0.27417,0.15098,0.18703,0.11511,-0.11302,-0.086749,0.12638,0.22125,0.2417,0.23975,-0.28189,-0.095708,-0.14182,-0.082462,0.31459,-0.039606,0.17725,-0.081498,-0.0050043,-0.10098,-0.17658,-0.094022,0.0793,0.059517,0.6592,0.53926,0.012789,0.24247,0.64854,0.52372,0.58179,0.73914,0.34981,0.38253,0.75224,0.82724,0.34244,0.23891,0.35426,-0.10005,-0.10732,0.17315,0.36766,0.70705,0.25634,-0.028029,0.11296,0.39728,-0.37178,0.1016,0.44078,0.42606,0.09044,0.24245,0.57902,0.22408,-0.12955,0.28489
-0.22397,-0.20929,-0.37066,-0.023336,0.52695,0.64037,0.24915,0.065706,0.59097,0.49777,0.67879,-0.16861,0.67507,-0.15534,0.54507,0.14873,0.016796,-0.090746,-0.20429,-0.13377,0.12404,0.027792,-0.24581,0.36438,0.55402,0.65509,0.19432,0.3146,1,0.012104,-0.40269,-0.36862,0.07181,0.05097,0.61099,0.65661,-0.092957,-0.16516,-0.069471,-0.049831,-0.07972,-0.07434,0.019446,0.068437,-0.18866,0.058212,0.40957,0.093811,0.021771,0.20043,-0.60094,0.25363,-0.56607,0.32514,-0.23629,-0.046117,-0.16329,-0.15194,0.47302,0.10525,0.13753,-0.056084,-0.16013,-0.18109,0.3421,0.019616,0.59049,0.48006,-0.03281,0.069388,-0.13414,-0.066457,0.58595,-0.12633,0.34464,-0.2591,0.30878,0.12135,-0.27095,-0.061456,-0.074659,-0.054219,0.41909,0.35182,-0.38198,0.10308,0.19366,0.23849,0.020312,0.19248,0.22748,0.19556,0.6044,0.48917,0.54223,-0.25266,0.37769,-0.39991,-0.14663,-0.068681,-0.070013,0.24578,-0.22615,-0.27919,-0.28063,-0.18495,-0.26815,-0.1122,0.33092,0.25418,0.073271,0.32529,0.42011,0.016672,-0.24809,-0.06985
0.60018,0.67818,0.52792,0.36732,-0.19323,-0.34956,0.21411,0.49439,-0.25938,-0.14883,-0.27616,0.6834,-0.29613,0.60122,-0.10384,0.4396,0.68747,0.71709,0.67778,0.72984,0.15899,0.31813,0.54235,0.040444,-0.32684,-0.47487,0.053346,-0.036688,0.012104,1,0.72215,0.71278,0.57138,0.62444,-0.39429,-0.47281,0.48642,0.56936,0.40294,0.40922,0.36962,0.41884,0.24497,0.20007,0.42732,0.24029,-0.13629,0.2214,0.25624,0.102,0.6481,0.046223,0.62742,0.0029923,0.56653,0.44201,0.53363,0.53701,-0.16156,0.30488,0.18667,0.32407,0.6302,0.5745,-0.15757,0.22832,-0.14897,-0.019451,0.51559,0.47647,0.45189,0.59841,0.11853,0.7057,0.075853,0.57384,0.38992,0.55695,0.62381,0.54633,0.52659,0.56693,0.23448,0.49747,0.49563,0.27336,0.16871,0.078,0.39211,0.20192,0.31776,0.40925,-0.31628,-0.11117,-0.13083,0.39756,0.13973,0.66927,0.58676,0.53575,0.51214,0.21837,0.55102,0.53049,0.37595,0.42856,0.33593,0.46033,-0.13551,0.2691,0.45681,0.27795,0.084853,0.42174,0.5362,0.20196
0.56672,0.66976,0.731,0.38579,-0.4056,-0.62505,0.13113,0.37553,-0.4674,-0.35478,-0.63334,0.57352,-0.61675,0.47684,-0.30313,0.27759,0.6509,0.70629,0.7712,0.73757,0.22595,0.36669,0.70413,-0.032491,-0.4436,-0.67897,-0.0083143,-0.17693,-0.40269,0.72215,1,0.93798,0.59188,0.64027,-0.58227,-0.68861,0.45847,0.5427,0.42659,0.43778,0.39039,0.41264,0.27893,0.20132,0.55845,0.27648,-0.2548,0.22278,0.20353,0.043865,0.81436,-0.16684,0.755,-0.2239,0.55869,0.36683,0.60307,0.61354,-0.4533,0.16815,-0.016234,0.2001,0.61508,0.52409,-0.28401,0.14097,-0.31837,-0.14928,0.55505,0.51774,0.52304,0.58426,-0.13357,0.67668,-0.02105,0.62558,0.22763,0.46184,0.72973,0.49992,0.55197,0.56076,0.064238,0.26768,0.65645,0.22951,0.03115,-0.05445,0.28862,0.067296,0.13163,0.33175,-0.5181,-0.28505,-0.3218,0.52814,0.094182,0.81069,0.61058,0.5087,0.47745,0.083351,0.61575,0.61676,0.52877,0.48082,0.4701,0.50904,-0.2409,0.16255,0.5121,0.2325,-0.062898,0.44951,0.64794,0.22136
0.56552,0.67159,0.61701,0.4182,-0.45482,-0.63696,0.062693,0.42946,-0.50482,-0.39172,-0.556,0.61081,-0.56656,0.52116,-0.35742,0.21341,0.62874,0.69435,0.71958,0.73506,0.13499,0.35893,0.61553,-0.040066,-0.45349,-0.59475,-0.055879,-0.25333,-0.36862,0.71278,0.93798,1,0.63902,0.68761,-0.47604,-0.60016,0.50751,0.58235,0.30113,0.35828,0.38717,0.4836,0.28244,0.20736,0.55548,0.29989,-0.24542,0.18295,0.1559,0.047356,0.77278,-0.15948,0.70809,-0.23227,0.4968,0.30372,0.53755,0.58021,-0.45256,0.1399,0.010493,0.21465,0.62484,0.54814,-0.15631,0.16784,-0.25757,-0.098985,0.55387,0.48735,0.51331,0.59471,-0.12451,0.67146,-0.055128,0.59809,0.23354,0.47431,0.67995,0.50463,0.47324,0.56876,-0.030255,0.18365,0.63301,0.29994,-0.017855,-0.048505,0.22445,0.00087403,0.12517,0.25798,-0.5761,-0.38981,-0.31955,0.40456,0.0060392,0.73624,0.58142,0.42524,0.37403,-0.028616,0.51677,0.57081,0.45693,0.35625,0.50281,0.47325,-0.32421,0.053555,0.43877,0.19381,-0.16007,0.34363,0.60093,0.13913
0.50499,0.58716,0.31227,0.3237,-0.18141,-0.19709,0.25654,0.54074,-0.1171,-0.08362,-0.11724,0.45679,-0.10866,0.43895,-0.13773,0.14976,0.59671,0.59901,0.65801,0.7187,0.0066424,0.20643,0.40838,0.19128,-0.13159,-0.1392,-0.089964,-0.22122,0.07181,0.57138,0.59188,0.63902,1,0.92502,0.12251,-0.048364,0.34657,0.32669,0.079006,0.12468,0.13204,0.31511,0.46656,0.45194,0.62728,0.58862,0.15483,0.39544,0.39294,0.41832,0.4168,0.15452,0.3419,0.0026203,0.29107,0.20804,0.54216,0.58918,0.033755,0.39967,0.31774,0.36612,0.58886,0.55703,0.33179,0.35953,0.35284,0.43928,0.6615,0.63375,0.38268,0.50307,0.23249,0.61108,0.096391,0.43989,0.5072,0.60422,0.42898,0.54021,0.35851,0.50476,0.0087581,0.21866,0.34243,0.24383,-0.053382,-0.051847,0.10162,-0.05264,0.24655,0.37763,-0.32291,-0.18623,-0.01135,0.11116,0.1743,0.48201,0.52632,0.36786,0.2295,0.016349,0.30348,0.42079,0.17321,0.098339,0.45342,0.35463,-0.25786,0.12381,0.50118,0.4321,0.037284,0.34116,0.43785,-0.034009
0.55134,0.65963,0.36893,0.3579,-0.18261,-0.19278,0.319,0.60915,-0.11252,-0.053899,-0.13343,0.55319,-0.15923,0.49482,-0.13782,0.21334,0.58309,0.61631,0.69364,0.79152,0.027251,0.24528,0.46578,0.19167,-0.1914,-0.20812,-0.095808,-0.22563,0.05097,0.62444,0.64027,0.68761,0.92502,1,0.010768,-0.12963,0.34456,0.35307,0.11401,0.14861,0.21865,0.3434,0.38637,0.39053,0.57688,0.53297,0.06927,0.37335,0.39605,0.39878,0.48906,0.19781,0.41468,-0.00073468,0.3356,0.24951,0.50902,0.57468,0.060438,0.47152,0.35295,0.42568,0.62711,0.62909,0.20189,0.39327,0.25731,0.37732,0.66118,0.64501,0.36949,0.51367,0.21027,0.63518,0.10211,0.44967,0.48045,0.61788,0.41708,0.48615,0.32599,0.46425,0.053967,0.23515,0.33373,0.20821,-0.042581,-0.056742,0.14397,-0.040619,0.24928,0.40214,-0.34172,-0.20099,-0.068687,0.17911,0.20257,0.51808,0.56265,0.38325,0.29362,0.04258,0.35356,0.43245,0.19116,0.10298,0.5149,0.4406,-0.28395,0.15441,0.55532,0.43502,0.055126,0.34462,0.47844,-0.045143
-0.36274,-0.40587,-0.58226,-0.11419,0.44543,0.64431,0.072174,0.023149,0.52447,0.41218,0.6639,-0.37266,0.70283,-0.25299,0.3617,-0.15364,-0.30671,-0.32043,-0.42397,-0.37937,-0.1088,-0.15745,-0.45219,0.3131,0.5936,0.8149,0.12534,0.1555,0.61099,-0.39429,-0.58227,-0.47604,0.12251,0.010768,1,0.94784,-0.23138,-0.37528,-0.38457,-0.34078,-0.35159,-0.24372,0.16202,0.21147,-0.051546,0.26484,0.54153,0.1172,0.043974,0.32092,-0.7222,0.252,-0.71809,0.24718,-0.45558,-0.2698,-0.31403,-0.24561,0.49688,0.074,0.2236,0.01593,-0.32081,-0.242,0.76748,0.13928,0.83906,0.70244,-0.18308,-0.086072,-0.27968,-0.23746,0.397,-0.30681,0.13784,-0.36793,0.16772,-0.050601,-0.52719,-0.14753,-0.35528,-0.19797,-0.016914,-0.076533,-0.46698,0.041586,-0.037575,0.072557,-0.23093,-0.032975,0.12103,-0.0099744,0.46081,0.31869,0.46047,-0.55803,0.098722,-0.59419,-0.29888,-0.29888,-0.36651,-0.032565,-0.48547,-0.43544,-0.49459,-0.44918,-0.23971,-0.29171,0.078479,-0.083356,-0.15431,0.15189,0.15318,-0.25148,-0.45102,-0.32634
-0.4485,-0.50026,-0.59921,-0.11576,0.51829,0.72408,0.1,-0.050345,0.6062,0.48585,0.72703,-0.43655,0.75967,-0.3283,0.43925,-0.13372,-0.40632,-0.42684,-0.51742,-0.48289,-0.061862,-0.15918,-0.47849,0.35637,0.65949,0.86615,0.15933,0.23832,0.65661,-0.47281,-0.68861,-0.60016,-0.048364,-0.12963,0.94784,1,-0.31012,-0.44519,-0.37507,-0.35096,-0.35303,-0.2921,0.019057,0.087,-0.21358,0.126,0.48408,0.025557,-0.040087,0.23786,-0.81387,0.2374,-0.78944,0.27575,-0.50966,-0.30633,-0.40572,-0.35444,0.53071,0.035748,0.19657,-0.033027,-0.41369,-0.32571,0.6697,0.098582,0.78332,0.64795,-0.29437,-0.18353,-0.32374,-0.30388,0.42508,-0.39202,0.19294,-0.46599,0.095099,-0.1362,-0.60915,-0.2595,-0.4091,-0.2802,0.054398,-0.069654,-0.5335,0.025301,0.015005,0.13093,-0.21386,0.019035,0.071423,-0.041845,0.56502,0.38953,0.46542,-0.56163,0.11509,-0.69809,-0.40122,-0.36932,-0.39756,-0.0022155,-0.51985,-0.50809,-0.49965,-0.46427,-0.31635,-0.35595,0.16176,-0.050141,-0.20172,0.10595,0.20403,-0.29046,-0.51377,-0.28909
0.4183,0.4221,0.25212,0.27442,-0.18859,-0.36887,-0.075581,0.25044,-0.29508,-0.18034,-0.23765,0.39352,-0.25183,0.33314,-0.12246,0.30267,0.28164,0.27619,0.42004,0.44768,0.19093,0.40197,0.26202,-0.090005,-0.25308,-0.34538,-0.0025339,-0.076707,-0.092957,0.48642,0.45847,0.50751,0.34657,0.34456,-0.23138,-0.31012,1,0.82272,0.41483,0.51141,0.47481,0.58916,0.055868,0.0050068,0.17404,0.012058,-0.21027,-0.022636,-0.047671,-0.14289,0.44163,-0.07724,0.4504,-0.014152,0.48342,0.34517,0.25333,0.23298,-0.27972,0.00065132,0.0067701,0.11963,0.41474,0.37497,-0.066045,0.067419,-0.22219,-0.15818,0.28418,0.23705,0.52378,0.53004,-0.015964,0.41385,-0.02266,0.44418,0.39401,0.52582,0.30089,0.19662,0.22476,0.29506,0.11997,0.23969,0.38738,0.25714,0.11633,0.12888,0.35607,0.2169,0.3425,0.32347,-0.23567,-0.13278,0.07917,0.38136,0.021792,0.4909,0.40183,0.41915,0.29817,0.10687,0.34897,0.45941,0.30531,0.23617,0.26637,0.34774,-0.02524,0.10447,0.19888,0.26575,0.095731,0.28811,0.37411,0.18203
0.44419,0.48613,0.37216,0.31675,-0.26223,-0.44555,-0.032293,0.25013,-0.35054,-0.25237,-0.30713,0.46882,-0.33325,0.37907,-0.16398,0.30604,0.34419,0.3517,0.47494,0.50575,0.16984,0.42489,0.35716,-0.059315,-0.30902,-0.43564,-0.034505,-0.12788,-0.16516,0.56936,0.5427,0.58235,0.32669,0.35307,-0.37528,-0.44519,0.82272,1,0.40659,0.59105,0.50313,0.64875,0.032506,-0.0054607,0.20163,0.0087112,-0.27637,0.0011149,-0.037671,-0.14179,0.53529,-0.11672,0.52365,-0.095911,0.48583,0.36402,0.26673,0.27338,-0.35636,-0.022737,-0.034345,0.10922,0.42028,0.36332,-0.18222,0.069336,-0.33167,-0.24178,0.31414,0.26397,0.55705,0.57194,-0.044799,0.46215,-0.029553,0.48452,0.33756,0.53086,0.40318,0.23705,0.30291,0.35037,0.12239,0.27889,0.46078,0.27444,0.14254,0.14937,0.3522,0.20381,0.25956,0.30382,-0.29714,-0.17551,-0.011995,0.4588,0.074379,0.57372,0.43073,0.4177,0.32324,0.089417,0.40164,0.43616,0.3376,0.29688,0.26622,0.37175,-0.064271,0.18519,0.29136,0.26214,0.082577,0.28051,0.41483,0.1807
0.37582,0.38119,0.61553,0.45627,0.27907,-0.032457,0.3657,0.24226,0.071219,0.20568,-0.21524,0.22893,-0.14062,0.1751,0.30866,0.61081,0.34322,0.28943,0.41095,0.32048,0.51356,0.33605,0.51713,0.23128,0.045538,-0.32016,0.48261,0.5221,-0.069471,0.40294,0.42659,0.30113,0.079006,0.11401,-0.38457,-0.37507,0.41483,0.40659,1,0.77057,0.39532,0.18716,0.09549,0.065683,0.15726,-0.025395,-0.057148,0.20183,0.13484,-0.051305,0.39158,0.011995,0.40518,0.11588,0.63368,0.61146,0.39174,0.32984,-0.10453,0.20212,-0.0042295,0.10009,0.2843,0.22707,-0.30762,0.093619,-0.1531,-0.044147,0.12046,0.25841,0.33406,0.35445,0.11999,0.36666,0.12605,0.35034,0.27429,0.34993,0.39122,0.24524,0.44493,0.34766,0.5921,0.62701,0.40398,0.27743,0.61518,0.40317,0.68248,0.65023,0.38501,0.53492,0.2365,0.45432,0.13982,0.71067,0.454,0.57246,0.39046,0.61074,0.65499,0.62892,0.65283,0.44088,0.51553,0.71708,0.011382,0.39446,0.29658,0.51109,0.42853,0.41249,0.53024,0.54639,0.37485,0.42396
0.32882,0.37016,0.53656,0.42857,0.13425,-0.1316,0.24604,0.19181,-0.019494,0.086028,-0.27394,0.17277,-0.21622,0.11241,0.22081,0.50318,0.28567,0.28217,0.37883,0.32305,0.54838,0.57107,0.45999,0.20027,0.036871,-0.2763,0.36838,0.36404,-0.049831,0.40922,0.43778,0.35828,0.12468,0.14861,-0.34078,-0.35096,0.51141,0.59105,0.77057,1,0.46453,0.45701,0.17582,0.13779,0.2428,0.073764,0.019646,0.25483,0.1479,0.034064,0.3732,0.014686,0.35661,0.078356,0.60567,0.6403,0.35389,0.31805,-0.20865,0.099974,-0.146,-0.048483,0.21353,0.13192,-0.30315,0.0066281,-0.12204,-0.013843,0.18417,0.30033,0.33568,0.37765,0.10955,0.37315,0.096805,0.35738,0.25508,0.33777,0.32996,0.21508,0.38729,0.3221,0.47658,0.54454,0.37578,0.31942,0.44562,0.3485,0.55431,0.50419,0.36192,0.4674,0.15359,0.29953,0.18845,0.6854,0.45629,0.5605,0.4374,0.5926,0.51309,0.4481,0.55835,0.37472,0.51021,0.56999,0.0090545,0.38032,0.21233,0.44022,0.45086,0.4401,0.47283,0.50398,0.44989,0.37852
0.19408,0.32046,0.31057,0.21413,-0.19078,-0.29954,-0.019277,0.065185,-0.23093,-0.17543,-0.30226,0.24484,-0.295,0.13916,-0.1196,0.20504,0.27509,0.27939,0.26816,0.34672,0.32106,0.46271,0.29411,-0.04626,-0.15751,-0.29464,-0.0013761,-0.028073,-0.07972,0.36962,0.39039,0.38717,0.13204,0.21865,-0.35159,-0.35303,0.47481,0.50313,0.39532,0.46453,1,0.65887,-0.11351,-0.14308,0.041154,-0.10847,-0.2966,-0.10265,-0.10428,-0.17524,0.3431,-0.091462,0.34203,-0.031686,0.32755,0.24217,0.20097,0.22421,-0.30307,-0.043529,-0.12915,-0.07227,0.30634,0.18563,-0.29307,-0.084755,-0.30341,-0.21597,0.24265,0.25435,0.26841,0.28186,0.14059,0.41699,0.097512,0.28832,0.19302,0.32929,0.29107,0.078026,0.20291,0.21819,0.2444,0.25883,0.29897,0.23977,0.17454,0.14175,0.27057,0.20347,0.06441,0.20185,-0.12553,-0.053521,-0.012655,0.44678,0.14074,0.35521,0.24713,0.22379,0.2553,0.13756,0.30724,0.28174,0.34761,0.21623,0.18288,0.28588,0.026621,0.16752,0.28614,0.19143,0.12005,0.32576,0.33739,0.18717
