1,0.68146,0.64725,0.60858,0.53769,0.5352,0.59566,0.60491,0.53309,0.58434,0.51634,0.5654,0.52667,0.47505,0.53001,0.38565,0.68106,0.64312,0.7311,0.63834,0.30684,0.15217,0.3632,0.32134,0.4348,0.33891,0.44706,0.42874,0.42304,0.47234,0.1558,0.088196,0.5823,0.48515,0.42629,0.46261,0.25574,0.13031,0.11321,0.13566,-0.043,-0.011794,0.56645,0.54828,0.53465,0.57362,0.53723,0.56407,0.64007,0.59858,0.54288,0.4485,0.46008,0.42021,0.43349,0.52063,0.84417,0.69461,0.73521,0.64463,0.59649,0.52018,0.64705,0.54818,0.30122,0.39434,0.61479,0.55759,0.57927,0.53181,0.20349,0.13717,0.25807,0.21976,0.14823,0.26799,0.2725,0.26377,0.56102,0.5123,0.51518,0.4313,0.18468,0.34977,0.34756,0.40538,0.31588,0.35152,0.47542,0.52463,0.26999,0.30739,0.26311,0.34529,0.16065,0.056556,0.27796,0.21613,0.30382,0.46243,0.34688,0.37243,0.28591,0.41543,0.17206,0.25414,0.2688,0.20543,-0.018558,0.20086,0.30282,0.35883,0.30433,0.25277,0.20616,0.027282
0.68146,1,0.49009,0.56964,0.47335,0.43109,0.41748,0.51601,0.44328,0.49778,0.40074,0.52974,0.38082,0.42187,0.46241,0.29808,0.59002,0.71183,0.59637,0.69149,0.28619,0.12773,0.29265,0.24286,0.3303,0.23616,0.36748,0.30122,0.33449,0.46537,0.06646,0.01366,0.50541,0.46511,0.32604,0.3876,0.2444,0.16456,0.0416,0.13407,-0.052312,-0.0014363,0.57144,0.55895,0.56635,0.60692,0.55569,0.59426,0.58505,0.56404,0.4507,0.38318,0.39987,0.31669,0.47244,0.52961,0.7056,0.86841,0.52689,0.55841,0.32806,0.34091,0.50878,0.52795,0.2163,0.25526,0.56388,0.54702,0.64955,0.66682,0.15531,0.11138,0.22029,0.19767,0.07886,0.20479,0.28421,0.30985,0.5195,0.59521,0.46096,0.46466,0.14347,0.30256,0.29927,0.3951,0.34253,0.36139,0.41589,0.4808,0.31707,0.35071,0.30711,0.36847,0.21747,0.13548,0.47382,0.28921,0.48982,0.46914,0.37943,0.38553,0.34998,0.44651,0.17745,0.28536,0.31514,0.15585,0.034706,0.27353,0.39852,0.46464,0.37847,0.43264,0.3121,0.089418
0.64725,0.49009,1,0.85314,0.74907,0.65401,0.87643,0.80762,0.74699,0.70416,0.68966,0.69747,0.78402,0.6905,0.72936,0.68915,0.58039,0.61933,0.6251,0.53208,0.47022,0.38805,0.80208,0.71013,0.74055,0.60516,0.68584,0.62055,0.53293,0.57917,0.40907,0.35629,0.64145,0.61365,0.64489,0.65408,0.40111,0.2864,0.27849,0.31254,0.053347,0.13725,0.4744,0.4703,0.49225,0.51348,0.4871,0.52817,0.54308,0.56038,0.58214,0.47108,0.51684,0.44117,0.48958,0.50627,0.52949,0.57885,0.7182,0.68391,0.69486,0.70788,0.65608,0.64317,0.65997,0.67669,0.75487,0.72299,0.41978,0.45707,0.35917,0.31722,0.20441,0.17757,0.15715,0.24527,0.28619,0.29335,0.49224,0.49858,0.5353,0.54819,0.31215,0.50993,0.62282,0.6337,0.4978,0.48259,0.65663,0.66957,0.45281,0.48012,0.52224,0.59423,0.13952,0.12025,0.27531,0.18484,0.28227,0.36351,0.52753,0.53048,0.44128,0.45576,0.3076,0.40454,0.3952,0.29684,0.046544,0.16744,0.35152,0.3293,0.32761,0.25235,0.21653,0.012273
0.60858,0.56964,0.85314,1,0.70273,0.70423,0.7558,0.85117,0.67053,0.72329,0.62698,0.75079,0.69634,0.71209,0.67452,0.65913,0.51449,0.654,0.59982,0.61974,0.46261,0.36968,0.70997,0.72424,0.63893,0.54949,0.64839,0.61846,0.52567,0.63229,0.34204,0.37492,0.61743,0.63542,0.55868,0.63438,0.50219,0.39475,0.29348,0.38445,0.091007,0.14394,0.46562,0.47199,0.46331,0.50049,0.49349,0.55007,0.52935,0.57726,0.57634,0.49108,0.53942,0.42646,0.56447,0.57796,0.47342,0.63268,0.64748,0.69241,0.61502,0.70012,0.61569,0.69875,0.54433,0.63859,0.68973,0.70186,0.46155,0.52301,0.32164,0.30337,0.17242,0.14964,0.12483,0.22759,0.28592,0.32667,0.38311,0.4778,0.44453,0.51197,0.34442,0.54757,0.56707,0.63914,0.52092,0.53843,0.67578,0.70903,0.54663,0.53149,0.56902,0.57967,0.16213,0.15343,0.34586,0.22326,0.38493,0.44268,0.56174,0.51835,0.48244,0.47687,0.33874,0.3734,0.45503,0.2914,0.12244,0.20424,0.41155,0.41752,0.39016,0.30367,0.26721,0.011204
0.53769,0.47335,0.74907,0.70273,1,0.76447,0.7242,0.73155,0.85976,0.78729,0.56738,0.67175,0.61715,0.64903,0.67619,0.5072,0.43141,0.56165,0.54596,0.46471,0.43004,0.22201,0.56134,0.504,0.67389,0.46879,0.67037,0.54853,0.37383,0.39451,0.23564,0.19047,0.50136,0.50116,0.52958,0.60385,0.26981,0.087175,0.010413,0.096514,-0.1099,-0.080312,0.49747,0.49957,0.48732,0.5225,0.4902,0.55077,0.51121,0.56683,0.57088,0.46995,0.51807,0.44649,0.4894,0.51509,0.4237,0.54931,0.62956,0.65985,0.59633,0.69877,0.52059,0.58075,0.49496,0.65002,0.70788,0.71299,0.38524,0.4361,0.14249,0.095934,0.011486,-0.00011893,-0.038601,0.099405,0.12149,0.1438,0.33055,0.35157,0.36082,0.43079,0.15921,0.29886,0.45473,0.54065,0.38612,0.2744,0.64414,0.67084,0.47001,0.46495,0.44871,0.46678,0.029958,-0.0028649,0.25895,0.085239,0.27851,0.33743,0.47591,0.43567,0.34161,0.35316,0.13706,0.24986,0.27261,0.090566,-0.035788,0.068428,0.3242,0.29245,0.30945,0.2725,0.12232,-0.0059877
0.5352,0.43109,0.65401,0.70423,0.76447,1,0.61071,0.72594,0.72751,0.81561,0.5083,0.626,0.55406,0.57942,0.58898,0.50636,0.37889,0.51281,0.49346,0.44376,0.36542,0.22124,0.50021,0.50491,0.60472,0.51177,0.65914,0.69989,0.31671,0.38035,0.18942,0.18584,0.43248,0.46438,0.44961,0.56553,0.34424,0.21526,0.079643,0.20975,-0.11216,-0.018341,0.50364,0.51946,0.47586,0.51967,0.50152,0.54471,0.54027,0.58504,0.59723,0.50912,0.50804,0.45798,0.51134,0.54963,0.42082,0.52175,0.59877,0.62701,0.55791,0.659,0.51308,0.59048,0.41875,0.56867,0.61908,0.65089,0.35375,0.39754,0.12658,0.10524,0.032516,0.039907,0.07628,0.19611,0.17042,0.16076,0.26246,0.29222,0.31069,0.36262,0.095749,0.26239,0.41508,0.49342,0.334,0.2636,0.59763,0.60274,0.4699,0.45124,0.42079,0.44567,0.045455,0.012956,0.23132,0.13118,0.29988,0.37529,0.4481,0.42553,0.36735,0.34386,0.23609,0.23678,0.2626,0.16226,-0.027784,0.11063,0.34124,0.33067,0.23815,0.14799,0.15881,-0.045071
0.59566,0.41748,0.87643,0.7558,0.7242,0.61071,1,0.86891,0.76789,0.72451,0.64699,0.65552,0.75128,0.66063,0.56124,0.6066,0.51937,0.54128,0.55381,0.43666,0.39117,0.30996,0.66351,0.55466,0.58082,0.44453,0.5285,0.46592,0.52737,0.58943,0.41367,0.34088,0.60332,0.57294,0.50807,0.56049,0.36716,0.25889,0.24117,0.28295,-0.025794,0.11871,0.43959,0.43924,0.44258,0.48194,0.45028,0.48774,0.49054,0.49008,0.51855,0.39818,0.46686,0.36538,0.43538,0.4684,0.46184,0.4757,0.71207,0.65364,0.73539,0.68696,0.60551,0.58096,0.47936,0.62493,0.66735,0.63333,0.36002,0.39485,0.40084,0.37131,0.20203,0.20664,0.1848,0.2943,0.27567,0.29909,0.36478,0.43034,0.41468,0.41292,0.19688,0.47488,0.45323,0.4843,0.33017,0.38306,0.62097,0.59796,0.41904,0.45341,0.47747,0.5663,0.15701,0.14958,0.27282,0.21365,0.27228,0.34944,0.52261,0.54766,0.44561,0.44821,0.29834,0.3948,0.36251,0.30009,0.063488,0.17284,0.32532,0.32512,0.31376,0.23318,0.21408,0.08707
0.60491,0.51601,0.80762,0.85117,0.73155,0.72594,0.86891,1,0.76207,0.83096,0.62165,0.78556,0.71103,0.75245,0.60266,0.61402,0.49702,0.62036,0.54397,0.50148,0.34978,0.25724,0.60704,0.55497,0.54303,0.4234,0.53445,0.50047,0.50237,0.62834,0.28936,0.27766,0.56131,0.55727,0.43834,0.55667,0.43251,0.30842,0.20503,0.284,-0.033982,0.073965,0.49166,0.49573,0.47322,0.53498,0.51673,0.56456,0.53241,0.58094,0.5899,0.48187,0.51967,0.38644,0.54311,0.57228,0.46055,0.56853,0.68347,0.71102,0.68157,0.71614,0.63354,0.7002,0.38804,0.61284,0.65976,0.66731,0.40974,0.46504,0.3175,0.33824,0.16622,0.17628,0.15915,0.28833,0.27932,0.31034,0.30689,0.41061,0.38726,0.42379,0.21983,0.47092,0.45452,0.52758,0.38883,0.41031,0.67134,0.66933,0.5258,0.5163,0.52862,0.56813,0.14506,0.14711,0.34918,0.2443,0.38679,0.45211,0.59059,0.5597,0.49126,0.48508,0.31993,0.37449,0.4094,0.26702,0.052836,0.22327,0.40557,0.4247,0.39319,0.311,0.27312,0.044379
0.53309,0.44328,0.74699,0.67053,0.85976,0.72751,0.76789,0.76207,1,0.84704,0.57335,0.67476,0.69066,0.6673,0.65065,0.49487,0.42374,0.54769,0.50952,0.41408,0.32432,0.17941,0.4798,0.43029,0.62051,0.44777,0.60178,0.53157,0.33402,0.38889,0.17275,0.11173,0.46709,0.46356,0.46903,0.54766,0.22794,0.073946,0.0027962,0.12544,-0.13491,-0.10018,0.50658,0.51339,0.47235,0.5272,0.50243,0.5579,0.54075,0.58332,0.60354,0.51187,0.5466,0.44036,0.49265,0.52175,0.41757,0.53911,0.68074,0.70527,0.66683,0.7367,0.56178,0.6117,0.46876,0.67908,0.66576,0.67039,0.341,0.40511,0.11466,0.069341,0.0077282,-0.0083666,0.0020236,0.094067,0.10653,0.11974,0.30466,0.35041,0.36761,0.43045,0.095189,0.30582,0.47008,0.54538,0.37967,0.32601,0.6775,0.70659,0.40317,0.41384,0.39201,0.45205,-0.0014299,-0.032895,0.21645,0.068566,0.22795,0.30882,0.44463,0.43495,0.30368,0.33462,0.10656,0.21632,0.24412,0.089062,-0.10154,0.072882,0.28908,0.25003,0.24704,0.20583,0.076493,-0.046576
0.58434,0.49778,0.70416,0.72329,0.78729,0.81561,0.72451,0.83096,0.84704,1,0.56521,0.74352,0.6837,0.72421,0.66505,0.5379,0.43119,0.57145,0.49426,0.42771,0.24689,0.10337,0.44213,0.41507,0.56103,0.40368,0.55437,0.53353,0.34246,0.41405,0.071548,0.04878,0.41182,0.41432,0.39315,0.51575,0.27573,0.11631,0.041387,0.11118,-0.12841,-0.10772,0.52319,0.5343,0.47606,0.55259,0.52201,0.57753,0.58184,0.65763,0.66613,0.57759,0.60711,0.48999,0.55824,0.58172,0.45206,0.58388,0.69785,0.74506,0.66231,0.7485,0.59117,0.6696,0.38,0.62362,0.63771,0.65812,0.35957,0.42553,0.11192,0.10918,0.036921,0.028911,0.053006,0.15386,0.15998,0.16059,0.2738,0.33479,0.35971,0.43258,0.13074,0.32028,0.45337,0.55416,0.40383,0.32828,0.70286,0.74072,0.50836,0.49432,0.46299,0.50515,0.027355,0.0051063,0.24013,0.1092,0.31242,0.40337,0.52915,0.52448,0.37631,0.4235,0.193,0.25909,0.30628,0.15091,-0.046854,0.14718,0.31674,0.33349,0.34474,0.27718,0.1733,-0.025519
0.51634,0.40074,0.68966,0.62698,0.56738,0.5083,0.64699,0.62165,0.57335,0.56521,1,0.68445,0.83428,0.70912,0.63183,0.61685,0.60527,0.56687,0.54541,0.46334,0.25026,0.17359,0.64411,0.54944,0.50003,0.34533,0.56462,0.51011,0.46401,0.49436,0.24395,0.21989,0.45684,0.41054,0.46468,0.46886,0.35166,0.28142,0.16847,0.23755,-0.063866,0.049932,0.3621,0.37615,0.33636,0.37981,0.39196,0.38978,0.38597,0.42976,0.47824,0.39984,0.44901,0.38827,0.42699,0.4302,0.42783,0.44144,0.54293,0.50155,0.51626,0.50481,0.51543,0.47152,0.509,0.56191,0.55855,0.54618,0.29717,0.3407,0.34537,0.29632,0.13382,0.12328,0.13021,0.1729,0.20254,0.23375,0.52812,0.55638,0.59691,0.62156,0.22054,0.4232,0.66696,0.60848,0.49702,0.50716,0.60219,0.58635,0.33243,0.36264,0.37103,0.43748,0.1219,0.086722,0.21766,0.11699,0.1801,0.22571,0.38301,0.36029,0.28305,0.27199,0.23176,0.28169,0.18796,0.18451,0.029463,0.094727,0.19422,0.18896,0.13434,0.1017,0.14607,0.074295
0.5654,0.52974,0.69747,0.75079,0.67175,0.626,0.65552,0.78556,0.67476,0.74352,0.68445,1,0.70575,0.81683,0.66867,0.5814,0.54237,0.68968,0.5058,0.48923,0.25611,0.13861,0.54256,0.51687,0.50032,0.35855,0.54575,0.46972,0.45555,0.54448,0.10938,0.1116,0.40936,0.40775,0.41114,0.49535,0.38626,0.22566,0.059332,0.15941,-0.038837,-0.052151,0.4592,0.46612,0.41135,0.48207,0.50327,0.53641,0.52552,0.62521,0.65314,0.5748,0.65263,0.53008,0.61128,0.59677,0.46143,0.6102,0.61095,0.66471,0.58031,0.63478,0.64194,0.68936,0.4065,0.56124,0.60631,0.62072,0.36087,0.44071,0.19554,0.18937,0.10469,0.054306,0.046056,0.14239,0.19627,0.23957,0.39544,0.4642,0.51234,0.5936,0.26187,0.4166,0.59808,0.66365,0.52917,0.49597,0.71935,0.78157,0.55359,0.51892,0.48207,0.50344,0.055846,0.049827,0.29542,0.1243,0.36186,0.42771,0.5436,0.4766,0.38351,0.4239,0.21168,0.28416,0.28758,0.13839,0.025981,0.15934,0.32841,0.35603,0.36254,0.31843,0.23213,0.013689
0.52667,0.38082,0.78402,0.69634,0.61715,0.55406,0.75128,0.71103,0.69066,0.6837,0.83428,0.70575,1,0.83013,0.75342,0.73109,0.49685,0.52119,0.47391,0.37054,0.24813,0.19618,0.68313,0.61059,0.64693,0.5071,0.63875,0.55939,0.38549,0.44771,0.19925,0.16066,0.45003,0.40634,0.51043,0.50826,0.25682,0.17531,0.17694,0.20211,-0.049065,0.0007174,0.38932,0.4084,0.36222,0.4178,0.38987,0.41189,0.46993,0.52236,0.58221,0.49074,0.52555,0.44985,0.43834,0.43157,0.3943,0.46432,0.6702,0.62742,0.65097,0.65798,0.55469,0.56218,0.60304,0.68156,0.62342,0.60415,0.24661,0.30438,0.32099,0.26867,0.12222,0.12219,0.094527,0.1585,0.15563,0.17335,0.45002,0.49895,0.58133,0.63985,0.27959,0.48721,0.73528,0.69149,0.53144,0.56536,0.64435,0.66281,0.32248,0.32602,0.37352,0.45741,0.089004,0.069432,0.14339,0.040321,0.10585,0.18101,0.41979,0.39671,0.28255,0.26741,0.22463,0.29204,0.22311,0.16787,-0.030884,0.12653,0.13892,0.10664,0.12457,0.076963,0.097344,0.06564
0.47505,0.42187,0.6905,0.71209,0.64903,0.57942,0.66063,0.75245,0.6673,0.72421,0.70912,0.81683,0.83013,1,0.69201,0.73097,0.4375,0.51788,0.39734,0.36504,0.22687,0.17349,0.60787,0.60823,0.60558,0.47025,0.60282,0.50254,0.34321,0.44293,0.10108,0.10646,0.34843,0.33495,0.46813,0.50293,0.33745,0.18845,0.13995,0.20495,-0.052516,-0.043848,0.42022,0.44465,0.37884,0.44213,0.43741,0.46609,0.47735,0.58252,0.6632,0.58227,0.6268,0.53842,0.56942,0.52923,0.38663,0.48914,0.57661,0.59925,0.55097,0.60996,0.5159,0.55912,0.5262,0.66272,0.63132,0.64366,0.24383,0.31103,0.23977,0.23808,0.0354,0.057182,-0.0028138,0.11204,0.10279,0.14945,0.36532,0.41501,0.53415,0.63217,0.26818,0.43476,0.70573,0.74104,0.52278,0.57748,0.66989,0.74574,0.46455,0.41031,0.44578,0.46119,0.093201,0.078306,0.20542,0.073144,0.2119,0.27888,0.49178,0.41538,0.32127,0.30057,0.26702,0.321,0.22258,0.12105,-0.031463,0.13515,0.17906,0.1719,0.20143,0.15216,0.16195,0.045581
0.53001,0.46241,0.72936,0.67452,0.67619,0.58898,0.56124,0.60266,0.65065,0.66505,0.63183,0.66867,0.75342,0.69201,1,0.72466,0.5181,0.59812,0.52733,0.47186,0.39213,0.2882,0.686,0.6335,0.7093,0.61326,0.65646,0.60483,0.47695,0.42959,0.19926,0.20738,0.46978,0.43421,0.54214,0.55399,0.29729,0.15338,0.26475,0.18172,0.20149,0.066348,0.45685,0.45218,0.46511,0.49776,0.46007,0.50874,0.51397,0.55879,0.56524,0.47249,0.50044,0.43949,0.50297,0.49001,0.48019,0.59622,0.59058,0.6087,0.53777,0.62218,0.57397,0.63472,0.58725,0.62049,0.69238,0.67554,0.38437,0.44119,0.23789,0.1688,0.16894,0.11767,0.087684,0.14861,0.18716,0.20846,0.47185,0.43824,0.56006,0.62132,0.53116,0.5309,0.6639,0.68916,0.62461,0.52101,0.64244,0.68922,0.43979,0.43272,0.46719,0.51046,0.15961,0.15366,0.28311,0.14561,0.28649,0.33742,0.47371,0.47737,0.36488,0.4074,0.23331,0.3077,0.36273,0.16453,0.028029,0.23589,0.31124,0.28888,0.32156,0.32798,0.20949,-0.002254
0.38565,0.29808,0.68915,0.65913,0.5072,0.50636,0.6066,0.61402,0.49487,0.5379,0.61685,0.5814,0.73109,0.73097,0.72466,1,0.4304,0.41627,0.36827,0.33662,0.33595,0.38616,0.74301,0.7505,0.65454,0.57835,0.56143,0.51954,0.49577,0.50196,0.33356,0.38054,0.42177,0.38763,0.52601,0.51201,0.41066,0.34949,0.4365,0.44145,0.25108,0.22836,0.36905,0.38784,0.39308,0.41391,0.37959,0.40018,0.42808,0.45504,0.51241,0.42855,0.44494,0.41418,0.45603,0.42362,0.37091,0.40349,0.53375,0.47896,0.51082,0.5305,0.48497,0.50511,0.59989,0.60772,0.62084,0.61569,0.19738,0.27151,0.41448,0.3269,0.17413,0.19131,0.18913,0.26026,0.2017,0.22238,0.37274,0.38323,0.54057,0.58793,0.51604,0.65304,0.6703,0.67416,0.47395,0.61722,0.52641,0.56707,0.40306,0.38595,0.47414,0.51706,0.26513,0.2641,0.24028,0.20238,0.20774,0.27538,0.46185,0.46564,0.42316,0.38934,0.42726,0.40842,0.38051,0.33655,0.10741,0.22209,0.1928,0.19799,0.16483,0.13211,0.23155,0.084225
0.68106,0.59002,0.58039,0.51449,0.43141,0.37889,0.51937,0.49702,0.42374,0.43119,0.60527,0.54237,0.49685,0.4375,0.5181,0.4304,1,0.80553,0.56009,0.53346,0.30375,0.16965,0.46308,0.37726,0.33562,0.25465,0.36081,0.30693,0.61992,0.61072,0.22938,0.16409,0.58442,0.44708,0.38647,0.39268,0.32042,0.24137,0.11773,0.1871,-0.051428,0.081845,0.45418,0.43849,0.47297,0.49345,0.48847,0.49741,0.50729,0.44651,0.40337,0.29796,0.36605,0.29926,0.40411,0.48507,0.75716,0.65494,0.54838,0.47,0.46918,0.35369,0.72052,0.56709,0.29971,0.26302,0.56767,0.49945,0.5511,0.54905,0.34402,0.25665,0.31434,0.26103,0.21228,0.27682,0.35442,0.35711,0.83007,0.7939,0.79302,0.67837,0.20921,0.43794,0.43871,0.46125,0.37151,0.43696,0.43207,0.46741,0.28338,0.34767,0.34589,0.4249,0.24891,0.17254,0.41307,0.32023,0.3658,0.46377,0.41042,0.43947,0.37513,0.47904,0.28147,0.39419,0.28914,0.25979,0.093345,0.25624,0.33886,0.40019,0.32813,0.36392,0.34225,0.18621
0.64312,0.71183,0.61933,0.654,0.56165,0.51281,0.54128,0.62036,0.54769,0.57145,0.56687,0.68968,0.52119,0.51788,0.59812,0.41627,0.80553,1,0.59838,0.65139,0.34134,0.17878,0.46663,0.41295,0.42765,0.31662,0.47803,0.38184,0.54427,0.66424,0.16368,0.1373,0.58182,0.53461,0.38217,0.44731,0.33463,0.23569,0.056049,0.16441,-0.047552,9.7567e-05,0.49847,0.49093,0.50105,0.54814,0.54021,0.58127,0.53718,0.55492,0.50922,0.40918,0.49193,0.36836,0.52663,0.57851,0.6812,0.81785,0.57325,0.58894,0.50223,0.46247,0.77889,0.77983,0.3348,0.34406,0.62023,0.58729,0.6068,0.66962,0.14957,0.1084,0.17532,0.11417,0.10264,0.18109,0.28965,0.29541,0.65295,0.73866,0.64299,0.66836,0.22168,0.46249,0.47313,0.55062,0.44977,0.46362,0.5719,0.62999,0.41075,0.42272,0.38062,0.4546,0.14287,0.091751,0.41933,0.26984,0.43598,0.5026,0.45383,0.45045,0.36798,0.48746,0.18175,0.29903,0.33162,0.20325,0.063108,0.22093,0.42655,0.4624,0.38461,0.42322,0.28498,0.060326
0.7311,0.59637,0.6251,0.59982,0.54596,0.49346,0.55381,0.54397,0.50952,0.49426,0.54541,0.5058,0.47391,0.39734,0.52733,0.36827,0.56009,0.59838,1,0.88803,0.45358,0.3279,0.42366,0.34057,0.39386,0.27569,0.4461,0.39848,0.53836,0.53432,0.36547,0.31309,0.78078,0.74915,0.42597,0.50373,0.44371,0.35831,0.22636,0.27788,0.12211,0.19424,0.3801,0.36368,0.37766,0.40307,0.3866,0.43651,0.38214,0.36525,0.33396,0.25495,0.31579,0.25421,0.35408,0.37697,0.58066,0.5455,0.52706,0.49758,0.43062,0.42008,0.53743,0.4684,0.29103,0.37021,0.58724,0.53331,0.69964,0.68168,0.23589,0.1899,0.30518,0.28729,0.17368,0.33953,0.45524,0.4747,0.49701,0.41077,0.41873,0.36234,0.30666,0.43547,0.32057,0.33585,0.34819,0.30522,0.46714,0.44222,0.334,0.37277,0.36776,0.42377,0.19511,0.16051,0.3704,0.27182,0.30031,0.33548,0.36995,0.38504,0.3332,0.39611,0.20133,0.25568,0.35548,0.19918,0.11103,0.2922,0.47791,0.40686,0.32689,0.3076,0.23001,-0.03932
0.63834,0.69149,0.53208,0.61974,0.46471,0.44376,0.43666,0.50148,0.41408,0.42771,0.46334,0.48923,0.37054,0.36504,0.47186,0.33662,0.53346,0.65139,0.88803,1,0.47061,0.35001,0.38989,0.34126,0.33453,0.2485,0.40797,0.36586,0.52569,0.57193,0.33905,0.32606,0.77392,0.76154,0.40593,0.48467,0.50767,0.44948,0.25083,0.3693,0.17052,0.26049,0.36617,0.36064,0.38409,0.40566,0.37656,0.44777,0.34118,0.33045,0.28048,0.21229,0.2793,0.20733,0.37615,0.40539,0.54927,0.60131,0.40366,0.41581,0.28025,0.29989,0.48121,0.47992,0.25561,0.28658,0.56286,0.53079,0.79804,0.8014,0.22253,0.19999,0.34879,0.31952,0.20689,0.34429,0.51008,0.54271,0.48997,0.45998,0.40846,0.38787,0.31747,0.46578,0.30508,0.33905,0.35274,0.34841,0.42604,0.41873,0.37753,0.41104,0.41339,0.44321,0.27733,0.27492,0.4916,0.39221,0.40557,0.40662,0.4091,0.39164,0.39,0.45266,0.26239,0.31914,0.43253,0.26027,0.21183,0.36497,0.57082,0.49679,0.38206,0.40232,0.33874,-0.01105
0.30684,0.28619,0.47022,0.46261,0.43004,0.36542,0.39117,0.34978,0.32432,0.24689,0.25026,0.25611,0.24813,0.22687,0.39213,0.33595,0.30375,0.34134,0.45358,0.47061,1,0.7611,0.51557,0.50985,0.51734,0.51527,0.57016,0.49119,0.52417,0.47344,0.654,0.60118,0.52297,0.56216,0.40222,0.41656,0.46434,0.41904,0.33718,0.47179,0.3645,0.46355,0.2075,0.2001,0.2372,0.22764,0.25175,0.26491,0.19796,0.20579,0.18369,0.15308,0.16546,0.14631,0.25205,0.30135,0.24876,0.26762,0.25061,0.261,0.23559,0.33075,0.25118,0.26721,0.3489,0.34485,0.40069,0.3858,0.36897,0.34461,0.39887,0.2702,0.38143,0.29582,0.17836,0.24133,0.32939,0.34227,0.28756,0.2343,0.17281,0.13175,0.29981,0.35051,0.1836,0.23347,0.2699,0.18898,0.23629,0.26699,0.27099,0.29795,0.33309,0.31067,0.17835,0.18481,0.28054,0.23718,0.24231,0.25988,0.24646,0.30174,0.29964,0.32532,0.27416,0.30076,0.32977,0.22229,0.15217,0.10438,0.30823,0.23095,0.21395,0.22219,0.21752,0.0079234
0.15217,0.12773,0.38805,0.36968,0.22201,0.22124,0.30996,0.25724,0.17941,0.10337,0.17359,0.13861,0.19618,0.17349,0.2882,0.38616,0.16965,0.17878,0.3279,0.35001,0.7611,1,0.49048,0.51733,0.45224,0.48001,0.39977,0.42632,0.46495,0.43106,0.65089,0.67616,0.45542,0.52382,0.34945,0.33957,0.50616,0.51914,0.48003,0.6021,0.48081,0.62912,0.066464,0.072934,0.12283,0.102,0.12146,0.12723,0.09595,0.10016,0.13938,0.12952,0.12899,0.1355,0.2141,0.21044,0.09743,0.11069,0.14825,0.12634,0.16766,0.21294,0.19101,0.17859,0.34125,0.30071,0.30184,0.2912,0.22224,0.1969,0.38001,0.32602,0.33986,0.32047,0.22968,0.26635,0.27482,0.29031,0.14658,0.12016,0.13016,0.090489,0.40048,0.44079,0.20751,0.21709,0.23618,0.25093,0.18753,0.19169,0.24449,0.24077,0.31785,0.28603,0.11895,0.20157,0.15458,0.21098,0.15361,0.1613,0.22196,0.23342,0.30472,0.2384,0.32646,0.27527,0.37441,0.29123,0.20039,0.077488,0.22435,0.18745,0.14636,0.098266,0.17845,-0.047489
0.3632,0.29265,0.80208,0.70997,0.56134,0.50021,0.66351,0.60704,0.4798,0.44213,0.64411,0.54256,0.68313,0.60787,0.686,0.74301,0.46308,0.46663,0.42366,0.38989,0.51557,0.49048,1,0.89551,0.73881,0.69783,0.66072,0.60215,0.4928,0.48976,0.60109,0.58271,0.56711,0.58512,0.65899,0.59975,0.43394,0.37977,0.34563,0.39004,0.14511,0.28703,0.30984,0.30557,0.34785,0.33202,0.336,0.34939,0.34338,0.34819,0.41553,0.31389,0.37945,0.33886,0.39355,0.37014,0.33868,0.36582,0.43832,0.39055,0.45029,0.50508,0.44781,0.45453,0.69374,0.57949,0.63181,0.60936,0.24954,0.2819,0.45404,0.4078,0.22072,0.19973,0.19278,0.22594,0.27413,0.28509,0.45216,0.43629,0.49041,0.51355,0.36417,0.49096,0.63041,0.60403,0.47747,0.46387,0.48574,0.48306,0.42123,0.42464,0.53468,0.56097,0.17994,0.17832,0.24612,0.18735,0.2243,0.25395,0.45141,0.46418,0.42203,0.36673,0.37619,0.4396,0.35017,0.27424,0.1275,0.15148,0.29633,0.24805,0.21933,0.18642,0.25042,0.083547
0.32134,0.24286,0.71013,0.72424,0.504,0.50491,0.55466,0.55497,0.43029,0.41507,0.54944,0.51687,0.61059,0.60823,0.6335,0.7505,0.37726,0.41295,0.34057,0.34126,0.50985,0.51733,0.89551,1,0.73685,0.74594,0.66551,0.6371,0.43782,0.4531,0.56348,0.6049,0.4956,0.54378,0.64226,0.59271,0.44616,0.40921,0.37471,0.45883,0.19373,0.27979,0.2968,0.31122,0.32442,0.31913,0.31686,0.34386,0.34927,0.3757,0.44351,0.37409,0.40315,0.38876,0.39966,0.39312,0.28571,0.33807,0.40745,0.38791,0.43051,0.53439,0.435,0.45934,0.69414,0.61015,0.59063,0.60437,0.18706,0.23087,0.34695,0.3126,0.10447,0.10229,0.09082,0.12881,0.17937,0.21189,0.38096,0.38316,0.45178,0.50356,0.41852,0.53534,0.63792,0.66053,0.498,0.54398,0.47661,0.51991,0.38559,0.35347,0.4805,0.44722,0.1561,0.16162,0.17758,0.13383,0.1474,0.20724,0.38399,0.34667,0.34146,0.28755,0.34548,0.36291,0.32402,0.24838,0.08047,0.10596,0.21077,0.16527,0.12433,0.082933,0.17366,0.047612
0.4348,0.3303,0.74055,0.63893,0.67389,0.60472,0.58082,0.54303,0.62051,0.56103,0.50003,0.50032,0.64693,0.60558,0.7093,0.65454,0.33562,0.42765,0.39386,0.33453,0.51734,0.45224,0.73881,0.73685,1,0.85538,0.79758,0.71381,0.26983,0.28693,0.34482,0.29225,0.46724,0.45974,0.67358,0.61371,0.23573,0.13486,0.21785,0.26094,0.048233,0.070264,0.45344,0.44733,0.46401,0.46077,0.41858,0.44286,0.51087,0.54902,0.59663,0.5383,0.48516,0.51422,0.43981,0.4566,0.39436,0.45808,0.55028,0.52173,0.53349,0.6261,0.51013,0.53329,0.75085,0.70693,0.70126,0.6874,0.24818,0.28367,0.18662,0.10704,0.022087,0.010973,-0.029396,0.067678,0.037826,0.043668,0.34924,0.32434,0.40937,0.46489,0.28321,0.40433,0.61308,0.65178,0.42974,0.40594,0.49395,0.57714,0.31002,0.28857,0.36632,0.3757,0.030167,0.0002805,0.1087,0.03299,0.083953,0.17928,0.33292,0.29856,0.25474,0.22486,0.20914,0.24954,0.23045,0.16104,-0.065027,0.04474,0.14779,0.093419,0.083612,0.056788,0.066904,-0.068914
0.33891,0.23616,0.60516,0.54949,0.46879,0.51177,0.44453,0.4234,0.44777,0.40368,0.34533,0.35855,0.5071,0.47025,0.61326,0.57835,0.25465,0.31662,0.27569,0.2485,0.51527,0.48001,0.69783,0.74594,0.85538,1,0.69048,0.73606,0.20163,0.22561,0.43707,0.38921,0.42317,0.44628,0.62863,0.53786,0.22349,0.15915,0.27972,0.28104,0.085303,0.13817,0.37148,0.37037,0.39759,0.37012,0.35339,0.36215,0.42233,0.4324,0.48286,0.42392,0.36754,0.38056,0.35938,0.37703,0.33105,0.3415,0.40889,0.37202,0.40947,0.5059,0.4143,0.42522,0.68288,0.59756,0.57813,0.57734,0.1597,0.18406,0.21059,0.16021,0.055282,0.051346,0.015137,0.060263,0.047551,0.065152,0.31101,0.26755,0.32964,0.3669,0.24572,0.34425,0.5179,0.55384,0.38153,0.33501,0.34674,0.42955,0.22609,0.20695,0.30142,0.30348,0.11173,0.067229,0.12657,0.094375,0.078287,0.15734,0.23775,0.22581,0.22761,0.17272,0.2377,0.25459,0.21535,0.15676,-0.025391,0.082899,0.13183,0.073234,0.053594,0.012106,0.083654,-0.020115
0.44706,0.36748,0.68584,0.64839,0.67037,0.65914,0.5285,0.53445,0.60178,0.55437,0.56462,0.54575,0.63875,0.60282,0.65646,0.56143,0.36081,0.47803,0.4461,0.40797,0.57016,0.39977,0.66072,0.66551,0.79758,0.69048,1,0.80186,0.28234,0.33587,0.28812,0.26832,0.43103,0.4384,0.55831,0.52727,0.2842,0.18301,0.10527,0.252,-0.019712,0.10376,0.39828,0.40882,0.38528,0.39868,0.40355,0.41867,0.43957,0.50315,0.5568,0.50076,0.45546,0.46158,0.43708,0.47708,0.35612,0.44657,0.52241,0.5368,0.49673,0.59321,0.47115,0.49117,0.65262,0.66032,0.61947,0.62666,0.29203,0.3256,0.19829,0.10969,0.083451,0.075086,0.0066002,0.080365,0.077061,0.074685,0.36916,0.37246,0.39548,0.45108,0.18469,0.31225,0.60132,0.62123,0.46098,0.40041,0.52697,0.58389,0.30027,0.28088,0.30945,0.32211,0.03444,-0.025154,0.15941,0.056204,0.13173,0.19754,0.30012,0.2459,0.21672,0.19415,0.19537,0.23272,0.1816,0.13403,-0.023907,-0.010803,0.17489,0.10631,0.054119,0.017182,0.08861,-0.023326
0.42874,0.30122,0.62055,0.61846,0.54853,0.69989,0.46592,0.50047,0.53157,0.53353,0.51011,0.46972,0.55939,0.50254,0.60483,0.51954,0.30693,0.38184,0.39848,0.36586,0.49119,0.42632,0.60215,0.6371,0.71381,0.73606,0.80186,1,0.24778,0.29947,0.28618,0.28311,0.3936,0.41768,0.5265,0.50967,0.29862,0.22809,0.15746,0.30102,0.012272,0.12503,0.37101,0.38255,0.37465,0.37004,0.36785,0.38225,0.4196,0.44206,0.49218,0.43501,0.36985,0.38744,0.37493,0.42863,0.33039,0.38201,0.47258,0.4697,0.46212,0.55725,0.43005,0.43004,0.60316,0.6071,0.54853,0.57136,0.24317,0.26617,0.19324,0.15027,0.10506,0.10426,0.074583,0.12696,0.067225,0.063812,0.30833,0.28997,0.32278,0.33505,0.17104,0.25153,0.51014,0.53679,0.39548,0.33199,0.46267,0.49839,0.25609,0.25923,0.29117,0.29903,0.045139,-0.0021166,0.13206,0.069859,0.12294,0.19042,0.2669,0.22344,0.21463,0.15896,0.19679,0.19941,0.19128,0.17072,-0.013869,-0.010163,0.17561,0.12135,0.0083607,-0.048246,0.075127,-0.05289
0.42304,0.33449,0.53293,0.52567,0.37383,0.31671,0.52737,0.50237,0.33402,0.34246,0.46401,0.45555,0.38549,0.34321,0.47695,0.49577,0.61992,0.54427,0.53836,0.52569,0.52417,0.46495,0.4928,0.43782,0.26983,0.20163,0.28234,0.24778,1,0.81251,0.53764,0.5727,0.55155,0.52212,0.25764,0.33158,0.57353,0.54514,0.45893,0.53466,0.42759,0.4496,0.20904,0.19881,0.24275,0.27103,0.2991,0.3101,0.25963,0.25394,0.22546,0.16242,0.23719,0.15089,0.36355,0.3688,0.38747,0.38161,0.38253,0.37912,0.39849,0.32227,0.48233,0.44066,0.18807,0.23071,0.39578,0.34053,0.44549,0.45043,0.44796,0.35691,0.42567,0.37229,0.30261,0.38353,0.42134,0.44157,0.42048,0.41021,0.42644,0.32482,0.5876,0.701,0.26227,0.27495,0.39187,0.41127,0.4094,0.38584,0.40422,0.40998,0.43293,0.43918,0.31077,0.39543,0.39067,0.33945,0.39353,0.39665,0.4208,0.4769,0.43445,0.51665,0.35929,0.37384,0.49057,0.38237,0.35182,0.26443,0.37469,0.39969,0.37644,0.36966,0.34141,0.10182
0.47234,0.46537,0.57917,0.63229,0.39451,0.38035,0.58943,0.62834,0.38889,0.41405,0.49436,0.54448,0.44771,0.44293,0.42959,0.50196,0.61072,0.66424,0.53432,0.57193,0.47344,0.43106,0.48976,0.4531,0.28693,0.22561,0.33587,0.29947,0.81251,1,0.47616,0.49688,0.57293,0.55887,0.25901,0.32501,0.55149,0.54382,0.37872,0.49555,0.27494,0.4305,0.2812,0.27519,0.31224,0.35103,0.37084,0.37486,0.33475,0.33627,0.3164,0.25085,0.31967,0.20949,0.43277,0.43785,0.43122,0.50826,0.43347,0.43483,0.43262,0.34662,0.5496,0.54694,0.19423,0.24303,0.42981,0.3852,0.50467,0.52967,0.40403,0.36534,0.40889,0.39043,0.27149,0.38139,0.42065,0.45278,0.42608,0.52174,0.42239,0.38253,0.41398,0.66982,0.28325,0.33471,0.36062,0.46098,0.44296,0.44902,0.38989,0.38412,0.38292,0.42325,0.28188,0.3229,0.41863,0.36011,0.41532,0.41913,0.42425,0.45227,0.4377,0.49303,0.36053,0.38646,0.43825,0.37573,0.25424,0.2355,0.38726,0.4202,0.3376,0.33161,0.33304,0.15346
0.1558,0.06646,0.40907,0.34204,0.23564,0.18942,0.41367,0.28936,0.17275,0.071548,0.24395,0.10938,0.19925,0.10108,0.19926,0.33356,0.22938,0.16368,0.36547,0.33905,0.654,0.65089,0.60109,0.56348,0.34482,0.43707,0.28812,0.28618,0.53764,0.47616,1,0.91494,0.58295,0.6813,0.35277,0.31472,0.43419,0.48749,0.39981,0.4824,0.30376,0.49244,0.035319,0.021647,0.078681,0.054905,0.084291,0.076538,0.025572,-0.0040187,-0.00057238,-0.022609,0.036339,0.037946,0.09527,0.11354,0.10772,0.03739,0.13833,0.071785,0.19931,0.20507,0.14695,0.11485,0.25244,0.20772,0.22961,0.19668,0.1914,0.16174,0.41744,0.35908,0.24987,0.24436,0.19431,0.24756,0.32225,0.34742,0.22678,0.17444,0.10997,0.033915,0.27815,0.42485,0.078109,0.06477,0.1193,0.11456,0.096808,0.075379,0.15971,0.18341,0.26348,0.24795,0.19058,0.22035,0.17956,0.2064,0.11492,0.10823,0.14625,0.22988,0.23775,0.20167,0.24877,0.25766,0.26536,0.26702,0.2067,0.1002,0.23502,0.18155,0.082672,0.059251,0.12135,0.078569
0.088196,0.01366,0.35629,0.37492,0.19047,0.18584,0.34088,0.27766,0.11173,0.04878,0.21989,0.1116,0.16066,0.10646,0.20738,0.38054,0.16409,0.1373,0.31309,0.32606,0.60118,0.67616,0.58271,0.6049,0.29225,0.38921,0.26832,0.28311,0.5727,0.49688,0.91494,1,0.51247,0.63374,0.29569,0.27873,0.5188,0.58896,0.49477,0.59558,0.43574,0.56742,-0.028585,-0.035836,0.0096953,-0.0089992,0.039013,0.030749,-0.016466,-0.019072,0.0030018,-0.0095025,0.051824,0.041982,0.13974,0.12133,0.015542,-0.0039871,0.098599,0.064263,0.16673,0.18828,0.12157,0.10367,0.21371,0.20144,0.17981,0.16425,0.16139,0.1445,0.38869,0.36861,0.21364,0.22825,0.18071,0.23807,0.29062,0.32419,0.1274,0.10995,0.07216,0.016197,0.41995,0.50952,0.087401,0.076564,0.14989,0.19301,0.1323,0.10033,0.236,0.21631,0.30371,0.24909,0.21409,0.28855,0.17246,0.23108,0.14951,0.12733,0.16824,0.22192,0.26743,0.2076,0.29071,0.23299,0.33972,0.29756,0.2669,0.10989,0.23959,0.2025,0.12245,0.057356,0.1436,0.029183
0.5823,0.50541,0.64145,0.61743,0.50136,0.43248,0.60332,0.56131,0.46709,0.41182,0.45684,0.40936,0.45003,0.34843,0.46978,0.42177,0.58442,0.58182,0.78078,0.77392,0.52297,0.45542,0.56711,0.4956,0.46724,0.42317,0.43103,0.3936,0.55155,0.57293,0.58295,0.51247,1,0.91181,0.64696,0.67684,0.51558,0.46067,0.32679,0.41033,0.14272,0.33111,0.38176,0.36105,0.44041,0.42202,0.38228,0.43232,0.38843,0.31579,0.29233,0.18023,0.24408,0.18494,0.31537,0.36726,0.54225,0.48075,0.52196,0.43538,0.4211,0.41764,0.51884,0.47936,0.40236,0.41116,0.69419,0.63727,0.71002,0.69783,0.36289,0.33066,0.3421,0.35239,0.23567,0.42816,0.55723,0.57653,0.5371,0.49763,0.45091,0.37462,0.28941,0.51741,0.32828,0.31418,0.26619,0.33387,0.36894,0.34622,0.31664,0.35278,0.45815,0.5038,0.29304,0.2843,0.46492,0.42476,0.31158,0.35571,0.44359,0.45246,0.44526,0.44874,0.36403,0.43047,0.45702,0.37352,0.21098,0.35878,0.55521,0.44985,0.3125,0.31481,0.31572,0.072246
0.48515,0.46511,0.61365,0.63542,0.50116,0.46438,0.57294,0.55727,0.46356,0.41432,0.41054,0.40775,0.40634,0.33495,0.43421,0.38763,0.44708,0.53461,0.74915,0.76154,0.56216,0.52382,0.58512,0.54378,0.45974,0.44628,0.4384,0.41768,0.52212,0.55887,0.6813,0.63374,0.91181,1,0.57232,0.62574,0.53371,0.48669,0.29985,0.40369,0.15454,0.35319,0.25812,0.25645,0.28637,0.29768,0.27823,0.34337,0.2682,0.26721,0.26272,0.19005,0.27841,0.21025,0.30911,0.32357,0.38538,0.42739,0.42874,0.41263,0.39364,0.43706,0.45312,0.45832,0.35372,0.40565,0.56585,0.55266,0.57938,0.58291,0.27983,0.28322,0.2727,0.27209,0.17936,0.33212,0.4931,0.52455,0.41357,0.38805,0.31563,0.30092,0.2601,0.49275,0.29743,0.30704,0.28194,0.28467,0.39857,0.38032,0.35522,0.35784,0.44654,0.44991,0.18501,0.20651,0.36374,0.30687,0.2683,0.27803,0.39286,0.39292,0.39609,0.36852,0.27305,0.32577,0.40629,0.26218,0.19091,0.29059,0.5224,0.41288,0.29968,0.27628,0.225,0.009249
0.42629,0.32604,0.64489,0.55868,0.52958,0.44961,0.50807,0.43834,0.46903,0.39315,0.46468,0.41114,0.51043,0.46813,0.54214,0.52601,0.38647,0.38217,0.42597,0.40593,0.40222,0.34945,0.65899,0.64226,0.67358,0.62863,0.55831,0.5265,0.25764,0.25901,0.35277,0.29569,0.64696,0.57232,1,0.89953,0.3918,0.26745,0.2561,0.31017,0.065808,0.12364,0.38949,0.39396,0.47151,0.40711,0.34588,0.37065,0.4127,0.35911,0.40007,0.2836,0.33022,0.32758,0.32609,0.32028,0.45076,0.3804,0.48701,0.37697,0.40068,0.49725,0.35411,0.35324,0.74897,0.6475,0.77914,0.78027,0.32592,0.33278,0.30561,0.24856,0.14614,0.1587,0.14892,0.22835,0.26822,0.28189,0.42146,0.36681,0.45113,0.44951,0.24367,0.33194,0.55053,0.51488,0.28825,0.38282,0.40146,0.40926,0.30483,0.30695,0.42558,0.48051,0.18758,0.16342,0.24912,0.21039,0.16892,0.21917,0.37437,0.36531,0.32716,0.30214,0.32917,0.41081,0.30829,0.28454,0.064213,0.19355,0.29972,0.21742,0.13856,0.11112,0.16201,0.02623
0.46261,0.3876,0.65408,0.63438,0.60385,0.56553,0.56049,0.55667,0.54766,0.51575,0.46886,0.49535,0.50826,0.50293,0.55399,0.51201,0.39268,0.44731,0.50373,0.48467,0.41656,0.33957,0.59975,0.59271,0.61371,0.53786,0.52727,0.50967,0.33158,0.32501,0.31472,0.27873,0.67684,0.62574,0.89953,1,0.465,0.32158,0.26173,0.33836,0.065952,0.1069,0.45807,0.47714,0.51654,0.494,0.43661,0.49002,0.46888,0.45133,0.46678,0.34878,0.39775,0.34956,0.44444,0.44592,0.45716,0.44758,0.54382,0.48714,0.42337,0.54303,0.40479,0.43875,0.63547,0.65635,0.81492,0.85398,0.41103,0.43762,0.30259,0.26161,0.16164,0.17774,0.15287,0.28558,0.33949,0.35646,0.35987,0.35226,0.42428,0.43501,0.25255,0.36592,0.51281,0.5159,0.31278,0.38169,0.49511,0.49609,0.44093,0.44953,0.51474,0.56272,0.19186,0.18509,0.36345,0.27693,0.308,0.3517,0.48952,0.47049,0.42868,0.39721,0.37061,0.41632,0.42624,0.30323,0.10787,0.26719,0.4355,0.35671,0.27028,0.22723,0.23589,0.015319
0.25574,0.2444,0.40111,0.50219,0.26981,0.34424,0.36716,0.43251,0.22794,0.27573,0.35166,0.38626,0.25682,0.33745,0.29729,0.41066,0.32042,0.33463,0.44371,0.50767,0.46434,0.50616,0.43394,0.44616,0.23573,0.22349,0.2842,0.29862,0.57353,0.55149,0.43419,0.5188,0.51558,0.53371,0.3918,0.465,1,0.80653,0.62081,0.72959,0.42032,0.48175,0.17206,0.18104,0.19515,0.1808,0.27093,0.27984,0.16383,0.16781,0.21584,0.1655,0.2539,0.19073,0.4563,0.41047,0.22565,0.21873,0.20108,0.17233,0.18962,0.17741,0.26792,0.24383,0.25575,0.25205,0.3682,0.38116,0.36407,0.35728,0.34768,0.34368,0.29384,0.29734,0.28713,0.46015,0.54608,0.54743,0.21366,0.21922,0.27123,0.22787,0.39973,0.51419,0.28884,0.28336,0.2741,0.38463,0.37705,0.33747,0.51504,0.51713,0.5208,0.54078,0.32209,0.44905,0.45471,0.4738,0.45288,0.4427,0.4788,0.46072,0.52486,0.4956,0.53325,0.49418,0.50571,0.48725,0.42804,0.38115,0.54864,0.52485,0.38378,0.31088,0.443,0.02843
0.13031,0.16456,0.2864,0.39475,0.087175,0.21526,0.25889,0.30842,0.073946,0.11631,0.28142,0.22566,0.17531,0.18845,0.15338,0.34949,0.24137,0.23569,0.35831,0.44948,0.41904,0.51914,0.37977,0.40921,0.13486,0.15915,0.18301,0.22809,0.54514,0.54382,0.48749,0.58896,0.46067,0.48669,0.26745,0.32158,0.80653,1,0.58187,0.81002,0.44304,0.6675,0.020043,0.015758,0.06964,0.039096,0.12722,0.1144,0.019855,-0.0060557,0.036215,0.029739,0.081359,0.030037,0.27997,0.25602,0.11174,0.11126,0.06092,0.014468,0.0729,0.054409,0.1707,0.1537,0.18098,0.12445,0.196,0.20286,0.31521,0.29448,0.39575,0.39807,0.36178,0.4208,0.37115,0.5043,0.55685,0.57756,0.18738,0.2193,0.20807,0.15761,0.34676,0.48396,0.20101,0.1885,0.20106,0.33999,0.21152,0.17749,0.39238,0.4229,0.43906,0.4619,0.29346,0.46271,0.38777,0.45052,0.37092,0.32913,0.3753,0.35298,0.4632,0.40622,0.5416,0.42744,0.48919,0.52854,0.46078,0.3139,0.47705,0.44198,0.25185,0.17571,0.39092,0.033166
0.11321,0.0416,0.27849,0.29348,0.010413,0.079643,0.24117,0.20503,0.0027962,0.041387,0.16847,0.059332,0.17694,0.13995,0.26475,0.4365,0.11773,0.056049,0.22636,0.25083,0.33718,0.48003,0.34563,0.37471,0.21785,0.27972,0.10527,0.15746,0.45893,0.37872,0.39981,0.49477,0.32679,0.29985,0.2561,0.26173,0.62081,0.58187,1,0.67649,0.71541,0.54182,0.10862,0.097751,0.16217,0.12819,0.16158,0.14182,0.13308,0.075501,0.078655,0.068604,0.055804,0.078716,0.28006,0.23166,0.095024,0.02572,0.11603,0.037716,0.11783,0.060826,0.11184,0.089877,0.19743,0.17745,0.21999,0.20792,0.17657,0.17083,0.34172,0.31828,0.28985,0.2982,0.25025,0.33697,0.31325,0.32724,0.07256,0.039609,0.14212,0.061418,0.64219,0.56084,0.17553,0.11865,0.18887,0.32852,0.14196,0.11166,0.2194,0.22926,0.28138,0.29608,0.36841,0.49119,0.25174,0.36868,0.2402,0.2223,0.22246,0.26895,0.35068,0.29208,0.4545,0.30484,0.45037,0.46016,0.32247,0.29964,0.23633,0.25479,0.1945,0.11349,0.26956,-0.023652
0.13566,0.13407,0.31254,0.38445,0.096514,0.20975,0.28295,0.284,0.12544,0.11118,0.23755,0.15941,0.20211,0.20495,0.18172,0.44145,0.1871,0.16441,0.27788,0.3693,0.47179,0.6021,0.39004,0.45883,0.26094,0.28104,0.252,0.30102,0.53466,0.49555,0.4824,0.59558,0.41033,0.40369,0.31017,0.33836,0.72959,0.81002,0.67649,1,0.53433,0.60357,0.15596,0.17349,0.20448,0.17171,0.22483,0.20913,0.1427,0.10727,0.12102,0.12582,0.073471,0.10315,0.31278,0.33517,0.1376,0.096713,0.13416,0.055297,0.13841,0.10014,0.16361,0.15455,0.27615,0.22303,0.28441,0.29105,0.27114,0.26167,0.35468,0.32053,0.26581,0.30552,0.28252,0.39103,0.34975,0.36623,0.1427,0.16823,0.21737,0.12607,0.46356,0.57232,0.24036,0.20703,0.17936,0.43009,0.18097,0.165,0.23814,0.24599,0.27444,0.30975,0.35452,0.50158,0.33444,0.43363,0.26975,0.24794,0.21593,0.22228,0.31223,0.28901,0.465,0.34077,0.43676,0.46515,0.37487,0.30212,0.32408,0.32907,0.12497,0.050561,0.30194,-0.05701
-0.043,-0.052312,0.053347,0.091007,-0.1099,-0.11216,-0.025794,-0.033982,-0.13491,-0.12841,-0.063866,-0.038837,-0.049065,-0.052516,0.20149,0.25108,-0.051428,-0.047552,0.12211,0.17052,0.3645,0.48081,0.14511,0.19373,0.048233,0.085303,-0.019712,0.012272,0.42759,0.27494,0.30376,0.43574,0.14272,0.15454,0.065808,0.065952,0.42032,0.44304,0.71541,0.53433,1,0.62488,-0.063802,-0.082184,-0.018714,-0.048874,-0.028637,-0.033022,-0.079911,-0.10332,-0.12799,-0.10473,-0.085141,-0.062537,0.045887,-0.0049985,-0.091583,-0.083246,-0.093478,-0.1087,-0.067473,-0.041273,-0.071018,-0.028592,0.020063,-0.0013005,6.4385e-05,-0.015393,0.097098,0.082594,0.20872,0.179,0.32008,0.24988,0.23243,0.20966,0.2246,0.25407,-0.08346,-0.1476,-0.056382,-0.098746,0.75557,0.45431,-0.014866,-0.035322,0.133,0.18516,-0.020933,-0.0063537,0.13053,0.11821,0.14668,0.11574,0.1847,0.33689,0.088803,0.16693,0.14143,0.088182,0.043522,0.114,0.17025,0.16039,0.2261,0.080437,0.36107,0.27138,0.24846,0.1546,0.15355,0.15522,0.14827,0.094882,0.12055,-0.21144
-0.011794,-0.0014363,0.13725,0.14394,-0.080312,-0.018341,0.11871,0.073965,-0.10018,-0.10772,0.049932,-0.052151,0.0007174,-0.043848,0.066348,0.22836,0.081845,9.7567e-05,0.19424,0.26049,0.46355,0.62912,0.28703,0.27979,0.070264,0.13817,0.10376,0.12503,0.4496,0.4305,0.49244,0.56742,0.33111,0.35319,0.12364,0.1069,0.48175,0.6675,0.54182,0.60357,0.62488,1,-0.081242,-0.10336,-0.019256,-0.055363,-0.027282,-0.047469,-0.093541,-0.14048,-0.12854,-0.12414,-0.08877,-0.11256,0.043394,0.013616,-0.032003,-0.077278,-0.038829,-0.093986,-0.026344,-0.023847,-0.018923,-0.03217,0.071622,0.021888,0.036074,0.0089531,0.18407,0.13966,0.48311,0.47213,0.61154,0.65625,0.46392,0.50503,0.45369,0.48818,0.093557,0.04237,0.017281,-0.073412,0.39391,0.36393,0.0097937,-0.020568,0.11076,0.13854,-0.010459,-0.048966,0.23635,0.24454,0.31842,0.2986,0.23443,0.35772,0.25421,0.3317,0.26126,0.17495,0.22536,0.2661,0.38018,0.29615,0.43578,0.33589,0.41795,0.42124,0.33035,0.14992,0.28578,0.23767,0.18801,0.13331,0.29338,0.057402
0.56645,0.57144,0.4744,0.46562,0.49747,0.50364,0.43959,0.49166,0.50658,0.52319,0.3621,0.4592,0.38932,0.42022,0.45685,0.36905,0.45418,0.49847,0.3801,0.36617,0.2075,0.066464,0.30984,0.2968,0.45344,0.37148,0.39828,0.37101,0.20904,0.2812,0.035319,-0.028585,0.38176,0.25812,0.38949,0.45807,0.17206,0.020043,0.10862,0.15596,-0.063802,-0.081242,1,0.9547,0.94142,0.93321,0.93712,0.92589,0.89359,0.79151,0.67108,0.5524,0.47586,0.4739,0.59972,0.77433,0.61366,0.59769,0.60332,0.53851,0.34764,0.35203,0.46178,0.47124,0.29365,0.32301,0.67455,0.65751,0.45112,0.48392,0.17951,0.09733,0.061927,0.053646,0.045985,0.18338,0.15729,0.14265,0.3782,0.43214,0.42805,0.41491,0.12724,0.25249,0.32611,0.42545,0.26045,0.30411,0.32183,0.44873,0.31313,0.35553,0.23722,0.30815,0.27472,0.12246,0.49099,0.34922,0.47695,0.5769,0.34748,0.35143,0.33544,0.37272,0.25468,0.31192,0.25112,0.23961,-0.043678,0.29164,0.37135,0.45808,0.25851,0.26158,0.29566,0.096713
