1,0.89056,0.75833,0.73853,0.52292,0.64794,0.76954,0.74793,0.64408,0.67116,0.7641,0.70646,0.76862,0.67233,0.78243,0.63837,0.64426,0.60022,0.8604,0.81387,0.30851,0.32743,0.71499,0.64021,0.44154,0.46743,0.25887,0.50749,0.56513,0.57979,0.58065,0.61762,0.7614,0.76376,0.70536,0.72094,0.68004,0.62239,0.61126,0.57505,0.63574,0.6126,0.61981,0.59822,0.58835,0.66429,0.60653,0.61108,0.6115,0.64215,0.50573,0.50471,0.38125,0.40587,0.56625,0.58056,0.75928,0.72924,0.80431,0.74746,0.7234,0.63293,0.76186,0.63726,0.58805,0.58179,0.69482,0.72076,0.67974,0.63494,0.50162,0.68324,0.57909,0.51264,0.53589,0.50303,0.4254,0.47747,0.5858,0.49558,0.61115,0.61092,0.66001,0.54092,0.55281,0.48762,0.60293,0.46967,0.6325,0.67737,0.4948,0.39059,0.58067,0.54025,0.2509,0.14513,0.44091,0.33688,0.44959,0.36543,0.59549,0.58792,0.47223,0.523,0.60606,0.63967,0.37565,0.44077,0.25262,0.11242,0.44881,0.4186,0.42616,0.37287,0.51494,-0.11417
0.89056,1,0.72721,0.71291,0.49874,0.6048,0.74437,0.75529,0.57723,0.59504,0.67314,0.6941,0.67689,0.66933,0.70094,0.63186,0.78727,0.76631,0.78924,0.85115,0.22338,0.29332,0.69305,0.63677,0.33559,0.45072,0.10556,0.39228,0.65277,0.66824,0.63261,0.68881,0.80094,0.84975,0.72897,0.72684,0.62199,0.56148,0.60966,0.63353,0.59041,0.5902,0.71505,0.71892,0.6851,0.76637,0.70029,0.71095,0.67675,0.60675,0.47034,0.47702,0.36465,0.34223,0.57087,0.53693,0.83372,0.8868,0.81285,0.77136,0.6926,0.60093,0.80729,0.71212,0.54556,0.56494,0.72451,0.79028,0.7087,0.6955,0.38334,0.60256,0.5266,0.47533,0.51521,0.48499,0.36159,0.44938,0.72655,0.64894,0.65758,0.69451,0.64119,0.59815,0.42143,0.39258,0.5851,0.41836,0.46257,0.53363,0.38318,0.25708,0.50329,0.42215,0.26606,0.15731,0.45924,0.28475,0.42455,0.27012,0.53565,0.4944,0.40461,0.42898,0.60909,0.60617,0.3463,0.41755,0.22027,0.090985,0.41111,0.34162,0.33466,0.30955,0.49,-0.17523
0.75833,0.72721,1,0.90204,0.74891,0.76505,0.95163,0.91464,0.81872,0.73657,0.67971,0.62865,0.76437,0.74286,0.66601,0.54869,0.5467,0.54799,0.79218,0.72501,0.34716,0.44036,0.74962,0.69045,0.55234,0.56949,0.31036,0.47331,0.46033,0.43353,0.68793,0.68315,0.83958,0.79012,0.7936,0.83009,0.81583,0.75521,0.65837,0.64349,0.62482,0.62669,0.76085,0.75905,0.73468,0.7605,0.75726,0.77885,0.71058,0.76157,0.6442,0.69106,0.40733,0.53799,0.67006,0.72898,0.63429,0.66191,0.64625,0.66188,0.51836,0.57361,0.55664,0.49141,0.6791,0.59695,0.87199,0.80292,0.66183,0.73956,0.63637,0.78297,0.62141,0.62191,0.54543,0.58902,0.60903,0.66761,0.54156,0.40157,0.56844,0.56468,0.53605,0.4355,0.46211,0.44715,0.49284,0.35823,0.71712,0.70676,0.71181,0.62262,0.78402,0.70191,0.4556,0.36434,0.67807,0.52775,0.70386,0.56499,0.76763,0.7488,0.67735,0.69489,0.79409,0.75886,0.57534,0.6363,0.43828,0.35909,0.69108,0.60385,0.65333,0.56157,0.69018,-0.063288
0.73853,0.71291,0.90204,1,0.64691,0.74643,0.88898,0.94604,0.75215,0.7089,0.57969,0.67003,0.72008,0.76638,0.60512,0.62747,0.42672,0.4481,0.71155,0.71379,0.3621,0.42131,0.77832,0.80569,0.54017,0.62552,0.29061,0.58429,0.3471,0.42494,0.65247,0.70609,0.79472,0.76002,0.81413,0.85222,0.76243,0.71289,0.70234,0.69089,0.55314,0.57534,0.6946,0.69573,0.67169,0.76149,0.6867,0.70792,0.63601,0.76115,0.62745,0.66504,0.2974,0.37568,0.65964,0.66497,0.60368,0.64582,0.66098,0.69156,0.61135,0.68641,0.59558,0.56712,0.76169,0.76586,0.85386,0.84903,0.63056,0.7031,0.53679,0.73433,0.49982,0.52928,0.49932,0.50716,0.45849,0.52134,0.41291,0.2885,0.48574,0.48647,0.48069,0.45826,0.5577,0.60155,0.52406,0.44689,0.68839,0.71481,0.69241,0.54407,0.77259,0.68023,0.36991,0.2785,0.54602,0.42533,0.6044,0.4496,0.73583,0.68276,0.61554,0.60876,0.76458,0.72816,0.49918,0.55131,0.33964,0.22512,0.55888,0.48239,0.55653,0.45314,0.61,-0.1131
0.52292,0.49874,0.74891,0.64691,1,0.78573,0.75538,0.69403,0.85556,0.68198,0.4905,0.31767,0.45189,0.42703,0.45186,0.22225,0.42912,0.43231,0.6882,0.6007,0.28028,0.34017,0.38843,0.33194,0.32209,0.23836,0.33126,0.25474,0.35933,0.2671,0.4785,0.48728,0.76497,0.69441,0.53301,0.61766,0.68779,0.65079,0.45902,0.40957,0.44035,0.45352,0.67944,0.64864,0.70882,0.60158,0.66348,0.68028,0.62202,0.64197,0.402,0.50545,0.19305,0.43837,0.41495,0.53993,0.53323,0.5174,0.45522,0.50659,0.17824,0.32145,0.27638,0.28165,0.33687,0.25734,0.76633,0.59137,0.6396,0.71126,0.60447,0.62546,0.654,0.63899,0.57572,0.62459,0.75175,0.78108,0.41891,0.31107,0.36049,0.36429,0.29079,0.23323,0.065464,0.038791,0.1918,0.019003,0.54167,0.44747,0.59705,0.66349,0.71586,0.63043,0.52344,0.40524,0.77861,0.69624,0.69677,0.6799,0.66524,0.73163,0.72251,0.72774,0.67932,0.65782,0.63043,0.68216,0.47461,0.47963,0.80193,0.72733,0.71569,0.68566,0.74369,0.066396
0.64794,0.6048,0.76505,0.74643,0.78573,1,0.79113,0.81629,0.75614,0.83639,0.64618,0.54374,0.63545,0.59883,0.62793,0.45612,0.55143,0.49704,0.66087,0.58768,0.37193,0.41863,0.47007,0.43686,0.35144,0.34264,0.19416,0.44588,0.50754,0.44374,0.48224,0.50602,0.73892,0.68868,0.58344,0.62032,0.73363,0.69537,0.53685,0.53443,0.56187,0.51221,0.68198,0.67736,0.69843,0.66138,0.67344,0.6973,0.66797,0.69056,0.53051,0.59782,0.32734,0.47022,0.54617,0.66225,0.5939,0.56761,0.59959,0.60185,0.43843,0.47549,0.48623,0.41917,0.47804,0.41985,0.76584,0.6821,0.55943,0.61551,0.59093,0.70661,0.61932,0.6126,0.54701,0.56845,0.54109,0.58024,0.55599,0.40525,0.50948,0.4877,0.46469,0.39442,0.27834,0.22022,0.46669,0.2808,0.55253,0.57082,0.55705,0.54316,0.63562,0.53287,0.35798,0.27674,0.60386,0.4871,0.60439,0.57135,0.63663,0.62462,0.61247,0.59131,0.65405,0.61167,0.4591,0.50514,0.34018,0.28367,0.60694,0.57325,0.53618,0.52851,0.62588,-0.0005098
0.76954,0.74437,0.95163,0.88898,0.75538,0.79113,1,0.9414,0.86838,0.80157,0.72408,0.67776,0.7865,0.78616,0.68823,0.58804,0.5821,0.57179,0.75469,0.68973,0.29166,0.35861,0.68351,0.6384,0.44236,0.47181,0.24001,0.41411,0.52628,0.5017,0.61159,0.63115,0.79905,0.76218,0.74066,0.77731,0.78532,0.72331,0.60695,0.59878,0.62496,0.63319,0.7675,0.77189,0.75074,0.78426,0.75982,0.7726,0.7389,0.77884,0.67419,0.71171,0.43105,0.53328,0.64887,0.69732,0.6338,0.65771,0.69499,0.69998,0.59344,0.64559,0.61805,0.55724,0.65059,0.58612,0.85595,0.79618,0.60728,0.68831,0.63953,0.77591,0.60604,0.59486,0.57911,0.59873,0.57015,0.63065,0.59286,0.45646,0.6165,0.63758,0.56232,0.51069,0.41641,0.42376,0.49088,0.36178,0.6957,0.70219,0.68262,0.57644,0.74962,0.65856,0.40334,0.32497,0.62437,0.46837,0.67051,0.53118,0.77284,0.72258,0.67971,0.66847,0.77851,0.73421,0.54762,0.592,0.40656,0.31016,0.62366,0.53923,0.57667,0.50797,0.67361,-0.058873
0.74793,0.75529,0.91464,0.94604,0.69403,0.81629,0.9414,1,0.79566,0.81008,0.66868,0.74192,0.75552,0.83528,0.64814,0.652,0.57621,0.57829,0.70611,0.69319,0.28127,0.34666,0.697,0.69335,0.41392,0.50706,0.18887,0.45427,0.51537,0.5429,0.62718,0.67539,0.79743,0.78231,0.75455,0.79309,0.77852,0.71728,0.64933,0.65216,0.61598,0.60966,0.73667,0.75684,0.71218,0.7895,0.73428,0.75162,0.68994,0.76859,0.66975,0.72183,0.41163,0.48085,0.68205,0.70506,0.6396,0.67255,0.69336,0.70031,0.62622,0.69557,0.64608,0.62618,0.68374,0.67687,0.84723,0.84315,0.59178,0.68602,0.59054,0.76857,0.55051,0.56375,0.55419,0.55799,0.48163,0.55152,0.57892,0.44889,0.61515,0.62604,0.55579,0.53989,0.45955,0.49978,0.54242,0.42219,0.64357,0.6886,0.63194,0.4948,0.70658,0.59268,0.34959,0.27045,0.54797,0.39169,0.6025,0.45049,0.72462,0.63929,0.61346,0.58157,0.76656,0.70023,0.45751,0.52123,0.34083,0.21906,0.54352,0.44202,0.49259,0.42276,0.60666,-0.10227
0.64408,0.57723,0.81872,0.75215,0.85556,0.75614,0.86838,0.79566,1,0.7957,0.60991,0.48209,0.62672,0.61433,0.56635,0.37024,0.45138,0.44231,0.68412,0.58892,0.3052,0.33294,0.46821,0.42413,0.32258,0.28001,0.32363,0.32705,0.41337,0.3492,0.46285,0.47794,0.72748,0.66002,0.59132,0.67524,0.75378,0.7279,0.5531,0.5037,0.55257,0.5919,0.66467,0.64241,0.67954,0.6524,0.65533,0.66316,0.64557,0.74599,0.56898,0.62259,0.30649,0.49697,0.49422,0.60394,0.52175,0.52117,0.58212,0.62328,0.4332,0.54998,0.44051,0.4252,0.48824,0.43278,0.7837,0.66063,0.60265,0.66533,0.63042,0.70627,0.63235,0.62279,0.58809,0.6215,0.64763,0.69438,0.46622,0.32038,0.50088,0.48155,0.42997,0.3768,0.21769,0.22786,0.29656,0.15129,0.70699,0.63435,0.68625,0.68148,0.76497,0.69762,0.45406,0.37108,0.67381,0.57663,0.67784,0.62213,0.74822,0.76783,0.72232,0.73518,0.71829,0.68607,0.63029,0.67964,0.46054,0.40778,0.68853,0.61822,0.65502,0.57852,0.70112,0.034614
0.67116,0.59504,0.73657,0.7089,0.68198,0.83639,0.80157,0.81008,0.7957,1,0.71475,0.67499,0.7031,0.74659,0.63867,0.58209,0.59152,0.56766,0.61026,0.51121,0.23951,0.25085,0.42328,0.39011,0.2549,0.24779,0.14179,0.29946,0.572,0.56093,0.4253,0.45851,0.64544,0.61927,0.4983,0.54896,0.69531,0.68374,0.46411,0.46246,0.61195,0.59707,0.61829,0.63602,0.62552,0.63633,0.63201,0.64887,0.62975,0.69435,0.61113,0.65036,0.50495,0.5863,0.54532,0.67207,0.53043,0.52552,0.60919,0.57454,0.54783,0.616,0.5496,0.5328,0.45237,0.44469,0.68426,0.62586,0.47455,0.5261,0.64614,0.69541,0.6075,0.61256,0.54972,0.5992,0.49607,0.55793,0.61262,0.49135,0.62511,0.61366,0.57125,0.53532,0.27375,0.26197,0.47586,0.34287,0.62734,0.64892,0.51814,0.48024,0.5614,0.47721,0.35204,0.29007,0.51329,0.40179,0.54441,0.50038,0.63472,0.5916,0.55921,0.55611,0.63859,0.56254,0.43396,0.49906,0.39288,0.32206,0.50115,0.41962,0.42691,0.38758,0.56001,0.051381
0.7641,0.67314,0.67971,0.57969,0.4905,0.64618,0.72408,0.66868,0.60991,0.71475,1,0.77193,0.86011,0.70872,0.86863,0.67787,0.66818,0.60809,0.65729,0.52444,0.365,0.34617,0.57373,0.47327,0.42106,0.40229,0.30318,0.44722,0.71796,0.64238,0.49509,0.46779,0.56588,0.55528,0.52175,0.5282,0.66935,0.61734,0.45323,0.44901,0.65638,0.59812,0.51885,0.53124,0.49737,0.52963,0.52658,0.54512,0.55645,0.56477,0.54474,0.53411,0.49618,0.51307,0.56436,0.65984,0.56433,0.48771,0.56778,0.51673,0.54872,0.46019,0.6346,0.49794,0.4639,0.37387,0.5568,0.52625,0.41732,0.43795,0.59204,0.65172,0.56688,0.51715,0.52372,0.45327,0.43315,0.44366,0.64532,0.58427,0.65741,0.65923,0.8177,0.66868,0.45708,0.38045,0.63668,0.54615,0.63021,0.66113,0.49761,0.41237,0.50212,0.46361,0.19569,0.18438,0.4081,0.31684,0.48559,0.4538,0.54388,0.53949,0.51559,0.49397,0.55394,0.55366,0.37476,0.3597,0.2244,0.11417,0.43536,0.45806,0.42712,0.39781,0.47428,0.058345
0.70646,0.6941,0.62865,0.67003,0.31767,0.54374,0.67776,0.74192,0.48209,0.67499,0.77193,1,0.80033,0.88724,0.71527,0.82567,0.57374,0.58965,0.55309,0.53617,0.087438,0.093914,0.61684,0.58812,0.29464,0.41938,0.08972,0.40983,0.60405,0.71179,0.43813,0.50465,0.50011,0.55232,0.53884,0.53623,0.56352,0.51255,0.46171,0.46759,0.48531,0.49482,0.47337,0.52802,0.42767,0.57409,0.48286,0.5023,0.49358,0.54678,0.61555,0.60268,0.53149,0.4425,0.61245,0.6023,0.45243,0.48151,0.56119,0.52564,0.64782,0.58634,0.69697,0.68187,0.50944,0.55466,0.52731,0.61883,0.33847,0.40778,0.4513,0.60274,0.33643,0.35421,0.3603,0.28549,0.2048,0.2637,0.57108,0.5565,0.70022,0.73489,0.74483,0.68628,0.56126,0.62225,0.68622,0.65561,0.51818,0.62635,0.40065,0.1939,0.4001,0.3373,0.12414,0.11353,0.19473,0.077287,0.3095,0.18067,0.50316,0.37972,0.35342,0.29831,0.54453,0.50073,0.20307,0.20633,0.14661,0.018313,0.18677,0.12926,0.17005,0.11982,0.30584,-0.029626
0.76862,0.67689,0.76437,0.72008,0.45189,0.63545,0.7865,0.75552,0.62672,0.7031,0.86011,0.80033,1,0.8383,0.88994,0.77971,0.5221,0.50685,0.63665,0.55951,0.27864,0.29704,0.72555,0.65724,0.49848,0.56212,0.30164,0.55258,0.53266,0.54612,0.47148,0.48081,0.58371,0.5597,0.69076,0.67873,0.68679,0.61765,0.52733,0.5245,0.57571,0.54998,0.57018,0.5918,0.53336,0.61363,0.54805,0.57496,0.58442,0.64046,0.58655,0.55862,0.45515,0.46017,0.55679,0.63262,0.51876,0.52686,0.59952,0.58746,0.60899,0.56977,0.63772,0.52402,0.63167,0.5881,0.64497,0.65761,0.44194,0.51062,0.5057,0.68574,0.47304,0.43903,0.43553,0.38927,0.38645,0.40991,0.5379,0.44333,0.59946,0.60652,0.76951,0.63396,0.66364,0.57798,0.73421,0.67028,0.71978,0.72512,0.566,0.40728,0.5989,0.55164,0.22786,0.22033,0.35362,0.24186,0.46556,0.3705,0.64946,0.58002,0.54332,0.52911,0.67023,0.66314,0.3817,0.38014,0.27363,0.13429,0.37586,0.35968,0.41016,0.34597,0.49516,-0.018047
0.67233,0.66933,0.74286,0.76638,0.42703,0.59883,0.78616,0.83528,0.61433,0.74659,0.70872,0.88724,0.8383,1,0.68571,0.8317,0.5597,0.59495,0.52721,0.51164,0.089693,0.12844,0.65437,0.64806,0.33917,0.47418,0.12808,0.40522,0.53046,0.65259,0.4767,0.52661,0.57248,0.58381,0.64961,0.66656,0.65982,0.62001,0.53083,0.55372,0.52974,0.54571,0.60252,0.65141,0.5714,0.69973,0.60458,0.62227,0.60626,0.68911,0.66781,0.67716,0.54241,0.487,0.65546,0.66937,0.49859,0.55399,0.60291,0.60699,0.67337,0.68929,0.68017,0.65174,0.64172,0.67916,0.65412,0.72497,0.38834,0.49471,0.52315,0.67745,0.41406,0.43482,0.443,0.41632,0.30293,0.37624,0.56736,0.51222,0.65103,0.69734,0.72518,0.711,0.57632,0.62135,0.67698,0.66226,0.6361,0.71526,0.49192,0.29953,0.51906,0.44112,0.26333,0.24583,0.32489,0.17204,0.42839,0.26951,0.61732,0.48463,0.46823,0.42128,0.68787,0.61185,0.33834,0.3657,0.29147,0.14942,0.30172,0.18174,0.26288,0.2027,0.43278,-0.017392
0.78243,0.70094,0.66601,0.60512,0.45186,0.62793,0.68823,0.64814,0.56635,0.63867,0.86863,0.71527,0.88994,0.68571,1,0.7575,0.60513,0.5574,0.68456,0.60222,0.39291,0.37786,0.71083,0.63143,0.5538,0.59943,0.35498,0.592,0.63157,0.59641,0.53491,0.52125,0.59066,0.57945,0.64751,0.63685,0.69472,0.60535,0.54725,0.5345,0.64731,0.56775,0.58198,0.58566,0.5524,0.57184,0.55997,0.57154,0.58405,0.5291,0.47376,0.43868,0.37437,0.35826,0.52044,0.57728,0.62619,0.57901,0.57813,0.54354,0.56453,0.44736,0.65517,0.47189,0.5687,0.48035,0.59875,0.59554,0.5066,0.52964,0.47379,0.62515,0.51085,0.46459,0.47484,0.41673,0.42693,0.43886,0.61404,0.52453,0.61827,0.6373,0.8128,0.63546,0.59663,0.49393,0.70987,0.60918,0.61834,0.63951,0.46275,0.34613,0.53113,0.49436,0.24823,0.22122,0.3983,0.30397,0.44064,0.37273,0.56539,0.56196,0.51555,0.52587,0.62582,0.64722,0.39157,0.36165,0.23931,0.12952,0.4137,0.42422,0.42908,0.42844,0.53829,-0.013735
0.63837,0.63186,0.54869,0.62747,0.22225,0.45612,0.58804,0.652,0.37024,0.58209,0.67787,0.82567,0.77971,0.8317,0.7575,1,0.55351,0.56502,0.45213,0.49538,0.16572,0.20057,0.71883,0.74325,0.36772,0.61155,0.090929,0.48939,0.57116,0.75257,0.55378,0.6093,0.49683,0.5497,0.63432,0.6124,0.53498,0.4551,0.54463,0.57588,0.54133,0.47872,0.51765,0.55537,0.46246,0.61553,0.50489,0.51111,0.50426,0.47491,0.49078,0.43882,0.40142,0.20804,0.57383,0.51284,0.51551,0.53968,0.54674,0.52794,0.67254,0.58582,0.73586,0.64234,0.62437,0.68225,0.5397,0.68017,0.35297,0.42366,0.27877,0.4607,0.2814,0.29441,0.30905,0.24601,0.14468,0.2011,0.53979,0.52121,0.52592,0.64185,0.78369,0.7614,0.60304,0.64996,0.75975,0.74015,0.47467,0.53304,0.24966,0.015495,0.311,0.23614,0.19342,0.14422,0.14713,0.0089913,0.17928,0.01841,0.38852,0.29241,0.2472,0.21817,0.57235,0.50368,0.15276,0.16964,0.10231,0.0037881,0.10396,0.023407,0.084793,0.059761,0.29511,-0.074254
0.64426,0.78727,0.5467,0.42672,0.42912,0.55143,0.5821,0.57621,0.45138,0.59152,0.66818,0.57374,0.5221,0.5597,0.60513,0.55351,1,0.94462,0.58841,0.60357,0.097362,0.1767,0.45218,0.37915,0.13752,0.27624,-0.07362,0.12126,0.84302,0.78135,0.59044,0.60713,0.64323,0.72502,0.5095,0.50844,0.48478,0.42825,0.35678,0.40758,0.58617,0.51773,0.64056,0.67633,0.65199,0.64101,0.63341,0.64095,0.59837,0.38606,0.2834,0.31865,0.33754,0.30464,0.41308,0.42496,0.80515,0.7837,0.62145,0.52473,0.48228,0.39318,0.6908,0.55195,0.33654,0.31782,0.54779,0.58983,0.52847,0.5304,0.35017,0.47181,0.50206,0.45647,0.46543,0.46344,0.32621,0.41691,0.94221,0.91347,0.72853,0.77592,0.68894,0.64735,0.10962,0.080718,0.51334,0.31663,0.22212,0.26884,0.11144,0.063625,0.23598,0.13567,0.21302,0.15684,0.42055,0.20903,0.29175,0.20272,0.33015,0.30022,0.25851,0.24798,0.45141,0.38279,0.20338,0.24754,0.17047,0.077442,0.32984,0.2167,0.15372,0.22012,0.38906,-0.11315
0.60022,0.76631,0.54799,0.4481,0.43231,0.49704,0.57179,0.57829,0.44231,0.56766,0.60809,0.58965,0.50685,0.59495,0.5574,0.56502,0.94462,1,0.56061,0.58671,0.023407,0.12678,0.47939,0.41257,0.1334,0.28628,-0.054465,0.10868,0.78089,0.78774,0.5976,0.62242,0.62511,0.72219,0.51289,0.51983,0.46242,0.42606,0.35518,0.43019,0.54528,0.52027,0.66281,0.70072,0.6585,0.65836,0.65762,0.66191,0.57989,0.38406,0.27106,0.30994,0.31775,0.27075,0.42208,0.42074,0.76968,0.79256,0.54821,0.4753,0.41959,0.39819,0.65329,0.56871,0.35947,0.34862,0.54299,0.60201,0.49983,0.54216,0.3409,0.45848,0.47446,0.45104,0.41618,0.43112,0.30594,0.41755,0.89292,0.92937,0.67798,0.76822,0.68934,0.66416,0.12196,0.11845,0.52854,0.34416,0.21494,0.24674,0.10258,0.063021,0.23807,0.14148,0.21541,0.1367,0.42411,0.19452,0.29549,0.199,0.32532,0.30895,0.25021,0.23748,0.45927,0.38997,0.19939,0.27043,0.17342,0.061062,0.31471,0.20519,0.14752,0.1986,0.36348,-0.13583
0.8604,0.78924,0.79218,0.71155,0.6882,0.66087,0.75469,0.70611,0.68412,0.61026,0.65729,0.55309,0.63665,0.52721,0.68456,0.45213,0.58841,0.56061,1,0.91876,0.37597,0.45106,0.69631,0.59326,0.44005,0.43608,0.26096,0.4053,0.51752,0.47588,0.65085,0.67688,0.85895,0.83516,0.69621,0.73348,0.76715,0.72694,0.62432,0.60047,0.62083,0.63467,0.64774,0.59819,0.63131,0.58964,0.61893,0.63043,0.56696,0.52071,0.35977,0.39423,0.18874,0.35858,0.47311,0.53006,0.72265,0.70721,0.61074,0.57383,0.42014,0.36376,0.5234,0.37118,0.4506,0.38854,0.76169,0.66784,0.8129,0.79324,0.57875,0.71644,0.69304,0.67175,0.61258,0.63692,0.68308,0.72277,0.54455,0.45606,0.58514,0.55324,0.52634,0.39328,0.40987,0.35577,0.44377,0.30556,0.59153,0.55742,0.57582,0.54157,0.70025,0.65603,0.4801,0.38553,0.68555,0.59266,0.59248,0.51737,0.66847,0.70606,0.62333,0.67599,0.69018,0.72267,0.53577,0.59713,0.44228,0.34261,0.69586,0.6454,0.64844,0.60476,0.70106,-0.040452
0.81387,0.85115,0.72501,0.71379,0.6007,0.58768,0.68973,0.69319,0.58892,0.51121,0.52444,0.53617,0.55951,0.51164,0.60222,0.49538,0.60357,0.58671,0.91876,1,0.31992,0.40573,0.72168,0.65501,0.36041,0.4748,0.11525,0.40174,0.49768,0.52007,0.67079,0.73477,0.89704,0.9064,0.7584,0.78661,0.70816,0.64703,0.68733,0.68839,0.56525,0.58139,0.69747,0.6542,0.66788,0.67997,0.66417,0.66867,0.59742,0.50151,0.33018,0.32868,0.13889,0.20816,0.47912,0.45286,0.77544,0.82037,0.66799,0.64496,0.47599,0.39367,0.58296,0.45759,0.47268,0.47174,0.79012,0.77581,0.8902,0.87506,0.39672,0.60143,0.6052,0.59094,0.58254,0.56314,0.57473,0.63769,0.53821,0.46034,0.51083,0.51476,0.44548,0.37777,0.37221,0.35804,0.4261,0.2826,0.45169,0.43932,0.46001,0.37291,0.61754,0.55493,0.46466,0.35273,0.60522,0.483,0.48192,0.33759,0.5846,0.5925,0.50239,0.56282,0.68174,0.70496,0.46666,0.54123,0.34421,0.26152,0.58818,0.50502,0.53407,0.51137,0.64442,-0.1496
0.30851,0.22338,0.34716,0.3621,0.28028,0.37193,0.29166,0.28127,0.3052,0.23951,0.365,0.087438,0.27864,0.089693,0.39291,0.16572,0.097362,0.023407,0.37597,0.31992,1,0.85239,0.33058,0.32521,0.50334,0.41753,0.42852,0.51133,0.22927,0.088471,0.38259,0.32367,0.38539,0.27772,0.32045,0.35746,0.52178,0.52783,0.58983,0.54065,0.52826,0.48065,0.2472,0.18121,0.27006,0.20329,0.25062,0.26813,0.22729,0.27146,0.18953,0.18214,-0.020465,0.15451,0.32337,0.37622,0.31085,0.22048,0.18904,0.17689,0.19109,0.079935,0.082683,-0.044381,0.30527,0.16944,0.3879,0.2597,0.42472,0.36654,0.35576,0.30953,0.45012,0.44028,0.40933,0.31867,0.39174,0.35303,0.080565,-0.067128,0.075303,0.0068059,0.24636,0.21785,0.21145,0.13442,0.1691,0.13823,0.36414,0.34519,0.45975,0.46535,0.47514,0.47639,0.31223,0.30615,0.46541,0.48991,0.43353,0.48165,0.38308,0.44732,0.43717,0.47902,0.3366,0.39964,0.42934,0.41308,0.27569,0.19772,0.47956,0.5939,0.58636,0.58088,0.45009,0.080424
0.32743,0.29332,0.44036,0.42131,0.34017,0.41863,0.35861,0.34666,0.33294,0.25085,0.34617,0.093914,0.29704,0.12844,0.37786,0.20057,0.1767,0.12678,0.45106,0.40573,0.85239,1,0.41344,0.40925,0.47914,0.48985,0.32975,0.46913,0.27008,0.16203,0.55521,0.50176,0.48588,0.4122,0.39954,0.42407,0.53525,0.53212,0.59826,0.6245,0.56155,0.57318,0.34189,0.28198,0.35795,0.28476,0.32802,0.36063,0.26865,0.2581,0.14293,0.14237,-0.052631,0.12481,0.29985,0.36248,0.3917,0.31569,0.20622,0.18306,0.16061,0.089781,0.1109,-0.0061194,0.3045,0.18969,0.45915,0.33337,0.47056,0.44077,0.33464,0.36367,0.49464,0.48141,0.36898,0.36505,0.41668,0.39671,0.1652,0.033033,0.10747,0.073677,0.2797,0.24628,0.20359,0.1414,0.23937,0.15637,0.35927,0.28416,0.44353,0.43505,0.51165,0.46756,0.36674,0.31211,0.52668,0.50898,0.44611,0.46311,0.3881,0.44943,0.42317,0.459,0.40572,0.39369,0.39679,0.44035,0.31101,0.24322,0.53096,0.60003,0.56994,0.54085,0.46014,-0.019852
0.71499,0.69305,0.74962,0.77832,0.38843,0.47007,0.68351,0.697,0.46821,0.42328,0.57373,0.61684,0.72555,0.65437,0.71083,0.71883,0.45218,0.47939,0.69631,0.72168,0.33058,0.41344,1,0.9568,0.64555,0.82215,0.29392,0.67149,0.33901,0.45818,0.75581,0.77016,0.69118,0.69637,0.86936,0.84252,0.65978,0.57565,0.69133,0.64871,0.49002,0.48169,0.62474,0.61836,0.57797,0.66261,0.59331,0.60668,0.51566,0.5094,0.38716,0.36018,0.17557,0.14846,0.53829,0.46916,0.63178,0.67001,0.53258,0.55007,0.5433,0.47818,0.6378,0.4487,0.79397,0.74371,0.71195,0.75681,0.61592,0.67362,0.31743,0.55828,0.34865,0.38061,0.35811,0.33751,0.37097,0.42054,0.41766,0.36177,0.42633,0.47462,0.5793,0.4395,0.71927,0.70275,0.59336,0.55912,0.57834,0.583,0.52103,0.32901,0.61599,0.55499,0.33928,0.24898,0.41472,0.29151,0.41792,0.22464,0.54287,0.5294,0.42527,0.44826,0.68931,0.69394,0.38742,0.35626,0.23437,0.095794,0.42661,0.3705,0.44329,0.39088,0.52215,-0.14121
0.64021,0.63677,0.69045,0.80569,0.33194,0.43686,0.6384,0.69335,0.42413,0.39011,0.47327,0.58812,0.65724,0.64806,0.63143,0.74325,0.37915,0.41257,0.59326,0.65501,0.32521,0.40925,0.9568,1,0.63774,0.86649,0.28547,0.70207,0.27055,0.43385,0.74171,0.78037,0.64662,0.65336,0.85445,0.83579,0.59497,0.51844,0.68229,0.65139,0.43691,0.43809,0.57031,0.56724,0.53313,0.64684,0.54167,0.55474,0.46752,0.48924,0.3761,0.34486,0.10913,0.060898,0.52331,0.42573,0.59584,0.62673,0.5169,0.54589,0.56995,0.53312,0.63707,0.4835,0.82703,0.82869,0.68196,0.75704,0.56713,0.61854,0.26431,0.51739,0.27747,0.33278,0.3077,0.29946,0.28087,0.32959,0.33932,0.28489,0.35697,0.42792,0.53336,0.45972,0.71578,0.7632,0.5892,0.59555,0.54705,0.5541,0.49016,0.26984,0.58564,0.51688,0.30715,0.2079,0.35359,0.23827,0.35662,0.15971,0.50915,0.47304,0.38384,0.38977,0.66491,0.65266,0.32429,0.30716,0.17783,0.067364,0.35229,0.28711,0.37491,0.31398,0.46958,-0.16522
0.44154,0.33559,0.55234,0.54017,0.32209,0.35144,0.44236,0.41392,0.32258,0.2549,0.42106,0.29464,0.49848,0.33917,0.5538,0.36772,0.13752,0.1334,0.44005,0.36041,0.50334,0.47914,0.64555,0.63774,1,0.81302,0.70779,0.74713,0.085855,0.079435,0.58212,0.47165,0.4133,0.33466,0.5197,0.52915,0.47836,0.42154,0.45887,0.36465,0.29934,0.25159,0.37248,0.3631,0.3615,0.34747,0.38911,0.43277,0.36781,0.4281,0.37296,0.35694,0.18995,0.28251,0.49776,0.51089,0.34663,0.30984,0.29802,0.33651,0.3339,0.28816,0.31908,0.18427,0.61635,0.48388,0.45103,0.38246,0.39624,0.38419,0.39829,0.41782,0.35907,0.35566,0.25702,0.27555,0.34598,0.35341,0.086667,0.0058064,0.17609,0.16123,0.35392,0.17629,0.58746,0.54259,0.31662,0.36346,0.57443,0.58317,0.56277,0.49056,0.52222,0.53135,0.28086,0.22014,0.44244,0.43838,0.53179,0.4874,0.42816,0.47843,0.42296,0.49094,0.43749,0.51678,0.41911,0.38499,0.21108,0.24216,0.49443,0.5358,0.55346,0.51469,0.48348,0.030193
0.46743,0.45072,0.56949,0.62552,0.23836,0.34264,0.47181,0.50706,0.28001,0.24779,0.40229,0.41938,0.56212,0.47418,0.59943,0.61155,0.27624,0.28628,0.43608,0.4748,0.41753,0.48985,0.82215,0.86649,0.81302,1,0.46589,0.77555,0.20862,0.31156,0.72493,0.68187,0.51282,0.48961,0.70529,0.69791,0.49946,0.4181,0.58306,0.55283,0.34792,0.31074,0.47396,0.4756,0.43767,0.50384,0.4648,0.49291,0.39899,0.38378,0.33947,0.29157,0.10396,0.10026,0.49953,0.44681,0.50065,0.46992,0.36044,0.37567,0.4144,0.34616,0.48356,0.3243,0.73054,0.67892,0.54446,0.58518,0.48125,0.50415,0.21065,0.40299,0.25456,0.27508,0.21727,0.20414,0.25525,0.27721,0.23666,0.16023,0.20413,0.27715,0.47365,0.35532,0.61534,0.65034,0.51181,0.54192,0.45312,0.4737,0.42718,0.25414,0.4756,0.44276,0.29458,0.23322,0.36062,0.29827,0.35505,0.24122,0.40236,0.39494,0.34357,0.38203,0.56242,0.57437,0.30261,0.29208,0.1532,0.14171,0.36178,0.32925,0.38565,0.37493,0.43548,-0.084258
0.25887,0.10556,0.31036,0.29061,0.33126,0.19416,0.24001,0.18887,0.32363,0.14179,0.30318,0.08972,0.30164,0.12808,0.35498,0.090929,-0.07362,-0.054465,0.26096,0.11525,0.42852,0.32975,0.29392,0.28547,0.70779,0.46589,1,0.6543,-0.090117,-0.12179,0.25306,0.14928,0.20947,0.093505,0.25357,0.30123,0.39104,0.32972,0.25858,0.15775,0.1678,0.13415,0.10665,0.10353,0.10287,0.04419,0.13009,0.17332,0.11143,0.29726,0.26291,0.2573,0.086556,0.24747,0.30201,0.39524,0.11128,0.048134,0.074266,0.14603,0.080677,0.16356,0.073079,0.061385,0.36974,0.25003,0.21016,0.095987,0.21913,0.18781,0.41906,0.32992,0.33225,0.29337,0.2448,0.17392,0.39107,0.33876,-0.12833,-0.16409,0.019391,-0.027428,0.25279,0.08002,0.42477,0.34637,0.16875,0.23921,0.56629,0.48963,0.5496,0.57628,0.48861,0.55231,0.15491,0.088531,0.37541,0.45395,0.49521,0.57562,0.36956,0.47126,0.48673,0.52047,0.27728,0.40534,0.477,0.44775,0.16119,0.21237,0.46679,0.54904,0.56069,0.50895,0.3972,0.22268
0.50749,0.39228,0.47331,0.58429,0.25474,0.44588,0.41411,0.45427,0.32705,0.29946,0.44722,0.40983,0.55258,0.40522,0.592,0.48939,0.12126,0.10868,0.4053,0.40174,0.51133,0.46913,0.67149,0.70207,0.74713,0.77555,0.6543,1,0.078563,0.18443,0.46931,0.44069,0.42015,0.35086,0.60325,0.58337,0.53158,0.46377,0.55287,0.47491,0.31415,0.26201,0.32363,0.31188,0.28128,0.3263,0.31787,0.34174,0.29172,0.40494,0.37421,0.28252,0.10395,0.11431,0.47081,0.4568,0.37033,0.3337,0.35434,0.3774,0.43329,0.33683,0.42917,0.26879,0.68849,0.59409,0.45576,0.46601,0.41997,0.39469,0.29448,0.45905,0.31893,0.34471,0.29937,0.20432,0.25618,0.24577,0.059449,0.0065656,0.14571,0.14193,0.40983,0.24822,0.70499,0.6645,0.5064,0.54764,0.55889,0.57591,0.55296,0.40795,0.54181,0.55602,0.15009,0.058515,0.2813,0.28774,0.3943,0.34579,0.45108,0.4511,0.43265,0.45447,0.49047,0.57656,0.3506,0.33193,0.065439,0.028079,0.34156,0.4003,0.45635,0.44489,0.42317,0.017891
0.56513,0.65277,0.46033,0.3471,0.35933,0.50754,0.52628,0.51537,0.41337,0.572,0.71796,0.60405,0.53266,0.53046,0.63157,0.57116,0.84302,0.78089,0.51752,0.49768,0.22927,0.27008,0.33901,0.27055,0.085855,0.20862,-0.090117,0.078563,1,0.87384,0.56624,0.58172,0.53055,0.62065,0.35233,0.35002,0.46981,0.42904,0.38484,0.42433,0.68677,0.57858,0.49309,0.51378,0.50078,0.50228,0.49449,0.50556,0.51996,0.29958,0.27247,0.26297,0.31675,0.28082,0.38462,0.40082,0.63903,0.56764,0.51682,0.37825,0.42809,0.27227,0.54099,0.43021,0.1995,0.14903,0.43884,0.45446,0.40045,0.39616,0.37546,0.43025,0.51907,0.45389,0.49211,0.45387,0.32168,0.36909,0.83333,0.81197,0.63583,0.68959,0.7493,0.75466,0.022915,0.013589,0.51946,0.35299,0.18488,0.23553,0.093137,0.035571,0.17886,0.086078,0.22948,0.23939,0.36657,0.20333,0.26268,0.21587,0.31281,0.26147,0.288,0.24802,0.40115,0.32078,0.20059,0.20983,0.15981,0.10559,0.26654,0.21084,0.14087,0.23841,0.37556,0.039302
0.57979,0.66824,0.43353,0.42494,0.2671,0.44374,0.5017,0.5429,0.3492,0.56093,0.64238,0.71179,0.54612,0.65259,0.59641,0.75257,0.78135,0.78774,0.47588,0.52007,0.088471,0.16203,0.45818,0.43385,0.079435,0.31156,-0.12179,0.18443,0.87384,1,0.59462,0.65925,0.53192,0.64544,0.42378,0.40845,0.44949,0.40845,0.4669,0.50866,0.64063,0.57644,0.51717,0.55194,0.49519,0.58102,0.52354,0.51944,0.50763,0.31161,0.30193,0.26401,0.31477,0.1453,0.46742,0.39301,0.64056,0.61022,0.54814,0.40841,0.54294,0.37592,0.64025,0.56672,0.33022,0.3465,0.44879,0.56243,0.39641,0.40433,0.27805,0.39652,0.4476,0.41083,0.43694,0.39213,0.18792,0.27488,0.7361,0.78408,0.55093,0.66541,0.75189,0.81275,0.16292,0.21071,0.62065,0.50438,0.1906,0.26715,0.018359,-0.10786,0.12708,0.043819,0.23089,0.18762,0.25167,0.091699,0.15758,0.054736,0.27676,0.19882,0.18903,0.17103,0.43672,0.35726,0.12914,0.16749,0.099818,0.037227,0.12232,0.03076,0.004404,0.095951,0.31234,-0.028948
0.58065,0.63261,0.68793,0.65247,0.4785,0.48224,0.61159,0.62718,0.46285,0.4253,0.49509,0.43813,0.47148,0.4767,0.53491,0.55378,0.59044,0.5976,0.65085,0.67079,0.38259,0.55521,0.75581,0.74171,0.58212,0.72493,0.25306,0.46931,0.56624,0.59462,1,0.9562,0.75531,0.80123,0.69745,0.70854,0.59687,0.53898,0.62634,0.63731,0.61186,0.54185,0.60124,0.58966,0.59898,0.6274,0.60764,0.61793,0.52952,0.41934,0.27658,0.28376,0.1277,0.15297,0.49654,0.45875,0.68763,0.65991,0.50731,0.46776,0.41424,0.35233,0.52116,0.41361,0.57481,0.51008,0.68535,0.68159,0.62906,0.64574,0.3344,0.46137,0.50477,0.49727,0.39475,0.45039,0.43844,0.50841,0.53834,0.48735,0.36109,0.45475,0.52048,0.44575,0.27142,0.33979,0.40569,0.28353,0.39182,0.34981,0.34116,0.2462,0.46177,0.36401,0.40342,0.30757,0.5466,0.40584,0.40123,0.27949,0.38718,0.43154,0.36456,0.40164,0.58452,0.52821,0.3659,0.38915,0.21265,0.22368,0.5111,0.4251,0.42273,0.4381,0.55666,-0.099875
0.61762,0.68881,0.68315,0.70609,0.48728,0.50602,0.63115,0.67539,0.47794,0.45851,0.46779,0.50465,0.48081,0.52661,0.52125,0.6093,0.60713,0.62242,0.67688,0.73477,0.32367,0.50176,0.77016,0.78037,0.47165,0.68187,0.14928,0.44069,0.58172,0.65925,0.9562,1,0.7877,0.86005,0.73648,0.75169,0.59868,0.5369,0.6595,0.67459,0.60289,0.56559,0.62215,0.60868,0.61792,0.67195,0.61457,0.62175,0.53747,0.41631,0.27038,0.27636,0.094082,0.094927,0.49029,0.4295,0.71099,0.69762,0.54214,0.5007,0.4447,0.39814,0.55303,0.46953,0.5654,0.56078,0.71808,0.74605,0.65922,0.6832,0.30385,0.46837,0.46203,0.46577,0.3865,0.43597,0.42079,0.49692,0.56666,0.52698,0.40989,0.50396,0.53175,0.50763,0.29156,0.38413,0.45267,0.33406,0.3748,0.33347,0.32231,0.19984,0.47059,0.36045,0.38513,0.28186,0.50851,0.3669,0.35909,0.21726,0.42049,0.4267,0.357,0.37908,0.61219,0.54183,0.34453,0.37195,0.21519,0.18177,0.46169,0.3619,0.37154,0.38334,0.54098,-0.1009
0.7614,0.80094,0.83958,0.79472,0.76497,0.73892,0.79905,0.79743,0.72748,0.64544,0.56588,0.50011,0.58371,0.57248,0.59066,0.49683,0.64323,0.62511,0.85895,0.89704,0.38539,0.48588,0.69118,0.64662,0.4133,0.51282,0.20947,0.42015,0.53055,0.53192,0.75531,0.7877,1,0.96112,0.80724,0.85046,0.80529,0.74466,0.73475,0.72879,0.64772,0.62996,0.79753,0.75916,0.79131,0.78418,0.78613,0.79063,0.71859,0.66946,0.4598,0.48614,0.24526,0.3354,0.58862,0.60925,0.81414,0.83846,0.71422,0.68611,0.47704,0.46811,0.58305,0.49471,0.56617,0.53737,0.90486,0.8545,0.90471,0.91768,0.51865,0.68933,0.68998,0.68276,0.64012,0.63134,0.6793,0.75047,0.58999,0.47004,0.46285,0.48099,0.4832,0.42938,0.28911,0.267,0.4543,0.27454,0.55432,0.52229,0.53964,0.48453,0.70023,0.62058,0.57295,0.43519,0.74528,0.61241,0.60308,0.48507,0.67986,0.69488,0.63457,0.67984,0.80109,0.77537,0.58992,0.677,0.44794,0.39671,0.72982,0.60882,0.63547,0.62363,0.76255,-0.054223
0.76376,0.84975,0.79012,0.76002,0.69441,0.68868,0.76218,0.78231,0.66002,0.61927,0.55528,0.55232,0.5597,0.58381,0.57945,0.5497,0.72502,0.72219,0.83516,0.9064,0.27772,0.4122,0.69637,0.65336,0.33466,0.48961,0.093505,0.35086,0.62065,0.64544,0.80123,0.86005,0.96112,1,0.7862,0.8219,0.71823,0.6494,0.67436,0.69732,0.63266,0.6047,0.76865,0.74801,0.75979,0.78462,0.75385,0.75514,0.69018,0.59491,0.39227,0.41954,0.21545,0.26073,0.53215,0.53116,0.82236,0.85768,0.71768,0.68603,0.50489,0.48157,0.63529,0.57296,0.52783,0.53003,0.85447,0.85603,0.84007,0.86524,0.41712,0.60625,0.6181,0.59795,0.56641,0.55544,0.574,0.66293,0.67507,0.59405,0.51264,0.55822,0.52917,0.49019,0.2454,0.25383,0.47306,0.27023,0.43815,0.42846,0.40382,0.33112,0.58186,0.47913,0.46294,0.3318,0.63731,0.47351,0.48129,0.34299,0.57573,0.57542,0.50576,0.54062,0.71855,0.67328,0.47207,0.54557,0.33985,0.28398,0.60462,0.47802,0.48717,0.48659,0.64966,-0.11469
0.70536,0.72897,0.7936,0.81413,0.53301,0.58344,0.74066,0.75455,0.59132,0.4983,0.52175,0.53884,0.69076,0.64961,0.64751,0.63432,0.5095,0.51289,0.69621,0.7584,0.32045,0.39954,0.86936,0.85445,0.5197,0.70529,0.25357,0.60325,0.35233,0.42378,0.69745,0.73648,0.80724,0.7862,1,0.96695,0.73246,0.63559,0.71538,0.64953,0.49809,0.47768,0.7359,0.71327,0.70803,0.76848,0.68932,0.67868,0.63274,0.62807,0.45736,0.43588,0.22556,0.21435,0.53014,0.48563,0.68361,0.74424,0.63455,0.66596,0.52435,0.51562,0.61482,0.46623,0.78194,0.75122,0.85821,0.87564,0.71972,0.79667,0.37736,0.61675,0.39693,0.41675,0.4546,0.42218,0.49197,0.54556,0.4885,0.37933,0.40742,0.44048,0.5273,0.44185,0.59744,0.54293,0.57796,0.48932,0.58848,0.55831,0.56903,0.41904,0.70599,0.62516,0.42332,0.29459,0.50879,0.33783,0.47328,0.28009,0.633,0.62592,0.53699,0.55792,0.79502,0.77652,0.47034,0.50604,0.34614,0.19013,0.51718,0.40363,0.50346,0.4589,0.62035,-0.062834
0.72094,0.72684,0.83009,0.85222,0.61766,0.62032,0.77731,0.79309,0.67524,0.54896,0.5282,0.53623,0.67873,0.66656,0.63685,0.6124,0.50844,0.51983,0.73348,0.78661,0.35746,0.42407,0.84252,0.83579,0.52915,0.69791,0.30123,0.58337,0.35002,0.40845,0.70854,0.75169,0.85046,0.8219,0.96695,1,0.78377,0.69396,0.74139,0.68303,0.53653,0.52357,0.74971,0.7223,0.73369,0.79034,0.71026,0.70181,0.65514,0.68556,0.48617,0.49761,0.21448,0.26375,0.5546,0.53809,0.69763,0.74088,0.63291,0.68959,0.51424,0.55436,0.59487,0.48526,0.75868,0.75395,0.90038,0.89837,0.76581,0.84028,0.42845,0.64275,0.44874,0.46927,0.47619,0.45957,0.55844,0.61354,0.4784,0.36115,0.42749,0.44671,0.5228,0.44036,0.53879,0.5233,0.51836,0.42803,0.62846,0.58391,0.61874,0.49299,0.75705,0.68026,0.45302,0.3208,0.5722,0.41163,0.52363,0.35152,0.67298,0.68386,0.58189,0.61215,0.80948,0.78545,0.52785,0.55838,0.38986,0.25003,0.59483,0.47604,0.57095,0.50117,0.64345,-0.063052
0.68004,0.62199,0.81583,0.76243,0.68779,0.73363,0.78532,0.77852,0.75378,0.69531,0.66935,0.56352,0.68679,0.65982,0.69472,0.53498,0.48478,0.46242,0.76715,0.70816,0.52178,0.53525,0.65978,0.59497,0.47836,0.49946,0.39104,0.53158,0.46981,0.44949,0.59687,0.59868,0.80529,0.71823,0.73246,0.78377,1,0.92729,0.80486,0.74009,0.76775,0.73919,0.70929,0.67553,0.68722,0.63842,0.70177,0.69971,0.62745,0.6461,0.5516,0.5564,0.3359,0.44795,0.67647,0.70973,0.60692,0.60457,0.49681,0.5107,0.38164,0.37793,0.42961,0.2865,0.54225,0.45891,0.8174,0.70804,0.71546,0.76968,0.73746,0.80374,0.71287,0.73846,0.71374,0.67913,0.76925,0.79453,0.4967,0.3523,0.53436,0.47053,0.59206,0.49029,0.45923,0.38877,0.51971,0.42849,0.7279,0.65709,0.73341,0.67191,0.81848,0.76322,0.60032,0.51689,0.75654,0.65065,0.74841,0.64559,0.80617,0.79992,0.79839,0.80456,0.87208,0.85165,0.73866,0.74048,0.5737,0.45881,0.76725,0.69398,0.75325,0.72734,0.81382,0.18225
0.62239,0.56148,0.75521,0.71289,0.65079,0.69537,0.72331,0.71728,0.7279,0.68374,0.61734,0.51255,0.61765,0.62001,0.60535,0.4551,0.42825,0.42606,0.72694,0.64703,0.52783,0.53212,0.57565,0.51844,0.42154,0.4181,0.32972,0.46377,0.42904,0.40845,0.53898,0.5369,0.74466,0.6494,0.63559,0.69396,0.92729,1,0.76868,0.77216,0.75121,0.79004,0.62781,0.57775,0.62514,0.56487,0.62907,0.62348,0.55262,0.60485,0.48672,0.51316,0.27657,0.43302,0.62514,0.6766,0.55012,0.54851,0.45403,0.45653,0.34624,0.33917,0.36428,0.23195,0.47724,0.41052,0.7435,0.62875,0.67329,0.70572,0.75212,0.79891,0.73898,0.77853,0.70838,0.69618,0.72934,0.75651,0.42367,0.29919,0.50309,0.43815,0.522,0.47902,0.39866,0.36588,0.44224,0.39858,0.71501,0.64804,0.70311,0.67682,0.78252,0.74786,0.62886,0.57507,0.76485,0.67773,0.73664,0.66199,0.76882,0.78181,0.76612,0.78279,0.81112,0.80039,0.72579,0.71539,0.60398,0.50502,0.74931,0.69383,0.73848,0.70523,0.77808,0.20396
0.61126,0.60966,0.65837,0.70234,0.45902,0.53685,0.60695,0.64933,0.5531,0.46411,0.45323,0.46171,0.52733,0.53083,0.54725,0.54463,0.35678,0.35518,0.62432,0.68733,0.58983,0.59826,0.69133,0.68229,0.45887,0.58306,0.25858,0.55287,0.38484,0.4669,0.62634,0.6595,0.73475,0.67436,0.71538,0.74139,0.80486,0.76868,1,0.86652,0.67477,0.66986,0.6462,0.5889,0.60397,0.66758,0.64976,0.64468,0.56293,0.56172,0.44707,0.40058,0.1984,0.19519,0.69475,0.57315,0.59289,0.62272,0.53984,0.53904,0.50038,0.39023,0.48406,0.31799,0.58652,0.55529,0.74061,0.74735,0.70272,0.7093,0.39636,0.5352,0.50742,0.52603,0.55541,0.49613,0.46043,0.51013,0.32882,0.20128,0.30248,0.29406,0.47139,0.43508,0.44971,0.41101,0.46942,0.38921,0.56662,0.51198,0.52156,0.39323,0.62924,0.55665,0.58914,0.49704,0.58787,0.48541,0.52644,0.37102,0.60085,0.56132,0.51234,0.55459,0.73161,0.72232,0.57054,0.57608,0.4161,0.29405,0.51159,0.46077,0.53648,0.51517,0.62216,0.024178
0.57505,0.63353,0.64349,0.69089,0.40957,0.53443,0.59878,0.65216,0.5037,0.46246,0.44901,0.46759,0.5245,0.55372,0.5345,0.57588,0.40758,0.43019,0.60047,0.68839,0.54065,0.6245,0.64871,0.65139,0.36465,0.55283,0.15775,0.47491,0.42433,0.50866,0.63731,0.67459,0.72879,0.69732,0.64953,0.68303,0.74009,0.77216,0.86652,1,0.69882,0.74049,0.63362,0.58492,0.59347,0.64962,0.6451,0.63329,0.55105,0.48498,0.39898,0.36136,0.17563,0.131,0.65807,0.56921,0.61544,0.66034,0.54105,0.52219,0.49668,0.4074,0.50417,0.38835,0.54439,0.52981,0.6958,0.73392,0.68199,0.68605,0.36642,0.54335,0.52863,0.53958,0.50724,0.44754,0.38071,0.4452,0.39078,0.2713,0.33789,0.38638,0.47954,0.51288,0.39281,0.41734,0.49797,0.41605,0.51181,0.47176,0.42035,0.28854,0.54994,0.48859,0.53018,0.4735,0.55722,0.44511,0.46638,0.31287,0.51674,0.51597,0.43304,0.47322,0.6669,0.63307,0.47654,0.53116,0.36049,0.29107,0.47348,0.41735,0.46006,0.42737,0.54337,-0.075388
0.63574,0.59041,0.62482,0.55314,0.44035,0.56187,0.62496,0.61598,0.55257,0.61195,0.65638,0.48531,0.57571,0.52974,0.64731,0.54133,0.58617,0.54528,0.62083,0.56525,0.52826,0.56155,0.49002,0.43691,0.29934,0.34792,0.1678,0.31415,0.68677,0.64063,0.61186,0.60289,0.64772,0.63266,0.49809,0.53653,0.76775,0.75121,0.67477,0.69882,1,0.8715,0.55689,0.5283,0.5488,0.52884,0.56643,0.54964,0.51487,0.43547,0.35229,0.34398,0.27119,0.2709,0.53091,0.53856,0.62525,0.57065,0.48926,0.38504,0.44552,0.34275,0.43563,0.30808,0.38943,0.2971,0.57787,0.54124,0.55146,0.53568,0.57134,0.59734,0.73231,0.68256,0.67322,0.60931,0.52747,0.56061,0.57409,0.48488,0.49788,0.48838,0.63265,0.63382,0.22648,0.18922,0.48584,0.35403,0.49296,0.43293,0.385,0.34793,0.4886,0.43584,0.41195,0.32316,0.54254,0.43215,0.49807,0.43919,0.53295,0.53916,0.51378,0.53008,0.59924,0.55785,0.46057,0.47833,0.34286,0.26916,0.50528,0.48301,0.47461,0.49145,0.57314,0.067612
0.6126,0.5902,0.62669,0.57534,0.45352,0.51221,0.63319,0.60966,0.5919,0.59707,0.59812,0.49482,0.54998,0.54571,0.56775,0.47872,0.51773,0.52027,0.63467,0.58139,0.48065,0.57318,0.48169,0.43809,0.25159,0.31074,0.13415,0.26201,0.57858,0.57644,0.54185,0.56559,0.62996,0.6047,0.47768,0.52357,0.73919,0.79004,0.66986,0.74049,0.8715,1,0.57974,0.53228,0.57106,0.53839,0.58799,0.55952,0.5268,0.44431,0.38712,0.37043,0.27023,0.29846,0.51332,0.48739,0.60059,0.56178,0.46075,0.34776,0.41137,0.33374,0.39656,0.30005,0.35229,0.30935,0.56505,0.52016,0.5566,0.5389,0.6065,0.65114,0.71866,0.73346,0.65556,0.67925,0.54803,0.59884,0.50317,0.42818,0.5092,0.51169,0.56651,0.62426,0.22993,0.24813,0.4547,0.35473,0.53042,0.44618,0.44022,0.40137,0.55516,0.51179,0.46911,0.38292,0.61009,0.4908,0.57637,0.48563,0.60964,0.59826,0.54735,0.5722,0.6192,0.58627,0.49855,0.53852,0.46754,0.35031,0.54907,0.5151,0.50921,0.49141,0.58838,0.047183
0.61981,0.71505,0.76085,0.6946,0.67944,0.68198,0.7675,0.73667,0.66467,0.61829,0.51885,0.47337,0.57018,0.60252,0.58198,0.51765,0.64056,0.66281,0.64774,0.69747,0.2472,0.34189,0.62474,0.57031,0.37248,0.47396,0.10665,0.32363,0.49309,0.51717,0.60124,0.62215,0.79753,0.76865,0.7359,0.74971,0.70929,0.62781,0.6462,0.63362,0.55689,0.57974,1,0.96854,0.9654,0.91602,0.98133,0.95872,0.90484,0.69546,0.56187,0.5562,0.40146,0.37311,0.68698,0.60526,0.75175,0.81757,0.65095,0.64152,0.45057,0.44572,0.58501,0.42374,0.50821,0.47213,0.87331,0.84495,0.72089,0.8082,0.42287,0.54905,0.54755,0.54667,0.55392,0.58453,0.52127,0.62014,0.631,0.53065,0.49168,0.55802,0.47336,0.46172,0.2399,0.21602,0.4392,0.27567,0.44487,0.43029,0.46655,0.39214,0.5896,0.46913,0.51318,0.36974,0.68446,0.47281,0.66122,0.44644,0.62772,0.60299,0.53816,0.57037,0.74045,0.70113,0.51168,0.60852,0.40448,0.31529,0.60146,0.49001,0.5019,0.5013,0.66176,-0.083788
