1,0.85005,0.87195,0.85175,0.78012,0.76123,0.80074,0.8046,0.71522,0.69146,0.80237,0.79843,0.75241,0.72796,0.69257,0.70868,0.69519,0.69939,0.88219,0.82854,0.52032,0.48898,0.79212,0.76964,0.73408,0.67769,0.70835,0.66383,0.52391,0.57624,0.58792,0.55869,0.78001,0.71519,0.74896,0.6363,0.53576,0.47417,0.51622,0.56511,0.12387,0.2841,0.70123,0.65778,0.66912,0.67392,0.68509,0.65386,0.7354,0.75232,0.74848,0.64245,0.74557,0.67498,0.70067,0.64149,0.889,0.81324,0.80494,0.80889,0.75415,0.72316,0.71303,0.76484,0.60903,0.60625,0.77288,0.74765,0.68677,0.61283,0.25475,0.28945,0.33288,0.31956,0.1132,0.27705,0.41412,0.38349,0.44177,0.52532,0.55221,0.60375,0.50857,0.64136,0.57636,0.63232,0.42289,0.64513,0.73797,0.69919,0.48107,0.59881,0.50523,0.66927,0.04825,0.074555,0.23153,0.084872,0.36089,0.26939,0.42664,0.42493,0.20909,0.10405,0.12254,0.14103,0.3366,-0.16795,0.10479,0.10958,0.18877,0.27609,0.20153,0.054582,0.025337,0.00060457
0.85005,1,0.78884,0.84132,0.70621,0.72253,0.71355,0.74629,0.59339,0.60555,0.68152,0.72859,0.63576,0.65343,0.59289,0.67055,0.71053,0.76049,0.83826,0.88998,0.54728,0.51531,0.69992,0.69461,0.66007,0.61536,0.63828,0.57516,0.46314,0.54784,0.54263,0.54394,0.78786,0.76621,0.74025,0.69664,0.53612,0.47292,0.53226,0.56621,0.098782,0.31535,0.74444,0.74522,0.74976,0.7798,0.7088,0.72166,0.77046,0.75375,0.65557,0.5632,0.6695,0.5928,0.66243,0.63413,0.89131,0.94324,0.71769,0.76263,0.6586,0.64222,0.68052,0.80623,0.54091,0.55621,0.7916,0.78106,0.78911,0.77285,0.35005,0.38083,0.38934,0.3973,0.18457,0.39856,0.49003,0.4666,0.43795,0.57305,0.55978,0.61803,0.45789,0.62106,0.53081,0.59102,0.38988,0.58739,0.70889,0.64302,0.50117,0.59908,0.54457,0.68704,0.10739,0.17016,0.3233,0.12641,0.43213,0.28002,0.50141,0.46073,0.31169,0.15251,0.19234,0.20795,0.42598,-0.14761,0.16031,0.14673,0.2214,0.2995,0.20647,0.10062,0.074397,-0.011993
0.87195,0.78884,1,0.94038,0.8095,0.76579,0.90546,0.90782,0.71082,0.71693,0.82618,0.84051,0.83472,0.84139,0.79481,0.80915,0.64782,0.67358,0.90377,0.82444,0.58912,0.55307,0.92616,0.89874,0.86048,0.78085,0.82416,0.77362,0.60557,0.62146,0.69136,0.62709,0.77985,0.70628,0.78365,0.62086,0.5555,0.4851,0.597,0.65303,0.18936,0.328,0.68756,0.64734,0.66505,0.68381,0.69893,0.64469,0.70998,0.75566,0.73037,0.68876,0.73526,0.66711,0.76222,0.69452,0.75182,0.76296,0.7678,0.80522,0.72523,0.73669,0.74116,0.76532,0.74489,0.65698,0.85235,0.82314,0.61883,0.57805,0.29021,0.31422,0.33414,0.30941,0.091715,0.23175,0.2943,0.26814,0.38984,0.48078,0.59621,0.66493,0.55123,0.73831,0.70181,0.74277,0.44682,0.74077,0.77458,0.73249,0.49926,0.63348,0.53411,0.70299,0.010868,0.053674,0.23626,0.045003,0.35383,0.24085,0.4372,0.42997,0.17331,0.090091,0.073405,0.17001,0.30234,-0.17007,0.050925,0.1005,0.15262,0.22331,0.17617,-0.036999,-0.048709,-0.032554
0.85175,0.84132,0.94038,1,0.81934,0.81416,0.90832,0.94024,0.738,0.7776,0.80654,0.85519,0.80671,0.83064,0.74274,0.83038,0.66382,0.69412,0.884,0.87691,0.65649,0.62593,0.90337,0.91543,0.82252,0.80473,0.79534,0.77793,0.60687,0.65838,0.72497,0.69156,0.83005,0.78411,0.80353,0.66736,0.57614,0.51534,0.63496,0.67529,0.19814,0.36224,0.68657,0.66267,0.67302,0.71724,0.69573,0.65867,0.71566,0.7508,0.71658,0.66918,0.71645,0.63171,0.76204,0.68987,0.75261,0.80059,0.76858,0.81983,0.74746,0.75146,0.73896,0.81523,0.7209,0.70669,0.87854,0.86575,0.6856,0.66169,0.36504,0.38171,0.38491,0.3684,0.1622,0.30524,0.3712,0.35228,0.3829,0.4974,0.60667,0.6759,0.57092,0.74966,0.68083,0.75674,0.44715,0.69109,0.78322,0.73348,0.54425,0.64202,0.58342,0.72127,0.08946,0.154,0.31283,0.10886,0.39974,0.25296,0.50973,0.47414,0.27185,0.15089,0.1711,0.24095,0.38467,-0.10836,0.13584,0.16472,0.20588,0.26178,0.20078,0.041177,0.040016,0.032767
0.78012,0.70621,0.8095,0.81934,1,0.84002,0.80743,0.78072,0.82708,0.7604,0.68983,0.70404,0.71958,0.67629,0.71529,0.67689,0.62051,0.65168,0.7625,0.73636,0.59484,0.51504,0.78804,0.76478,0.79436,0.73588,0.80329,0.76571,0.50085,0.52782,0.61202,0.58102,0.7712,0.69866,0.73059,0.63849,0.51486,0.45432,0.53104,0.53735,0.13382,0.26909,0.62734,0.58204,0.61312,0.62867,0.63666,0.58037,0.6657,0.70858,0.71465,0.66876,0.70014,0.60684,0.68503,0.6089,0.69639,0.73141,0.77763,0.78451,0.75547,0.73768,0.61921,0.70839,0.6713,0.6868,0.77511,0.75825,0.57777,0.55983,0.25523,0.28415,0.30591,0.27304,0.12025,0.23581,0.3631,0.33195,0.40846,0.49496,0.50034,0.58178,0.49768,0.59888,0.56546,0.63532,0.44217,0.60146,0.75312,0.6801,0.56061,0.59894,0.58357,0.68745,0.045897,0.067522,0.26408,0.091576,0.37596,0.29084,0.45537,0.46932,0.22419,0.14923,0.10294,0.21003,0.3474,-0.11357,0.049813,0.081897,0.227,0.27398,0.26391,0.030899,0.014495,0.056199
0.76123,0.72253,0.76579,0.81416,0.84002,1,0.77573,0.76242,0.76182,0.85046,0.62244,0.68776,0.64917,0.62993,0.61563,0.6869,0.58894,0.6177,0.73214,0.74568,0.6215,0.62125,0.76124,0.77015,0.74977,0.78117,0.74681,0.77449,0.42778,0.47711,0.63578,0.62252,0.8017,0.73877,0.75447,0.67148,0.53765,0.44006,0.54507,0.50838,0.1256,0.30086,0.65402,0.62253,0.64174,0.66213,0.64621,0.62487,0.66869,0.68693,0.69759,0.61584,0.66877,0.59408,0.67486,0.61742,0.68774,0.70291,0.72551,0.72849,0.71999,0.67445,0.59899,0.67241,0.61029,0.72509,0.76444,0.75939,0.6149,0.59299,0.37676,0.40268,0.39271,0.35212,0.24381,0.33484,0.45242,0.42322,0.36984,0.46466,0.49411,0.53042,0.50409,0.56436,0.52641,0.57607,0.4316,0.49184,0.72589,0.62576,0.61859,0.62919,0.61605,0.71642,0.13842,0.15612,0.37672,0.14981,0.47261,0.32982,0.50537,0.5236,0.3415,0.24772,0.30483,0.26752,0.41118,-0.042254,0.14417,0.15335,0.27816,0.31177,0.25186,0.20495,0.16624,0.15401
0.80074,0.71355,0.90546,0.90832,0.80743,0.77573,1,0.94398,0.81247,0.81065,0.84368,0.86564,0.90631,0.8605,0.79082,0.84087,0.64168,0.64059,0.81726,0.77211,0.62167,0.57808,0.90539,0.89717,0.81167,0.7901,0.77826,0.78963,0.6543,0.66184,0.74677,0.68393,0.75888,0.70703,0.75156,0.52665,0.43329,0.35408,0.53202,0.56623,0.11463,0.25029,0.60075,0.57423,0.58246,0.6141,0.61803,0.55882,0.63119,0.67546,0.72234,0.64887,0.66062,0.5885,0.70902,0.61899,0.64557,0.67812,0.7816,0.77626,0.82029,0.77542,0.72732,0.74759,0.72499,0.74873,0.81682,0.78554,0.5405,0.51305,0.35865,0.37703,0.32429,0.30503,0.10876,0.19437,0.26355,0.24478,0.40996,0.49491,0.60478,0.62827,0.59257,0.71965,0.65344,0.6915,0.41785,0.62781,0.72173,0.67368,0.45102,0.57119,0.47451,0.65271,0.082857,0.11256,0.25617,0.066439,0.32317,0.20872,0.43793,0.41328,0.21643,0.11843,0.13424,0.1921,0.31203,-0.087865,0.13652,0.1744,0.13072,0.13829,0.11989,-0.046943,-0.015749,0.0056528
0.8046,0.74629,0.90782,0.94024,0.78072,0.76242,0.94398,1,0.73743,0.78864,0.83313,0.90718,0.8711,0.9047,0.76511,0.8569,0.64172,0.63335,0.80834,0.77912,0.60141,0.5468,0.88156,0.89777,0.79434,0.79009,0.78284,0.76721,0.64408,0.66387,0.69262,0.63409,0.74335,0.69204,0.72803,0.52795,0.44221,0.39441,0.52651,0.60574,0.11039,0.253,0.63412,0.61584,0.59941,0.63779,0.64495,0.60223,0.64219,0.71052,0.72134,0.68663,0.6704,0.62101,0.71873,0.64872,0.66529,0.69941,0.7523,0.7925,0.76769,0.79494,0.73199,0.77076,0.70515,0.73155,0.823,0.81339,0.5842,0.55823,0.33184,0.3375,0.30568,0.28573,0.085394,0.19792,0.25659,0.24257,0.41572,0.49331,0.59905,0.64889,0.55338,0.72168,0.65235,0.71858,0.39734,0.64287,0.70405,0.68698,0.42923,0.55079,0.44524,0.61464,0.030907,0.11183,0.21377,0.053001,0.29664,0.17621,0.40865,0.36773,0.18196,0.080625,0.095597,0.17171,0.28455,-0.13687,0.12473,0.17056,0.10435,0.14658,0.11172,-0.056864,-0.040442,-0.053474
0.71522,0.59339,0.71082,0.738,0.82708,0.76182,0.81247,0.73743,1,0.83593,0.6873,0.69228,0.75944,0.67467,0.75097,0.68591,0.56491,0.56716,0.67363,0.65226,0.58146,0.49326,0.74503,0.72465,0.71098,0.67068,0.70727,0.76407,0.53026,0.54193,0.60505,0.57114,0.68615,0.64141,0.64146,0.50038,0.41919,0.3421,0.4767,0.45546,0.15863,0.22087,0.49808,0.46986,0.49363,0.52563,0.50275,0.44863,0.55614,0.59154,0.63161,0.54425,0.59474,0.46527,0.59353,0.51515,0.5877,0.60079,0.72719,0.71167,0.77204,0.70283,0.63068,0.66129,0.6621,0.69139,0.68052,0.64743,0.45825,0.43368,0.3311,0.33357,0.3321,0.28937,0.20828,0.20965,0.31416,0.28673,0.37557,0.44645,0.48951,0.53725,0.53301,0.57168,0.55556,0.60543,0.36002,0.51569,0.67946,0.61811,0.44787,0.51262,0.50607,0.63907,0.12523,0.14038,0.27291,0.13119,0.29855,0.25182,0.43988,0.46582,0.26663,0.2029,0.16174,0.26094,0.35517,0.027802,0.14961,0.14858,0.21278,0.19398,0.22402,0.065404,0.066008,0.10801
0.69146,0.60555,0.71693,0.7776,0.7604,0.85046,0.81065,0.78864,0.83593,1,0.66922,0.73162,0.74338,0.70487,0.70662,0.76214,0.55866,0.53755,0.64609,0.65554,0.63203,0.56277,0.7785,0.78295,0.70786,0.71555,0.68611,0.76871,0.50781,0.51128,0.64001,0.60851,0.72113,0.68166,0.69735,0.55417,0.42959,0.31427,0.53201,0.47267,0.1371,0.21019,0.53093,0.51015,0.52726,0.56468,0.53118,0.49738,0.57459,0.60492,0.6286,0.56477,0.5771,0.50194,0.62016,0.55232,0.57343,0.59501,0.71825,0.70293,0.77717,0.71876,0.61079,0.6583,0.64596,0.77662,0.71175,0.70223,0.45718,0.44954,0.37162,0.36527,0.34035,0.29138,0.21105,0.20692,0.3357,0.30783,0.37391,0.42885,0.49857,0.50652,0.56475,0.57045,0.53239,0.58096,0.3851,0.46602,0.6723,0.5981,0.50487,0.54503,0.5648,0.66122,0.15436,0.13984,0.31937,0.12694,0.33597,0.24215,0.47668,0.48653,0.26974,0.21073,0.26889,0.24989,0.3516,0.019666,0.15815,0.18496,0.20212,0.16473,0.18216,0.094327,0.13839,0.13763
0.80237,0.68152,0.82618,0.80654,0.68983,0.62244,0.84368,0.83313,0.6873,0.66922,1,0.85073,0.88522,0.8408,0.77558,0.78955,0.69546,0.664,0.79808,0.72682,0.53782,0.5125,0.83946,0.82572,0.72933,0.70105,0.70643,0.68778,0.73491,0.72137,0.70424,0.6504,0.67968,0.6439,0.67678,0.45841,0.36979,0.33341,0.45719,0.52776,0.11583,0.20627,0.54001,0.50325,0.49557,0.5206,0.56171,0.4988,0.55124,0.61538,0.66543,0.61035,0.63326,0.57582,0.65672,0.57165,0.67894,0.6613,0.71254,0.7273,0.73365,0.73287,0.74881,0.72849,0.66607,0.63753,0.71191,0.68857,0.47634,0.44408,0.31012,0.32797,0.29283,0.28528,0.096839,0.17548,0.20672,0.18983,0.50509,0.54598,0.6439,0.61846,0.6047,0.71483,0.62507,0.65749,0.40171,0.6233,0.62872,0.64928,0.37808,0.51241,0.36792,0.55571,0.040374,0.031828,0.16948,0.00027491,0.26306,0.17895,0.33435,0.32861,0.14341,0.049516,0.044468,0.10438,0.20838,-0.11593,0.10157,0.098971,0.040796,0.098092,0.078479,-0.052953,-0.043197,-0.0010121
0.79843,0.72859,0.84051,0.85519,0.70404,0.68776,0.86564,0.90718,0.69228,0.73162,0.85073,1,0.84,0.90489,0.73494,0.8296,0.64161,0.66154,0.77302,0.73984,0.54798,0.48816,0.83371,0.82671,0.75416,0.72206,0.74269,0.71776,0.6466,0.71197,0.66003,0.60068,0.7017,0.66321,0.69451,0.50676,0.38604,0.34415,0.4674,0.54748,0.10191,0.21896,0.58638,0.56791,0.54736,0.58504,0.62271,0.56852,0.60368,0.68006,0.72242,0.68501,0.69798,0.61767,0.71092,0.63168,0.65307,0.68084,0.74966,0.79502,0.76282,0.80301,0.75804,0.79144,0.68236,0.69126,0.77472,0.7619,0.54479,0.50692,0.33008,0.34232,0.30476,0.29329,0.065301,0.18693,0.23132,0.23675,0.44847,0.50674,0.61405,0.63814,0.56629,0.70051,0.6806,0.73908,0.39458,0.61804,0.69531,0.71211,0.41783,0.5568,0.41847,0.60411,0.071376,0.12138,0.22103,0.079673,0.30379,0.21057,0.41345,0.3738,0.19125,0.076383,0.071834,0.15523,0.25353,-0.13306,0.17889,0.16101,0.10101,0.16224,0.12697,-0.063141,-0.035534,-0.027734
0.75241,0.63576,0.83472,0.80671,0.71958,0.64917,0.90631,0.8711,0.75944,0.74338,0.88522,0.84,1,0.86532,0.86592,0.81936,0.62802,0.60504,0.74921,0.68144,0.56048,0.48416,0.85624,0.84482,0.78029,0.72191,0.72835,0.7331,0.69607,0.65054,0.67513,0.60404,0.65217,0.60968,0.66895,0.42,0.36665,0.26165,0.46889,0.50572,0.12894,0.17573,0.51848,0.49526,0.48702,0.52372,0.54458,0.48413,0.53326,0.60113,0.65364,0.59878,0.6044,0.53941,0.6407,0.56744,0.58623,0.60495,0.69882,0.70523,0.74201,0.73736,0.72051,0.70504,0.7016,0.66234,0.72238,0.69819,0.435,0.39993,0.34295,0.34564,0.29426,0.26052,0.084879,0.10615,0.18958,0.17363,0.45555,0.50598,0.62199,0.62335,0.62588,0.69651,0.66565,0.66981,0.42961,0.62994,0.63249,0.62382,0.34862,0.49276,0.36696,0.56324,0.054026,0.028446,0.19126,0.011987,0.23195,0.16074,0.33786,0.33645,0.13966,0.066292,0.090351,0.13203,0.23552,-0.10063,0.1029,0.16191,0.05333,0.055698,0.046835,-0.11575,-0.059034,-0.012683
0.72796,0.65343,0.84139,0.83064,0.67629,0.62993,0.8605,0.9047,0.67467,0.70487,0.8408,0.90489,0.86532,1,0.76795,0.85786,0.58029,0.59113,0.71699,0.6592,0.50401,0.43722,0.82917,0.83699,0.76138,0.72139,0.74484,0.70853,0.63835,0.67269,0.61388,0.5359,0.62371,0.57389,0.66457,0.45137,0.33154,0.31924,0.41785,0.53254,0.069341,0.17427,0.54229,0.51741,0.50447,0.54172,0.57457,0.51338,0.54793,0.63199,0.64822,0.65405,0.64091,0.58682,0.66601,0.59443,0.5883,0.62931,0.68102,0.72939,0.69781,0.76579,0.72253,0.73146,0.71405,0.68691,0.7501,0.74396,0.46396,0.4509,0.27089,0.27131,0.23148,0.23232,0.040903,0.12908,0.13098,0.12247,0.41938,0.46573,0.59635,0.64016,0.51446,0.67592,0.6727,0.73137,0.337,0.60846,0.65017,0.67003,0.36438,0.51107,0.38557,0.56387,-0.0047488,0.028267,0.12485,-0.014438,0.2238,0.13514,0.35133,0.31891,0.1227,0.027065,-0.0068297,0.10529,0.19376,-0.14883,0.071038,0.075473,0.0032897,0.075845,0.071506,-0.14729,-0.11988,-0.11676
0.69257,0.59289,0.79481,0.74274,0.71529,0.61563,0.79082,0.76511,0.75097,0.70662,0.77558,0.73494,0.86592,0.76795,1,0.80739,0.611,0.58302,0.71258,0.64164,0.64561,0.53162,0.82667,0.80238,0.82251,0.73511,0.76918,0.76278,0.69335,0.58791,0.66256,0.59061,0.64288,0.59283,0.62921,0.42786,0.38604,0.2525,0.53765,0.49534,0.20092,0.20505,0.47713,0.45712,0.46524,0.49495,0.48931,0.44075,0.50702,0.56625,0.59289,0.54064,0.53817,0.45223,0.60162,0.5322,0.56757,0.59759,0.65787,0.6799,0.68533,0.69537,0.70813,0.69885,0.75809,0.61488,0.67918,0.65139,0.38232,0.35684,0.36943,0.33709,0.29452,0.23516,0.12544,0.12679,0.19093,0.16298,0.45378,0.50351,0.6053,0.61696,0.74367,0.71988,0.66988,0.64926,0.47309,0.6527,0.62912,0.59173,0.33941,0.47263,0.40745,0.56995,0.0093182,0.033831,0.21338,0.059638,0.22302,0.18126,0.32684,0.36772,0.15041,0.1009,0.10338,0.17631,0.25087,-0.064407,0.056283,0.18099,0.10145,0.05348,0.079553,-0.07843,-0.048792,0.0033206
0.70868,0.67055,0.80915,0.83038,0.67689,0.6869,0.84087,0.8569,0.68591,0.76214,0.78955,0.8296,0.81936,0.85786,0.80739,1,0.59996,0.60792,0.73392,0.72244,0.65609,0.60559,0.8451,0.85767,0.75209,0.75641,0.75877,0.73442,0.69034,0.67887,0.72022,0.65325,0.68364,0.65325,0.6535,0.448,0.33136,0.25521,0.52642,0.52592,0.083514,0.24846,0.51133,0.51608,0.51189,0.56677,0.53104,0.50438,0.54181,0.56765,0.58428,0.51772,0.56446,0.46747,0.64161,0.54986,0.58633,0.6513,0.66652,0.69359,0.7076,0.68335,0.74857,0.76039,0.68278,0.65701,0.75662,0.73583,0.50565,0.49663,0.36864,0.36111,0.28353,0.26141,0.11089,0.17066,0.18942,0.16586,0.37042,0.48018,0.67292,0.64538,0.67531,0.81444,0.6819,0.68195,0.41671,0.58267,0.67743,0.60447,0.37996,0.49414,0.43562,0.57879,0.035291,0.098408,0.23702,0.060719,0.26673,0.15267,0.41416,0.35622,0.20006,0.09266,0.1546,0.20317,0.27433,-0.10084,0.090961,0.16728,0.069839,0.071336,0.065832,-0.054438,-0.004236,-0.0054117
0.69519,0.71053,0.64782,0.66382,0.62051,0.58894,0.64168,0.64172,0.56491,0.55866,0.69546,0.64161,0.62802,0.58029,0.611,0.59996,1,0.8757,0.67673,0.69882,0.52647,0.45239,0.66841,0.66129,0.60709,0.61648,0.58452,0.55552,0.70449,0.71179,0.63451,0.61477,0.69057,0.68844,0.61765,0.49214,0.33237,0.27547,0.36362,0.39951,0.040134,0.1655,0.61752,0.61006,0.57321,0.59673,0.59504,0.56233,0.59779,0.54986,0.59463,0.4612,0.57231,0.4809,0.59352,0.54395,0.77332,0.73054,0.60773,0.56944,0.62214,0.54611,0.74185,0.76961,0.4825,0.49009,0.66195,0.63713,0.54907,0.55222,0.3552,0.36312,0.33571,0.32186,0.19252,0.24609,0.32003,0.30237,0.80477,0.815,0.80716,0.74991,0.57394,0.6548,0.53071,0.52623,0.34767,0.49442,0.55139,0.49593,0.38016,0.45332,0.34055,0.48902,0.01714,0.084247,0.24727,0.081195,0.33438,0.23054,0.33763,0.3266,0.19546,0.095393,0.085588,0.12419,0.27453,-0.15627,0.091412,0.060102,0.08756,0.15098,0.12295,0.050646,0.052621,0.095909
0.69939,0.76049,0.67358,0.69412,0.65168,0.6177,0.64059,0.63335,0.56716,0.53755,0.664,0.66154,0.60504,0.59113,0.58302,0.60792,0.8757,1,0.7058,0.73677,0.48793,0.4338,0.68847,0.674,0.62679,0.6312,0.65547,0.60498,0.58496,0.70725,0.58895,0.58509,0.70703,0.70949,0.65626,0.57203,0.36315,0.35088,0.35184,0.40884,0.036063,0.23758,0.61742,0.60572,0.57419,0.60876,0.60507,0.57461,0.5933,0.58513,0.59998,0.48071,0.6294,0.49884,0.59924,0.54756,0.76944,0.79617,0.61504,0.6047,0.61441,0.56582,0.73849,0.81296,0.55603,0.51147,0.68775,0.67754,0.57412,0.59398,0.3067,0.35956,0.33579,0.32884,0.18869,0.28639,0.33714,0.33488,0.66192,0.80274,0.73907,0.80395,0.46613,0.66457,0.59076,0.60252,0.33018,0.51379,0.64252,0.5788,0.43843,0.51245,0.40964,0.54833,-0.021028,0.058194,0.23125,0.055404,0.36109,0.25704,0.39681,0.36734,0.23451,0.094141,0.062393,0.15252,0.29301,-0.1989,0.059705,-0.021588,0.11886,0.2207,0.19365,0.027202,0.030492,0.066528
0.88219,0.83826,0.90377,0.884,0.7625,0.73214,0.81726,0.80834,0.67363,0.64609,0.79808,0.77302,0.74921,0.71699,0.71258,0.73392,0.67673,0.7058,1,0.93358,0.58067,0.58489,0.85438,0.81843,0.77272,0.71165,0.74843,0.70309,0.58577,0.63486,0.70498,0.6811,0.85508,0.8218,0.76022,0.635,0.56384,0.51834,0.59783,0.65345,0.17764,0.35936,0.66057,0.62341,0.63642,0.64951,0.65882,0.62175,0.67351,0.70015,0.67074,0.60123,0.6868,0.61399,0.69057,0.62081,0.80268,0.79127,0.74916,0.77114,0.7058,0.68218,0.72205,0.76898,0.6631,0.58552,0.81178,0.77399,0.72396,0.67713,0.27919,0.3254,0.3592,0.34423,0.13139,0.27856,0.37134,0.34915,0.40394,0.50931,0.5793,0.64178,0.53598,0.71199,0.61992,0.65174,0.42091,0.69841,0.73039,0.67812,0.44805,0.57439,0.48587,0.66181,0.048331,0.085242,0.23121,0.045143,0.32773,0.20228,0.38287,0.39823,0.17702,0.05234,0.080865,0.1389,0.31623,-0.18347,0.075022,0.11012,0.16254,0.21223,0.13985,0.00067576,-0.016792,0.002161
0.82854,0.88998,0.82444,0.87691,0.73636,0.74568,0.77211,0.77912,0.65226,0.65554,0.72682,0.73984,0.68144,0.6592,0.64164,0.72244,0.69882,0.73677,0.93358,1,0.64587,0.65069,0.79751,0.78208,0.71127,0.68667,0.69175,0.65023,0.55616,0.64441,0.72194,0.72902,0.89398,0.9,0.76206,0.68157,0.55947,0.50876,0.61305,0.64249,0.16179,0.37607,0.68486,0.67176,0.68259,0.71586,0.67509,0.66644,0.70719,0.6935,0.64423,0.55861,0.65328,0.56571,0.6822,0.62128,0.80772,0.8359,0.73981,0.76445,0.68772,0.64078,0.71517,0.80446,0.60085,0.58511,0.83728,0.80783,0.81381,0.796,0.37133,0.42077,0.4215,0.41804,0.21324,0.36237,0.46106,0.44922,0.41483,0.55003,0.62059,0.64821,0.54903,0.70662,0.60143,0.62827,0.43347,0.62822,0.7254,0.64609,0.49606,0.58783,0.5325,0.67967,0.15099,0.19988,0.34298,0.14381,0.41334,0.25514,0.47146,0.45172,0.29331,0.13753,0.20505,0.23172,0.43329,-0.12312,0.15725,0.16837,0.22286,0.26471,0.16918,0.099471,0.091891,0.062398
0.52032,0.54728,0.58912,0.65649,0.59484,0.6215,0.62167,0.60141,0.58146,0.63203,0.53782,0.54798,0.56048,0.50401,0.64561,0.65609,0.52647,0.48793,0.58067,0.64587,1,0.86089,0.69507,0.70604,0.62262,0.65577,0.61914,0.6283,0.56853,0.51341,0.77709,0.76822,0.70169,0.71507,0.60115,0.50682,0.46215,0.32902,0.68631,0.53356,0.36871,0.38976,0.47338,0.46944,0.49343,0.51767,0.47615,0.45778,0.49741,0.45467,0.4815,0.43878,0.39732,0.34194,0.5598,0.51432,0.49239,0.52269,0.52295,0.52788,0.54636,0.49359,0.52738,0.57377,0.53268,0.5455,0.64218,0.63265,0.43609,0.43779,0.53564,0.50429,0.49175,0.43444,0.37585,0.33703,0.38456,0.37208,0.38828,0.43471,0.55807,0.50618,0.70548,0.62601,0.52549,0.52232,0.53582,0.43744,0.52015,0.4557,0.46885,0.47194,0.4789,0.56183,0.18813,0.24161,0.43693,0.25901,0.39748,0.27494,0.43386,0.47708,0.34832,0.29192,0.3822,0.34636,0.4033,0.066322,0.17032,0.2515,0.22923,0.16958,0.13537,0.22877,0.26134,0.23652
0.48898,0.51531,0.55307,0.62593,0.51504,0.62125,0.57808,0.5468,0.49326,0.56277,0.5125,0.48816,0.48416,0.43722,0.53162,0.60559,0.45239,0.4338,0.58489,0.65069,0.86089,1,0.65037,0.66536,0.54098,0.62218,0.56018,0.58879,0.52975,0.505,0.76686,0.80547,0.70797,0.72737,0.59533,0.52695,0.51675,0.41919,0.69875,0.57881,0.36051,0.50689,0.41763,0.42494,0.44652,0.49068,0.43591,0.44798,0.45219,0.42843,0.44748,0.39051,0.37284,0.33358,0.52183,0.48357,0.46346,0.48736,0.49522,0.50276,0.52797,0.46963,0.4753,0.50999,0.49426,0.54101,0.60371,0.59516,0.472,0.47892,0.57064,0.59746,0.52814,0.50444,0.41655,0.44344,0.43668,0.42303,0.27709,0.37266,0.51429,0.43209,0.63912,0.62561,0.50459,0.49861,0.51933,0.42391,0.48787,0.44857,0.50718,0.50905,0.48892,0.58185,0.3007,0.31684,0.48627,0.30502,0.46709,0.32729,0.47634,0.49675,0.42186,0.34877,0.48303,0.39727,0.47193,0.15096,0.24122,0.28471,0.29643,0.25699,0.16398,0.32628,0.33753,0.30306
0.79212,0.69992,0.92616,0.90337,0.78804,0.76124,0.90539,0.88156,0.74503,0.7785,0.83946,0.83371,0.85624,0.82917,0.82667,0.8451,0.66841,0.68847,0.85438,0.79751,0.69507,0.65037,1,0.96928,0.88308,0.84662,0.86533,0.84887,0.67167,0.6768,0.8317,0.77489,0.81321,0.76918,0.8013,0.59577,0.51117,0.42172,0.61167,0.61941,0.20895,0.29555,0.59912,0.55196,0.56152,0.58881,0.62205,0.54463,0.60557,0.64645,0.68275,0.63491,0.67781,0.59407,0.72661,0.63982,0.66353,0.68715,0.73259,0.75774,0.74969,0.73372,0.75318,0.75523,0.79397,0.71731,0.83252,0.80695,0.52304,0.49782,0.33553,0.35638,0.35541,0.31657,0.13316,0.20077,0.27137,0.25494,0.43467,0.51253,0.65775,0.6848,0.63203,0.75219,0.73088,0.74016,0.46325,0.6829,0.73598,0.69029,0.48199,0.58825,0.50605,0.67592,0.024494,0.044166,0.25058,0.032442,0.31673,0.19388,0.40689,0.42282,0.17739,0.10291,0.11215,0.19243,0.27464,-0.14257,0.056607,0.086102,0.10909,0.14081,0.117,-0.031162,0.00091516,0.063504
0.76964,0.69461,0.89874,0.91543,0.76478,0.77015,0.89717,0.89777,0.72465,0.78295,0.82572,0.82671,0.84482,0.83699,0.80238,0.85767,0.66129,0.674,0.81843,0.78208,0.70604,0.66536,0.96928,1,0.85245,0.8641,0.83974,0.83515,0.67305,0.66761,0.82214,0.77963,0.79148,0.75504,0.78846,0.57388,0.47495,0.38638,0.58388,0.59123,0.18999,0.27803,0.57523,0.54287,0.54219,0.58177,0.58754,0.52522,0.57563,0.60671,0.64609,0.59517,0.64625,0.5608,0.69136,0.60263,0.64571,0.66896,0.68774,0.71645,0.72631,0.71714,0.75537,0.75652,0.77453,0.72485,0.8242,0.81314,0.51365,0.48978,0.36681,0.3731,0.35237,0.31825,0.15364,0.21196,0.27686,0.26181,0.43861,0.51877,0.66861,0.69782,0.63715,0.74388,0.71562,0.74098,0.46483,0.64143,0.69522,0.64718,0.45671,0.54577,0.47612,0.62827,0.017832,0.066547,0.24286,0.029717,0.29171,0.15069,0.39761,0.39039,0.19019,0.1074,0.15162,0.19586,0.26669,-0.1459,0.077284,0.12548,0.086055,0.10239,0.077567,-0.032655,0.0022149,0.051836
0.73408,0.66007,0.86048,0.82252,0.79436,0.74977,0.81167,0.79434,0.71098,0.70786,0.72933,0.75416,0.78029,0.76138,0.82251,0.75209,0.60709,0.62679,0.77272,0.71127,0.62262,0.54098,0.88308,0.85245,1,0.88795,0.86701,0.84001,0.58385,0.57109,0.70033,0.61382,0.74824,0.66916,0.74342,0.54802,0.47107,0.3664,0.56416,0.57572,0.14134,0.22634,0.62316,0.57931,0.59857,0.61289,0.64863,0.57482,0.6277,0.6678,0.6981,0.66328,0.66916,0.60217,0.7118,0.64999,0.63285,0.67241,0.68562,0.73263,0.65925,0.6748,0.67708,0.72378,0.7837,0.64592,0.80732,0.78986,0.50728,0.47754,0.2876,0.28919,0.30216,0.27561,0.06741,0.17277,0.19894,0.18638,0.39591,0.46243,0.56912,0.6257,0.59292,0.66364,0.64673,0.68892,0.42511,0.62602,0.68999,0.64519,0.45934,0.56337,0.47917,0.63825,0.0052482,0.013726,0.26628,0.062305,0.32478,0.22986,0.38546,0.38958,0.15908,0.088444,0.070309,0.16936,0.28511,-0.16879,0.042776,0.11709,0.13371,0.16054,0.10877,-0.076148,-0.060402,0.00025232
0.67769,0.61536,0.78085,0.80473,0.73588,0.78117,0.7901,0.79009,0.67068,0.71555,0.70105,0.72206,0.72191,0.72139,0.73511,0.75641,0.61648,0.6312,0.71165,0.68667,0.65577,0.62218,0.84662,0.8641,0.88795,1,0.83826,0.84755,0.59826,0.60256,0.76719,0.70224,0.74658,0.67876,0.72906,0.52553,0.43378,0.34714,0.53609,0.54221,0.094179,0.21145,0.58179,0.54806,0.52608,0.553,0.59548,0.53118,0.54439,0.57459,0.65782,0.5974,0.61433,0.56128,0.67443,0.59822,0.578,0.626,0.6187,0.65072,0.63927,0.62725,0.63405,0.69352,0.69086,0.66659,0.76163,0.76278,0.4967,0.47229,0.31298,0.31871,0.26662,0.23681,0.10548,0.19112,0.21663,0.20186,0.42018,0.50207,0.59781,0.60236,0.60616,0.67667,0.5634,0.61507,0.38026,0.50307,0.61122,0.57413,0.44528,0.50813,0.41111,0.55236,-0.015246,0.073106,0.25323,0.05528,0.3173,0.17882,0.35405,0.32841,0.21202,0.088315,0.13812,0.1883,0.25372,-0.12126,0.090749,0.12386,0.082917,0.11997,0.076142,0.010658,-0.018242,0.054959
0.70835,0.63828,0.82416,0.79534,0.80329,0.74681,0.77826,0.78284,0.70727,0.68611,0.70643,0.74269,0.72835,0.74484,0.76918,0.75877,0.58452,0.65547,0.74843,0.69175,0.61914,0.56018,0.86533,0.83974,0.86701,0.83826,1,0.869,0.54989,0.57897,0.66351,0.59268,0.71688,0.6455,0.69277,0.53178,0.44879,0.40045,0.5194,0.55746,0.11892,0.24598,0.55927,0.52099,0.53081,0.54936,0.57763,0.51245,0.56177,0.62312,0.65535,0.61399,0.63415,0.54426,0.65698,0.58105,0.60925,0.65998,0.63849,0.70781,0.64691,0.68977,0.67417,0.69383,0.76094,0.65426,0.75117,0.7418,0.50761,0.48746,0.24524,0.27588,0.25554,0.23699,0.069126,0.16958,0.21074,0.19057,0.37661,0.46778,0.55527,0.6278,0.51104,0.65326,0.63976,0.67818,0.4302,0.59788,0.68789,0.63439,0.44374,0.52955,0.44472,0.59791,-0.052954,0.024785,0.2087,0.034263,0.3074,0.20022,0.32809,0.3262,0.14039,0.061532,0.048391,0.16958,0.23335,-0.15439,0.010419,0.02476,0.099191,0.18104,0.14521,-0.027008,-0.060656,0.012038
0.66383,0.57516,0.77362,0.77793,0.76571,0.77449,0.78963,0.76721,0.76407,0.76871,0.68778,0.71776,0.7331,0.70853,0.76278,0.73442,0.55552,0.60498,0.70309,0.65023,0.6283,0.58879,0.84887,0.83515,0.84001,0.84755,0.869,1,0.57697,0.5954,0.69019,0.62778,0.71685,0.65006,0.70111,0.53754,0.47556,0.42052,0.53211,0.55633,0.16592,0.25184,0.48767,0.443,0.44666,0.47067,0.49902,0.43408,0.48263,0.54822,0.6117,0.56306,0.57718,0.49757,0.60649,0.53598,0.55608,0.58644,0.6191,0.64218,0.67171,0.67242,0.62726,0.64102,0.77467,0.69364,0.70833,0.69327,0.46338,0.44297,0.29687,0.30961,0.29449,0.2537,0.15325,0.16598,0.25563,0.24364,0.35954,0.41742,0.50032,0.54933,0.5238,0.63002,0.59524,0.63876,0.35599,0.54825,0.64251,0.60968,0.43674,0.49892,0.46401,0.59836,0.021646,0.093792,0.22185,0.060287,0.24891,0.17684,0.3541,0.39109,0.1766,0.10507,0.11166,0.2102,0.25733,-0.063269,0.084617,0.096464,0.15132,0.15646,0.16199,0.025095,-0.002031,0.091849
0.52391,0.46314,0.60557,0.60687,0.50085,0.42778,0.6543,0.64408,0.53026,0.50781,0.73491,0.6466,0.69607,0.63835,0.69335,0.69034,0.70449,0.58496,0.58577,0.55616,0.56853,0.52975,0.67167,0.67305,0.58385,0.59826,0.54989,0.57697,1,0.85542,0.74308,0.68337,0.53698,0.55059,0.45482,0.25384,0.27003,0.25213,0.43224,0.45671,0.22699,0.2546,0.34538,0.34584,0.32643,0.35713,0.3734,0.32474,0.35196,0.35842,0.43218,0.35718,0.38518,0.28727,0.51865,0.42585,0.45789,0.46166,0.47425,0.47201,0.54228,0.52845,0.64882,0.61058,0.48645,0.43624,0.52345,0.48634,0.33522,0.33199,0.41895,0.39667,0.32671,0.29951,0.16693,0.13446,0.12858,0.13149,0.60797,0.55465,0.75319,0.57905,0.69804,0.80919,0.58565,0.53768,0.39088,0.54169,0.45556,0.46964,0.21311,0.31591,0.19327,0.34995,0.10819,0.13368,0.21486,0.093527,0.19019,0.11635,0.2251,0.21722,0.13582,0.068865,0.053556,0.14878,0.17108,0.028855,0.1367,0.19658,0.054524,0.041478,0.029236,0.0084243,0.015217,0.10362
0.57624,0.54784,0.62146,0.65838,0.52782,0.47711,0.66184,0.66387,0.54193,0.51128,0.72137,0.71197,0.65054,0.67269,0.58791,0.67887,0.71179,0.70725,0.63486,0.64441,0.51341,0.505,0.6768,0.66761,0.57109,0.60256,0.57897,0.5954,0.85542,1,0.71379,0.68436,0.61251,0.64358,0.52434,0.38641,0.33018,0.38111,0.44252,0.53069,0.21795,0.34936,0.41487,0.41749,0.39552,0.44329,0.46896,0.41433,0.42976,0.45154,0.51604,0.43488,0.50806,0.37132,0.59777,0.50816,0.53111,0.56053,0.54443,0.55266,0.58559,0.56726,0.68283,0.6957,0.52302,0.47516,0.6058,0.57758,0.47005,0.4784,0.40196,0.43914,0.38527,0.40008,0.20447,0.21631,0.20601,0.22997,0.58889,0.61865,0.75033,0.6512,0.55166,0.81424,0.64333,0.63784,0.35876,0.57081,0.56395,0.59306,0.32808,0.42741,0.29294,0.4492,0.14506,0.17383,0.25633,0.12561,0.29457,0.21468,0.32828,0.29734,0.21089,0.10417,0.049701,0.20373,0.24561,0.0024824,0.17525,0.068964,0.10671,0.20644,0.1703,0.067874,0.058216,0.1491
0.58792,0.54263,0.69136,0.72497,0.61202,0.63578,0.74677,0.69262,0.60505,0.64001,0.70424,0.66003,0.67513,0.61388,0.66256,0.72022,0.63451,0.58895,0.70498,0.72194,0.77709,0.76686,0.8317,0.82214,0.70033,0.76719,0.66351,0.69019,0.74308,0.71379,1,0.95083,0.78233,0.80202,0.68031,0.47247,0.38638,0.294,0.579,0.50131,0.22676,0.27938,0.45246,0.42504,0.4369,0.46398,0.47573,0.41139,0.46434,0.42799,0.53241,0.43589,0.46752,0.38183,0.59727,0.49412,0.50253,0.52841,0.59529,0.57523,0.65135,0.55364,0.64531,0.64447,0.58736,0.59888,0.69251,0.65664,0.44255,0.43537,0.45592,0.46548,0.3739,0.33612,0.22172,0.22378,0.27944,0.28459,0.48095,0.52292,0.70501,0.58123,0.70498,0.72108,0.60947,0.55765,0.44597,0.47279,0.54616,0.49677,0.41266,0.45777,0.39349,0.52984,0.12952,0.15598,0.33597,0.12365,0.32809,0.18692,0.38348,0.38601,0.26614,0.17663,0.24152,0.2607,0.29234,-0.011927,0.14004,0.15833,0.13566,0.095067,0.054505,0.094134,0.14258,0.21879
0.55869,0.54394,0.62709,0.69156,0.58102,0.62252,0.68393,0.63409,0.57114,0.60851,0.6504,0.60068,0.60404,0.5359,0.59061,0.65325,0.61477,0.58509,0.6811,0.72902,0.76822,0.80547,0.77489,0.77963,0.61382,0.70224,0.59268,0.62778,0.68337,0.68436,0.95083,1,0.78631,0.83718,0.65844,0.49721,0.40376,0.32455,0.57731,0.49224,0.2476,0.30178,0.41709,0.39976,0.40976,0.44385,0.4321,0.39186,0.4374,0.39729,0.48149,0.39033,0.43139,0.34167,0.5344,0.45154,0.492,0.51934,0.5748,0.54543,0.61965,0.52233,0.59822,0.61285,0.54235,0.56926,0.65649,0.62416,0.45916,0.46052,0.44971,0.47841,0.39341,0.35736,0.25267,0.25269,0.34183,0.35538,0.47149,0.52165,0.66908,0.55861,0.66754,0.67898,0.57775,0.52421,0.47415,0.46878,0.52995,0.4771,0.42452,0.44724,0.40787,0.52464,0.18353,0.19442,0.35764,0.15099,0.3424,0.20283,0.39245,0.40953,0.29219,0.21252,0.30029,0.26895,0.33034,0.010156,0.16599,0.15759,0.17296,0.12938,0.072891,0.1596,0.20993,0.28538
0.78001,0.78786,0.77985,0.83005,0.7712,0.8017,0.75888,0.74335,0.68615,0.72113,0.67968,0.7017,0.65217,0.62371,0.64288,0.68364,0.69057,0.70703,0.85508,0.89398,0.70169,0.70797,0.81321,0.79148,0.74824,0.74658,0.71688,0.71685,0.53698,0.61251,0.78233,0.78631,1,0.95838,0.87231,0.77788,0.59807,0.51532,0.67193,0.63794,0.21917,0.40073,0.70269,0.66881,0.68824,0.70821,0.71335,0.67716,0.73352,0.72217,0.74501,0.64783,0.68686,0.62502,0.74089,0.66757,0.7592,0.7767,0.80733,0.78029,0.77146,0.69539,0.68788,0.77761,0.67894,0.70535,0.87443,0.85013,0.72564,0.71751,0.41343,0.45172,0.47983,0.45954,0.26852,0.39728,0.5187,0.51643,0.44732,0.56193,0.601,0.63606,0.54881,0.65225,0.61134,0.64183,0.44594,0.55037,0.73367,0.65946,0.6018,0.64931,0.58852,0.72473,0.17041,0.1828,0.40854,0.18413,0.47782,0.33493,0.50041,0.53168,0.32561,0.21314,0.27218,0.3016,0.4249,-0.059309,0.16534,0.16761,0.29294,0.31101,0.22615,0.16008,0.16414,0.14423
0.71519,0.76621,0.70628,0.78411,0.69866,0.73877,0.70703,0.69204,0.64141,0.68166,0.6439,0.66321,0.60968,0.57389,0.59283,0.65325,0.68844,0.70949,0.8218,0.9,0.71507,0.72737,0.76918,0.75504,0.66916,0.67876,0.6455,0.65006,0.55059,0.64358,0.80202,0.83718,0.95838,1,0.80854,0.73878,0.55869,0.4887,0.64536,0.61436,0.22988,0.40286,0.63766,0.62398,0.63795,0.66754,0.64656,0.63149,0.67063,0.64526,0.66321,0.56675,0.62053,0.53341,0.67788,0.61536,0.71049,0.74472,0.75198,0.72795,0.7295,0.64746,0.68404,0.77202,0.6045,0.65003,0.81531,0.79938,0.70363,0.71395,0.4517,0.49536,0.49886,0.48152,0.32192,0.40538,0.53505,0.54308,0.4733,0.58781,0.62824,0.64956,0.5592,0.63841,0.60257,0.61814,0.44302,0.51943,0.67786,0.61464,0.56279,0.60503,0.55672,0.67899,0.21278,0.24017,0.42763,0.22361,0.46142,0.32391,0.50479,0.52602,0.35801,0.24383,0.30942,0.31799,0.45481,-0.032192,0.20269,0.19449,0.30494,0.29464,0.2075,0.18944,0.22183,0.20085
0.74896,0.74025,0.78365,0.80353,0.73059,0.75447,0.75156,0.72803,0.64146,0.69735,0.67678,0.69451,0.66895,0.66457,0.62921,0.6535,0.61765,0.65626,0.76022,0.76206,0.60115,0.59533,0.8013,0.78846,0.74342,0.72906,0.69277,0.70111,0.45482,0.52434,0.68031,0.65844,0.87231,0.80854,1,0.86711,0.56886,0.47582,0.57349,0.56203,0.15171,0.32933,0.72188,0.67658,0.70006,0.71605,0.73363,0.67915,0.73304,0.73514,0.72546,0.66586,0.684,0.64463,0.71597,0.65381,0.70199,0.71859,0.77912,0.7455,0.74694,0.66349,0.6302,0.69301,0.7114,0.76642,0.88008,0.88339,0.59043,0.60086,0.39472,0.42996,0.45572,0.44223,0.2561,0.39652,0.55758,0.55057,0.40992,0.50419,0.53742,0.59043,0.46876,0.56903,0.59554,0.62616,0.38361,0.50709,0.6867,0.61349,0.62263,0.65679,0.60803,0.73514,0.10348,0.12543,0.32227,0.093398,0.43512,0.29517,0.52927,0.53344,0.30254,0.18953,0.22377,0.25076,0.35814,-0.12607,0.16977,0.11915,0.21553,0.27369,0.23218,0.078701,0.090086,0.062575
0.6363,0.69664,0.62086,0.66736,0.63849,0.67148,0.52665,0.52795,0.50038,0.55417,0.45841,0.50676,0.42,0.45137,0.42786,0.448,0.49214,0.57203,0.635,0.68157,0.50682,0.52695,0.59577,0.57388,0.54802,0.52553,0.53178,0.53754,0.25384,0.38641,0.47247,0.49721,0.77788,0.73878,0.86711,1,0.71458,0.67345,0.59532,0.58794,0.31642,0.51124,0.66997,0.64253,0.67957,0.69951,0.69271,0.67955,0.70629,0.72239,0.62633,0.63183,0.65029,0.59435,0.67208,0.63885,0.66385,0.69245,0.67885,0.66216,0.59862,0.55189,0.45011,0.58333,0.53442,0.63508,0.73866,0.77076,0.60757,0.62503,0.39124,0.45992,0.52464,0.5158,0.37328,0.53871,0.72759,0.72353,0.27069,0.39076,0.37689,0.50054,0.29002,0.43612,0.50818,0.5815,0.31271,0.44058,0.68585,0.60823,0.7601,0.72235,0.75773,0.78127,0.18315,0.24235,0.41129,0.24881,0.55472,0.45198,0.6209,0.66142,0.42638,0.36173,0.32065,0.39924,0.49653,0.058195,0.20519,0.080904,0.41436,0.53699,0.51152,0.33455,0.28325,0.18217
0.53576,0.53612,0.5555,0.57614,0.51486,0.53765,0.43329,0.44221,0.41919,0.42959,0.36979,0.38604,0.36665,0.33154,0.38604,0.33136,0.33237,0.36315,0.56384,0.55947,0.46215,0.51675,0.51117,0.47495,0.47107,0.43378,0.44879,0.47556,0.27003,0.33018,0.38638,0.40376,0.59807,0.55869,0.56886,0.71458,1,0.86097,0.76743,0.74199,0.61154,0.66085,0.50049,0.45458,0.50119,0.49305,0.55929,0.54758,0.51741,0.56708,0.50979,0.52357,0.58154,0.5295,0.64013,0.65214,0.51021,0.50826,0.47283,0.48988,0.41643,0.4403,0.30625,0.38505,0.40614,0.38283,0.50346,0.50161,0.47824,0.4345,0.40459,0.44441,0.51668,0.48482,0.4246,0.52423,0.64671,0.63471,0.10148,0.19837,0.25742,0.3504,0.29686,0.41863,0.4689,0.56394,0.30862,0.50231,0.55327,0.61887,0.68667,0.69832,0.65447,0.68417,0.35137,0.41374,0.53897,0.4448,0.56868,0.52479,0.52569,0.6426,0.47301,0.50224,0.4071,0.52614,0.49541,0.28631,0.29546,0.32359,0.59005,0.60729,0.54905,0.48954,0.42134,0.30399
0.47417,0.47292,0.4851,0.51534,0.45432,0.44006,0.35408,0.39441,0.3421,0.31427,0.33341,0.34415,0.26165,0.31924,0.2525,0.25521,0.27547,0.35088,0.51834,0.50876,0.32902,0.41919,0.42172,0.38638,0.3664,0.34714,0.40045,0.42052,0.25213,0.38111,0.294,0.32455,0.51532,0.4887,0.47582,0.67345,0.86097,1,0.65348,0.78706,0.56842,0.69611,0.39741,0.35443,0.39243,0.38613,0.4569,0.4572,0.41036,0.49667,0.39925,0.48531,0.52483,0.47354,0.53455,0.56507,0.46474,0.46041,0.39366,0.43156,0.33229,0.39989,0.23277,0.32936,0.34515,0.3147,0.42187,0.43233,0.47124,0.43541,0.25657,0.33375,0.4353,0.43841,0.36561,0.49646,0.54508,0.54621,0.083322,0.15473,0.18387,0.32063,0.11892,0.39006,0.40378,0.533,0.19108,0.46913,0.51532,0.59604,0.60949,0.61343,0.58154,0.59095,0.30504,0.39472,0.38468,0.35475,0.45318,0.4301,0.41925,0.55016,0.36109,0.38673,0.25112,0.43648,0.41908,0.26765,0.24084,0.17713,0.50801,0.6034,0.55972,0.46245,0.33096,0.25484
0.51622,0.53226,0.597,0.63496,0.53104,0.54507,0.53202,0.52651,0.4767,0.53201,0.45719,0.4674,0.46889,0.41785,0.53765,0.52642,0.36362,0.35184,0.59783,0.61305,0.68631,0.69875,0.61167,0.58388,0.56416,0.53609,0.5194,0.53211,0.43224,0.44252,0.579,0.57731,0.67193,0.64536,0.57349,0.59532,0.76743,0.65348,1,0.82648,0.59194,0.62609,0.49597,0.48171,0.52978,0.54176,0.55645,0.54588,0.54677,0.54922,0.51556,0.49958,0.49627,0.42939,0.69274,0.67838,0.46225,0.51507,0.51848,0.53722,0.49192,0.48988,0.41439,0.47657,0.48267,0.43138,0.61072,0.59242,0.45895,0.43788,0.44032,0.4561,0.49466,0.47409,0.34567,0.4454,0.45149,0.43885,0.14169,0.24042,0.37942,0.39504,0.52666,0.59167,0.54186,0.60331,0.52633,0.58301,0.56831,0.59104,0.58007,0.62269,0.60319,0.66215,0.40781,0.38431,0.61722,0.45209,0.5296,0.45155,0.50893,0.59667,0.40614,0.41508,0.43346,0.45951,0.4579,0.22538,0.27564,0.35775,0.49611,0.43577,0.35021,0.35611,0.35921,0.29534
0.56511,0.56621,0.65303,0.67529,0.53735,0.50838,0.56623,0.60574,0.45546,0.47267,0.52776,0.54748,0.50572,0.53254,0.49534,0.52592,0.39951,0.40884,0.65345,0.64249,0.53356,0.57881,0.61941,0.59123,0.57572,0.54221,0.55746,0.55633,0.45671,0.53069,0.50131,0.49224,0.63794,0.61436,0.56203,0.58794,0.74199,0.78706,0.82648,1,0.50124,0.63384,0.5437,0.5242,0.53739,0.54967,0.59944,0.59816,0.54317,0.59725,0.52428,0.58542,0.54459,0.51735,0.67948,0.73045,0.50928,0.54019,0.51725,0.56347,0.47615,0.53112,0.4382,0.50752,0.50893,0.417,0.62957,0.62888,0.53643,0.50515,0.33275,0.35782,0.46157,0.4654,0.27805,0.39461,0.38266,0.38158,0.17051,0.25169,0.36488,0.45033,0.35919,0.58665,0.54681,0.65999,0.40063,0.64428,0.55373,0.62716,0.50589,0.60194,0.49852,0.60345,0.35639,0.39632,0.4817,0.38843,0.42473,0.37467,0.40566,0.47525,0.26893,0.27752,0.24087,0.35308,0.33383,0.12648,0.27506,0.3083,0.4145,0.42053,0.30218,0.24823,0.20786,0.18532
0.12387,0.098782,0.18936,0.19814,0.13382,0.1256,0.11463,0.11039,0.15863,0.1371,0.11583,0.10191,0.12894,0.069341,0.20092,0.083514,0.040134,0.036063,0.17764,0.16179,0.36871,0.36051,0.20895,0.18999,0.14134,0.094179,0.11892,0.16592,0.22699,0.21795,0.22676,0.2476,0.21917,0.22988,0.15171,0.31642,0.61154,0.56842,0.59194,0.50124,1,0.74661,0.070796,0.052496,0.10198,0.10371,0.13502,0.1289,0.12025,0.1633,0.14976,0.18583,0.1992,0.11338,0.30941,0.32427,0.10556,0.072792,0.10151,0.10807,0.12173,0.16654,0.060113,0.060383,0.17792,0.055232,0.10824,0.10015,0.076634,0.020355,0.41491,0.4148,0.59448,0.55572,0.52367,0.4495,0.37782,0.40394,-0.040592,-0.037648,0.088525,0.13679,0.23862,0.25248,0.3697,0.38245,0.29938,0.32746,0.24534,0.33929,0.36278,0.36016,0.35417,0.33793,0.35182,0.35363,0.42606,0.4383,0.32951,0.38242,0.2475,0.45063,0.34497,0.43817,0.32591,0.44703,0.27374,0.42664,0.21428,0.27414,0.48853,0.46177,0.41606,0.45063,0.38531,0.35891
0.2841,0.31535,0.328,0.36224,0.26909,0.30086,0.25029,0.253,0.22087,0.21019,0.20627,0.21896,0.17573,0.17427,0.20505,0.24846,0.1655,0.23758,0.35936,0.37607,0.38976,0.50689,0.29555,0.27803,0.22634,0.21145,0.24598,0.25184,0.2546,0.34936,0.27938,0.30178,0.40073,0.40286,0.32933,0.51124,0.66085,0.69611,0.62609,0.63384,0.74661,1,0.23625,0.24028,0.27598,0.3032,0.30081,0.32898,0.28527,0.34289,0.27118,0.29976,0.35248,0.23811,0.43844,0.42604,0.28878,0.3096,0.26553,0.27191,0.26751,0.27546,0.206,0.25169,0.27261,0.20758,0.30958,0.31343,0.3379,0.32138,0.48179,0.5395,0.70321,0.7209,0.58731,0.6338,0.50009,0.50296,-0.047215,0.0813,0.20571,0.29509,0.22101,0.43617,0.45308,0.49487,0.23722,0.38451,0.44602,0.46704,0.50609,0.50359,0.49283,0.49557,0.35906,0.4385,0.46579,0.44008,0.44889,0.43687,0.40324,0.5228,0.43368,0.43753,0.35915,0.50915,0.41382,0.35717,0.25419,0.25326,0.50968,0.54938,0.50826,0.46861,0.36169,0.26005
0.70123,0.74444,0.68756,0.68657,0.62734,0.65402,0.60075,0.63412,0.49808,0.53093,0.54001,0.58638,0.51848,0.54229,0.47713,0.51133,0.61752,0.61742,0.66057,0.68486,0.47338,0.41763,0.59912,0.57523,0.62316,0.58179,0.55927,0.48767,0.34538,0.41487,0.45246,0.41709,0.70269,0.63766,0.72188,0.66997,0.50049,0.39741,0.49597,0.5437,0.070796,0.23625,1,0.96798,0.94276,0.90214,0.95376,0.94727,0.91684,0.86033,0.76974,0.6988,0.68842,0.73394,0.76799,0.8164,0.75381,0.74595,0.67108,0.67827,0.53357,0.49475,0.56167,0.66423,0.4415,0.47948,0.81516,0.81397,0.68496,0.69448,0.30521,0.32526,0.35102,0.35304,0.13998,0.33941,0.42,0.40284,0.40839,0.50434,0.48522,0.54053,0.33613,0.47785,0.44669,0.51063,0.29465,0.43458,0.55908,0.53101,0.5565,0.64122,0.44995,0.59904,0.046126,0.11029,0.37611,0.20451,0.54518,0.43051,0.44069,0.42361,0.25567,0.16444,0.16628,0.18002,0.32612,-0.18279,0.083526,0.096949,0.22362,0.35324,0.21454,0.10963,0.085301,-0.0071209
