1,0.73364,0.70777,0.64529,0.59763,0.54702,0.71779,0.6593,0.63056,0.57422,0.60883,0.5543,0.56176,0.45481,0.57591,0.4861,0.55356,0.42025,0.68542,0.60235,0.44553,0.25858,0.52519,0.46071,0.47774,0.5098,0.54788,0.5673,0.61293,0.47035,0.48602,0.45579,0.6404,0.62788,0.33951,0.33459,0.55617,0.55161,0.4976,0.48652,0.52466,0.45109,0.45651,0.42992,0.43263,0.42461,0.47809,0.4692,0.52963,0.53752,0.59609,0.63273,0.45586,0.47955,0.59885,0.59125,0.83652,0.70171,0.64499,0.62997,0.60793,0.46541,0.61064,0.48813,0.44407,0.3807,0.51573,0.46574,0.54946,0.50572,0.54422,0.48628,0.62739,0.5355,0.54889,0.43321,0.47076,0.43001,0.48166,0.39022,0.52351,0.55588,0.62513,0.54315,0.58399,0.62161,0.63704,0.56979,0.68925,0.6845,0.54866,0.62059,0.52431,0.62213,0.46095,0.3078,0.61884,0.59434,0.62617,0.68211,0.57573,0.62998,0.6229,0.64564,0.47839,0.45479,0.39663,0.35549,0.34857,0.48598,0.61876,0.6309,0.62678,0.60403,0.46995,0.1411
0.73364,1,0.53317,0.53622,0.43454,0.41451,0.49915,0.53564,0.49488,0.46068,0.39728,0.47657,0.37314,0.35668,0.46176,0.37881,0.52501,0.41204,0.56324,0.64519,0.38537,0.22488,0.42038,0.38966,0.37674,0.41605,0.37186,0.42227,0.50391,0.41833,0.4353,0.37556,0.62315,0.62919,0.27383,0.29199,0.45046,0.4547,0.41779,0.41991,0.46947,0.40674,0.54056,0.52543,0.53358,0.52613,0.53326,0.53982,0.54641,0.61792,0.4231,0.51336,0.32263,0.38632,0.56977,0.54803,0.82185,0.89258,0.40148,0.47559,0.33808,0.23934,0.4947,0.39303,0.31474,0.2118,0.50069,0.46741,0.67289,0.68092,0.43431,0.39179,0.60463,0.55947,0.45291,0.48178,0.51667,0.49698,0.40281,0.36429,0.356,0.43172,0.45613,0.41291,0.34292,0.45276,0.43524,0.37885,0.51092,0.47992,0.4292,0.51245,0.42618,0.45027,0.44623,0.36014,0.63452,0.52207,0.60995,0.60751,0.46334,0.42656,0.53624,0.4771,0.37877,0.35973,0.31803,0.26447,0.34006,0.49684,0.6057,0.58814,0.52039,0.57761,0.43211,0.089337
0.70777,0.53317,1,0.82737,0.77122,0.68268,0.88923,0.81637,0.7546,0.73243,0.54353,0.54118,0.60009,0.60563,0.75176,0.68181,0.56337,0.40613,0.70119,0.49611,0.54659,0.35458,0.79494,0.68439,0.67227,0.69976,0.72882,0.72451,0.64472,0.49469,0.63966,0.62147,0.6799,0.63748,0.55256,0.48775,0.64978,0.62619,0.63434,0.67275,0.49746,0.49313,0.63012,0.60602,0.59613,0.59775,0.65226,0.64873,0.64282,0.64217,0.65214,0.61001,0.50875,0.50283,0.78498,0.76235,0.65593,0.54378,0.70853,0.6905,0.67407,0.55866,0.68772,0.6068,0.6478,0.57209,0.72519,0.68274,0.46297,0.47333,0.62781,0.60303,0.59475,0.51095,0.51009,0.45358,0.41254,0.33346,0.50447,0.41112,0.5694,0.63961,0.69718,0.67803,0.7337,0.74879,0.72634,0.69244,0.83812,0.79076,0.71425,0.79361,0.69748,0.78519,0.51791,0.36145,0.70409,0.61923,0.72621,0.77385,0.72118,0.75164,0.73368,0.74687,0.63893,0.62027,0.48387,0.44724,0.32592,0.50812,0.66586,0.65288,0.70272,0.66203,0.6186,0.23018
0.64529,0.53622,0.82737,1,0.64417,0.63261,0.81042,0.86108,0.63814,0.70013,0.58094,0.48184,0.59733,0.58497,0.70321,0.70662,0.52396,0.35029,0.67401,0.56565,0.518,0.39549,0.76336,0.72883,0.57965,0.66849,0.63908,0.65198,0.68564,0.59312,0.62959,0.64852,0.64641,0.64345,0.46821,0.4436,0.6298,0.62715,0.62292,0.63123,0.4975,0.50603,0.54955,0.52931,0.54715,0.55332,0.55238,0.53762,0.56038,0.5749,0.53862,0.5032,0.39567,0.38874,0.68786,0.63907,0.61356,0.53439,0.62553,0.6594,0.60813,0.59715,0.62443,0.65464,0.59404,0.55265,0.64011,0.61768,0.46357,0.45989,0.62997,0.60368,0.61424,0.55385,0.53537,0.44938,0.39382,0.33172,0.47801,0.355,0.50062,0.57751,0.6562,0.61064,0.64634,0.70237,0.61357,0.55105,0.76035,0.70827,0.67808,0.6922,0.67808,0.70132,0.44696,0.33999,0.64699,0.53879,0.69239,0.67575,0.72077,0.65029,0.71807,0.68215,0.55383,0.54516,0.5182,0.34704,0.3079,0.45052,0.6246,0.62073,0.67211,0.60291,0.52314,0.18544
0.59763,0.43454,0.77122,0.64417,1,0.78018,0.70548,0.64183,0.84096,0.70819,0.40829,0.48567,0.46777,0.48282,0.68598,0.5519,0.4667,0.41962,0.54152,0.37065,0.46269,0.23148,0.63911,0.56378,0.64625,0.64274,0.7813,0.71831,0.4478,0.26923,0.55515,0.49901,0.57793,0.5447,0.47801,0.43767,0.50776,0.5182,0.47839,0.54734,0.38928,0.3446,0.46519,0.4125,0.43253,0.41925,0.49541,0.5052,0.49665,0.50126,0.55182,0.57795,0.41918,0.40681,0.62271,0.63404,0.56304,0.46263,0.67295,0.68951,0.61885,0.53589,0.58138,0.49648,0.5471,0.57314,0.62199,0.57078,0.40072,0.39164,0.4755,0.44637,0.43444,0.35041,0.37921,0.34122,0.29139,0.21296,0.34921,0.30014,0.4387,0.48852,0.59642,0.58569,0.66273,0.63726,0.72788,0.73946,0.75808,0.7072,0.665,0.69445,0.63787,0.69758,0.37781,0.27483,0.55381,0.54856,0.58639,0.63742,0.64756,0.70669,0.62927,0.62323,0.51842,0.47247,0.35811,0.36493,0.19291,0.4331,0.58192,0.57595,0.59243,0.595,0.4761,0.14503
0.54702,0.41451,0.68268,0.63261,0.78018,1,0.65387,0.59358,0.77737,0.7222,0.42305,0.46432,0.45166,0.47234,0.67012,0.5875,0.45198,0.39328,0.51548,0.33827,0.37842,0.20625,0.61846,0.60094,0.68164,0.67385,0.74703,0.77076,0.44863,0.28923,0.49064,0.45115,0.56699,0.51655,0.51217,0.48018,0.56819,0.54029,0.50385,0.57157,0.42667,0.30614,0.43036,0.37723,0.41167,0.4159,0.45662,0.46774,0.45192,0.4468,0.52828,0.51951,0.39807,0.36902,0.60763,0.59828,0.52472,0.39834,0.58527,0.6109,0.53674,0.50243,0.55872,0.49134,0.58562,0.57639,0.61424,0.56135,0.38212,0.3909,0.43931,0.41195,0.4039,0.31998,0.38295,0.3311,0.29788,0.23049,0.32841,0.2978,0.41008,0.48164,0.60936,0.56211,0.63132,0.62808,0.68324,0.69224,0.74086,0.66409,0.63539,0.6551,0.61969,0.64751,0.41381,0.28031,0.56881,0.54739,0.55972,0.5996,0.61862,0.65602,0.60514,0.61641,0.51599,0.4956,0.36363,0.40214,0.20091,0.46345,0.57156,0.5262,0.54465,0.57272,0.47107,0.15442
0.71779,0.49915,0.88923,0.81042,0.70548,0.65387,1,0.85063,0.74344,0.72364,0.65105,0.58057,0.72322,0.64656,0.77176,0.70782,0.57427,0.40598,0.71838,0.475,0.51494,0.35754,0.74864,0.65449,0.59995,0.64459,0.6438,0.65339,0.68408,0.54791,0.62286,0.60017,0.62619,0.5907,0.4729,0.40895,0.65501,0.59956,0.60239,0.62959,0.53288,0.51059,0.51544,0.48404,0.46793,0.46459,0.55298,0.52881,0.53082,0.5234,0.63428,0.57192,0.50012,0.4964,0.71706,0.67434,0.59967,0.47049,0.70255,0.65695,0.74079,0.62688,0.6754,0.61617,0.62476,0.59441,0.60219,0.55858,0.36951,0.35845,0.65344,0.61287,0.59533,0.50519,0.56089,0.46037,0.37087,0.29384,0.52252,0.40156,0.59401,0.635,0.72881,0.68355,0.8005,0.74211,0.703,0.64636,0.85361,0.7881,0.71716,0.7828,0.70761,0.78811,0.47638,0.31592,0.6289,0.57868,0.69518,0.7315,0.70838,0.77936,0.69423,0.74603,0.5997,0.59137,0.4514,0.41537,0.27769,0.45153,0.59309,0.5964,0.66765,0.58665,0.54012,0.25853
0.6593,0.53564,0.81637,0.86108,0.64183,0.59358,0.85063,1,0.66522,0.67689,0.6468,0.66771,0.63151,0.75106,0.70111,0.70321,0.58117,0.44433,0.67896,0.53809,0.49785,0.31788,0.77463,0.73821,0.59111,0.64218,0.53906,0.56912,0.68331,0.58824,0.71534,0.69184,0.73502,0.73969,0.50711,0.46376,0.62325,0.62242,0.55046,0.61367,0.52764,0.45736,0.55817,0.5273,0.50811,0.52403,0.59859,0.59706,0.53456,0.55142,0.59205,0.53312,0.47118,0.47201,0.70497,0.67301,0.5953,0.49129,0.65158,0.70368,0.65437,0.5835,0.69256,0.72661,0.6085,0.6127,0.67451,0.67597,0.45333,0.45313,0.65639,0.66673,0.66056,0.60089,0.54381,0.50669,0.41486,0.36821,0.45584,0.40442,0.50575,0.61195,0.62256,0.59098,0.6798,0.72535,0.55405,0.49612,0.75799,0.66778,0.67831,0.71728,0.64759,0.67204,0.4779,0.37211,0.65787,0.59316,0.70575,0.69969,0.7004,0.67421,0.67726,0.67506,0.57447,0.54938,0.43452,0.3592,0.28919,0.49741,0.65476,0.62919,0.62922,0.57805,0.55,0.21944
0.63056,0.49488,0.7546,0.63814,0.84096,0.77737,0.74344,0.66522,1,0.72614,0.50276,0.55052,0.55702,0.55227,0.72893,0.59333,0.53338,0.47436,0.52724,0.30596,0.41338,0.21101,0.63066,0.5896,0.69883,0.6736,0.66053,0.66624,0.52447,0.35396,0.56832,0.4986,0.60779,0.57948,0.48453,0.44628,0.55531,0.52567,0.48474,0.55431,0.45524,0.32667,0.47652,0.41546,0.41897,0.40704,0.51877,0.52868,0.50646,0.4958,0.59901,0.59054,0.46682,0.42917,0.65995,0.64786,0.60713,0.49538,0.63963,0.65606,0.64268,0.54293,0.6033,0.50943,0.53542,0.57903,0.57994,0.52314,0.39633,0.38215,0.51104,0.48062,0.49368,0.4009,0.4219,0.36425,0.35165,0.2882,0.40475,0.3686,0.45227,0.50811,0.60356,0.55385,0.69461,0.62478,0.71646,0.67564,0.79417,0.70296,0.63303,0.70683,0.62138,0.68072,0.44721,0.33264,0.59307,0.61733,0.62805,0.67529,0.63358,0.70301,0.62735,0.65439,0.56169,0.51312,0.33425,0.38045,0.23289,0.48145,0.60425,0.57274,0.57423,0.61007,0.54136,0.25701
0.57422,0.46068,0.73243,0.70013,0.70819,0.7222,0.72364,0.67689,0.72614,1,0.45913,0.40214,0.55773,0.49851,0.72511,0.76397,0.41891,0.28363,0.55709,0.43545,0.52819,0.40627,0.59265,0.56286,0.57296,0.61899,0.66716,0.67138,0.58808,0.47135,0.49047,0.51327,0.55267,0.53089,0.40532,0.38454,0.55821,0.52009,0.59187,0.60581,0.43045,0.51809,0.43632,0.42314,0.4064,0.43031,0.43897,0.4209,0.46499,0.49165,0.50086,0.48653,0.39176,0.34965,0.61937,0.55793,0.54052,0.44973,0.61969,0.62819,0.61013,0.58832,0.48347,0.50534,0.46119,0.52548,0.52865,0.48904,0.40483,0.40964,0.54333,0.46378,0.52935,0.41963,0.50712,0.37713,0.34337,0.25794,0.421,0.26567,0.41169,0.44761,0.67599,0.6644,0.60311,0.56841,0.69243,0.63234,0.76393,0.70574,0.60523,0.6465,0.64635,0.70184,0.42054,0.27567,0.54933,0.46459,0.55599,0.56821,0.64672,0.66042,0.66528,0.67225,0.54707,0.55979,0.47996,0.43727,0.25014,0.39915,0.51103,0.45446,0.56703,0.57332,0.53111,0.22102
0.60883,0.39728,0.54353,0.58094,0.40829,0.42305,0.65105,0.6468,0.50276,0.45913,1,0.56406,0.69375,0.56622,0.51369,0.49446,0.55256,0.38103,0.49324,0.38788,0.36888,0.29958,0.46643,0.4421,0.34551,0.43424,0.35991,0.39684,0.67117,0.58312,0.485,0.48831,0.4539,0.467,0.23829,0.19875,0.51645,0.52647,0.41967,0.49315,0.46636,0.3647,0.25358,0.22263,0.22117,0.21092,0.31267,0.28844,0.26937,0.26182,0.42619,0.37357,0.35982,0.30162,0.43758,0.41432,0.47099,0.35089,0.47909,0.49522,0.5422,0.50291,0.53908,0.51952,0.35418,0.38496,0.30061,0.29424,0.23496,0.22852,0.45091,0.4493,0.46,0.43231,0.45649,0.30442,0.2997,0.25057,0.40235,0.30746,0.4576,0.46895,0.57492,0.52401,0.59649,0.57149,0.43492,0.35762,0.55956,0.5414,0.47909,0.46645,0.44422,0.48273,0.3281,0.28923,0.44842,0.48461,0.51799,0.49651,0.4879,0.52435,0.49013,0.4939,0.3864,0.38277,0.36223,0.28306,0.25691,0.35295,0.45338,0.45832,0.48414,0.38618,0.36016,0.20478
0.5543,0.47657,0.54118,0.48184,0.48567,0.46432,0.58057,0.66771,0.55052,0.40214,0.56406,1,0.50424,0.78057,0.46986,0.43396,0.60161,0.69857,0.51438,0.35826,0.22136,-0.03722,0.60309,0.60555,0.57688,0.48931,0.29126,0.33983,0.44793,0.39097,0.60136,0.5425,0.64554,0.69643,0.47341,0.45463,0.40397,0.46787,0.1463,0.38249,0.43207,0.084509,0.375,0.29381,0.24063,0.2272,0.47753,0.52627,0.29441,0.31905,0.5175,0.5238,0.48159,0.50272,0.48544,0.55385,0.49467,0.41424,0.38404,0.52663,0.44734,0.36862,0.6738,0.60431,0.54827,0.51574,0.50335,0.50976,0.34179,0.2967,0.40079,0.46004,0.46219,0.46224,0.31635,0.37839,0.38233,0.39953,0.27483,0.49112,0.426,0.56269,0.37919,0.3517,0.59248,0.65038,0.36145,0.34552,0.52916,0.45659,0.50139,0.56005,0.41983,0.4095,0.3214,0.28494,0.48567,0.60805,0.5161,0.57919,0.43832,0.47489,0.46904,0.47059,0.46791,0.33777,0.16044,0.27952,0.11015,0.48669,0.60189,0.54398,0.39187,0.45193,0.42345,0.14621
0.56176,0.37314,0.60009,0.59733,0.46777,0.45166,0.72322,0.63151,0.55702,0.55773,0.69375,0.50424,1,0.66183,0.7386,0.66676,0.54253,0.34803,0.57344,0.37946,0.42351,0.35373,0.5908,0.52997,0.48561,0.56618,0.49908,0.55388,0.73532,0.66162,0.56889,0.57491,0.43118,0.41895,0.26349,0.20335,0.61173,0.5512,0.549,0.55899,0.53584,0.44402,0.2724,0.24834,0.24518,0.23698,0.31246,0.28829,0.29496,0.30947,0.4324,0.43828,0.40442,0.3771,0.52034,0.49072,0.44407,0.32849,0.43627,0.41993,0.52355,0.46506,0.55967,0.49886,0.41279,0.39458,0.3264,0.30686,0.18817,0.20292,0.47712,0.4392,0.47614,0.43024,0.43292,0.3528,0.24824,0.18817,0.51844,0.33602,0.58325,0.55976,0.67311,0.61369,0.69402,0.65891,0.51131,0.44647,0.67334,0.63562,0.53376,0.55966,0.488,0.57571,0.31467,0.29231,0.44414,0.44202,0.52928,0.5335,0.51243,0.61605,0.50057,0.56334,0.43018,0.46699,0.39648,0.32858,0.26912,0.31404,0.40707,0.42268,0.49523,0.38697,0.3721,0.28443
0.45481,0.35668,0.60563,0.58497,0.48282,0.47234,0.64656,0.75106,0.55227,0.49851,0.56622,0.78057,0.66183,1,0.61068,0.6453,0.62114,0.56845,0.53322,0.32906,0.30033,0.10703,0.7226,0.7307,0.58337,0.5673,0.36181,0.42036,0.55225,0.50601,0.68273,0.64382,0.61785,0.62693,0.47542,0.43943,0.49632,0.50926,0.31112,0.48977,0.46747,0.20847,0.37107,0.32584,0.27704,0.28374,0.46158,0.50836,0.3028,0.32839,0.46895,0.44877,0.45851,0.44724,0.52768,0.56771,0.39138,0.31799,0.37131,0.48516,0.46613,0.41683,0.6492,0.65586,0.58719,0.55827,0.51682,0.52962,0.26523,0.25814,0.45389,0.49474,0.47889,0.4714,0.35588,0.40114,0.31499,0.29327,0.37032,0.4922,0.51067,0.62424,0.49685,0.47033,0.63781,0.6822,0.40443,0.37386,0.5931,0.49425,0.50061,0.58416,0.45967,0.47018,0.33482,0.34328,0.48272,0.53264,0.5083,0.55141,0.48179,0.49995,0.47918,0.50054,0.52438,0.44348,0.26842,0.30541,0.15162,0.43975,0.53007,0.46005,0.38496,0.41079,0.44885,0.24443
0.57591,0.46176,0.75176,0.70321,0.68598,0.67012,0.77176,0.70111,0.72893,0.72511,0.51369,0.46986,0.7386,0.61068,1,0.8436,0.50756,0.3474,0.69084,0.49978,0.62366,0.47131,0.74235,0.68555,0.67608,0.74824,0.72103,0.76445,0.73232,0.58309,0.65541,0.64904,0.56323,0.54966,0.40586,0.36068,0.64666,0.57848,0.69098,0.66407,0.55386,0.56079,0.46393,0.45163,0.46081,0.46699,0.47642,0.47508,0.4833,0.49164,0.46173,0.46699,0.36218,0.34443,0.69497,0.64191,0.52973,0.42818,0.53294,0.53049,0.53291,0.47704,0.62485,0.59453,0.54414,0.46271,0.55014,0.50484,0.39192,0.38596,0.56911,0.53125,0.56359,0.47821,0.48993,0.41219,0.34343,0.28653,0.47543,0.33428,0.50558,0.58174,0.82192,0.72094,0.69,0.68839,0.69868,0.63226,0.80916,0.72665,0.61674,0.69992,0.64446,0.72817,0.45606,0.35396,0.59273,0.54306,0.63526,0.65109,0.62797,0.68668,0.63345,0.68038,0.58938,0.6007,0.46253,0.41938,0.30757,0.43189,0.55493,0.51309,0.6167,0.59338,0.54554,0.27381
0.4861,0.37881,0.68181,0.70662,0.5519,0.5875,0.70782,0.70321,0.59333,0.76397,0.49446,0.43396,0.66676,0.6453,0.8436,1,0.43443,0.26089,0.62268,0.49002,0.58368,0.48901,0.72349,0.71075,0.58758,0.69345,0.6307,0.68255,0.69826,0.64352,0.60009,0.65901,0.51589,0.50291,0.39542,0.3542,0.58922,0.53064,0.64686,0.6453,0.47384,0.57903,0.40119,0.39752,0.38955,0.41759,0.40361,0.389,0.4125,0.41537,0.4164,0.37878,0.33998,0.30462,0.63532,0.55046,0.45027,0.35885,0.50319,0.52253,0.50547,0.51821,0.54203,0.58577,0.50584,0.4773,0.51493,0.48757,0.32586,0.33649,0.57768,0.51919,0.5404,0.47712,0.47702,0.39226,0.28134,0.22305,0.44702,0.28205,0.47274,0.5482,0.73701,0.73435,0.62548,0.64383,0.6327,0.56025,0.74097,0.66977,0.55267,0.63377,0.62621,0.68459,0.37072,0.28626,0.5086,0.42764,0.54463,0.54509,0.59749,0.63492,0.61125,0.65288,0.55873,0.59337,0.46587,0.41277,0.22898,0.35444,0.45238,0.39677,0.55446,0.52173,0.50194,0.2728
0.55356,0.52501,0.56337,0.52396,0.4667,0.45198,0.57427,0.58117,0.53338,0.41891,0.55256,0.60161,0.54253,0.62114,0.50756,0.43443,1,0.71386,0.44649,0.31869,0.30418,0.10532,0.57497,0.57016,0.52911,0.51604,0.34682,0.4102,0.62284,0.5669,0.56616,0.51444,0.61729,0.61226,0.49031,0.49521,0.45232,0.49671,0.31626,0.44909,0.45424,0.20034,0.48684,0.43314,0.40296,0.39405,0.56141,0.56063,0.42784,0.42141,0.45838,0.46589,0.43538,0.45422,0.5604,0.54876,0.63943,0.54969,0.40783,0.4864,0.42697,0.37337,0.65527,0.47637,0.47192,0.41006,0.5419,0.53467,0.32715,0.35551,0.3618,0.41547,0.47788,0.44729,0.36089,0.37306,0.42343,0.37081,0.74126,0.75221,0.76302,0.7442,0.51773,0.52153,0.59826,0.58425,0.40411,0.37896,0.54472,0.46706,0.40917,0.49898,0.38636,0.43426,0.35923,0.30171,0.5188,0.53707,0.5256,0.56398,0.39613,0.45178,0.44925,0.50297,0.47284,0.45593,0.21764,0.26409,0.18864,0.44093,0.52534,0.54469,0.41919,0.47508,0.42394,0.16405
0.42025,0.41204,0.40613,0.35029,0.41962,0.39328,0.40598,0.44433,0.47436,0.28363,0.38103,0.69857,0.34803,0.56845,0.3474,0.26089,0.71386,1,0.34723,0.20327,0.16016,-0.085999,0.49958,0.53236,0.58742,0.48613,0.25933,0.32431,0.353,0.29303,0.55415,0.46714,0.59299,0.62793,0.51301,0.53709,0.28971,0.3681,0.050792,0.32352,0.35563,-0.043932,0.3759,0.29923,0.23991,0.23306,0.47314,0.52725,0.26254,0.25267,0.39341,0.37667,0.40324,0.36792,0.41211,0.47769,0.48737,0.40119,0.25421,0.39188,0.31028,0.27251,0.58263,0.48161,0.5166,0.48461,0.47101,0.48079,0.24325,0.20871,0.22894,0.33964,0.29739,0.30799,0.18673,0.27688,0.3247,0.33855,0.35241,0.75555,0.49716,0.62028,0.31245,0.31269,0.4932,0.5264,0.32922,0.32235,0.38483,0.29023,0.33365,0.40002,0.27286,0.26994,0.24976,0.21613,0.45817,0.54024,0.41251,0.46582,0.27965,0.34104,0.30527,0.34963,0.39683,0.29939,0.041602,0.20097,0.040897,0.40004,0.52419,0.45678,0.25504,0.37374,0.36053,0.13982
0.68542,0.56324,0.70119,0.67401,0.54152,0.51548,0.71838,0.67896,0.52724,0.55709,0.49324,0.51438,0.57344,0.53322,0.69084,0.62268,0.44649,0.34723,1,0.75382,0.48605,0.27614,0.6836,0.61336,0.49368,0.51744,0.6051,0.58041,0.62312,0.44643,0.59175,0.57887,0.62618,0.62481,0.36456,0.32932,0.57361,0.53338,0.52821,0.5272,0.47798,0.43314,0.41517,0.39391,0.39753,0.41156,0.44212,0.44412,0.41679,0.4361,0.44241,0.43903,0.34037,0.36642,0.58162,0.55819,0.58328,0.48693,0.49613,0.491,0.5097,0.45952,0.6538,0.60455,0.51399,0.4126,0.53011,0.484,0.49214,0.44388,0.56253,0.51607,0.53078,0.47279,0.49041,0.43043,0.37857,0.35122,0.38925,0.34478,0.46078,0.57799,0.65003,0.59088,0.6239,0.65927,0.59941,0.5531,0.69398,0.65169,0.613,0.66351,0.62678,0.68597,0.45177,0.30474,0.5736,0.54266,0.59158,0.65006,0.61971,0.64624,0.63496,0.64538,0.51594,0.45995,0.39757,0.35008,0.27608,0.4612,0.59095,0.54434,0.60946,0.56803,0.46715,0.15613
0.60235,0.64519,0.49611,0.56565,0.37065,0.33827,0.475,0.53809,0.30596,0.43545,0.38788,0.35826,0.37946,0.32906,0.49978,0.49002,0.31869,0.20327,0.75382,1,0.48608,0.32194,0.49861,0.45268,0.29194,0.39773,0.4691,0.45684,0.5648,0.46738,0.49556,0.50947,0.54753,0.61428,0.16805,0.18328,0.46095,0.45182,0.47873,0.45319,0.43228,0.49463,0.35121,0.35539,0.38663,0.412,0.33851,0.34738,0.34509,0.42728,0.22436,0.27293,0.16568,0.21978,0.46747,0.4233,0.56797,0.56477,0.33273,0.3544,0.28021,0.25608,0.50889,0.48968,0.30503,0.13723,0.44229,0.40283,0.66939,0.62543,0.44914,0.40965,0.52596,0.51299,0.47364,0.40842,0.39121,0.37752,0.27288,0.17246,0.26352,0.36249,0.52564,0.48013,0.32482,0.43694,0.45329,0.36626,0.50732,0.48363,0.46378,0.47391,0.49999,0.50199,0.32241,0.22493,0.47644,0.37768,0.49102,0.49011,0.50938,0.426,0.55023,0.46454,0.35221,0.35647,0.41946,0.25109,0.2072,0.33621,0.52474,0.49882,0.55441,0.51541,0.40125,0.010371
0.44553,0.38537,0.54659,0.518,0.46269,0.37842,0.51494,0.49785,0.41338,0.52819,0.36888,0.22136,0.42351,0.30033,0.62366,0.58368,0.30418,0.16016,0.48605,0.48608,1,0.72778,0.48996,0.43122,0.41326,0.55557,0.55146,0.58116,0.57652,0.57785,0.52552,0.54982,0.39975,0.41452,0.17371,0.18003,0.56342,0.54718,0.69052,0.66863,0.59125,0.68847,0.33037,0.36571,0.36661,0.39919,0.32138,0.32417,0.35985,0.39074,0.22096,0.23631,0.1541,0.1823,0.5033,0.47089,0.39332,0.34084,0.31705,0.3289,0.27531,0.24676,0.39316,0.41488,0.3394,0.18105,0.377,0.36506,0.35058,0.36202,0.49604,0.43861,0.47973,0.41539,0.45481,0.34163,0.23833,0.19108,0.29971,0.10898,0.31417,0.34706,0.59886,0.61168,0.41322,0.48886,0.48134,0.40557,0.54236,0.53355,0.46313,0.46347,0.47814,0.51066,0.41263,0.34751,0.46973,0.37302,0.45352,0.48463,0.45952,0.43033,0.44408,0.44561,0.33772,0.4316,0.40974,0.30705,0.3346,0.29875,0.40741,0.3418,0.46039,0.45955,0.43817,0.20649
0.25858,0.22488,0.35458,0.39549,0.23148,0.20625,0.35754,0.31788,0.21101,0.40627,0.29958,-0.03722,0.35373,0.10703,0.47131,0.48901,0.10532,-0.085999,0.27614,0.32194,0.72778,1,0.2429,0.22811,0.17245,0.44731,0.39529,0.48384,0.42864,0.55367,0.27155,0.37228,0.11114,0.089029,0.0079098,-0.01465,0.45587,0.36056,0.72143,0.6105,0.41977,0.80677,0.20612,0.25634,0.26468,0.29208,0.17328,0.12594,0.25426,0.25125,0.082727,0.079568,0.065488,0.09589,0.37797,0.29499,0.228,0.18161,0.20635,0.1804,0.13173,0.1493,0.13792,0.16726,0.083075,0.013551,0.17049,0.17027,0.1884,0.25193,0.31209,0.25891,0.33597,0.28607,0.34923,0.21857,0.080709,0.022153,0.24324,-0.035156,0.19201,0.17989,0.50871,0.53687,0.22865,0.31012,0.33254,0.26882,0.37486,0.41772,0.35613,0.30286,0.38017,0.41615,0.27409,0.25329,0.30069,0.1413,0.32737,0.29513,0.37486,0.34316,0.3342,0.35849,0.22479,0.42138,0.49276,0.37692,0.2923,0.074471,0.17617,0.17226,0.36568,0.30363,0.30401,0.34186
0.52519,0.42038,0.79494,0.76336,0.63911,0.61846,0.74864,0.77463,0.63066,0.59265,0.46643,0.60309,0.5908,0.7226,0.74235,0.72349,0.57497,0.49958,0.6836,0.49861,0.48996,0.2429,1,0.91941,0.7415,0.75186,0.60292,0.65089,0.59979,0.48138,0.77552,0.76401,0.70096,0.6915,0.66842,0.6003,0.60876,0.60237,0.48429,0.58932,0.50021,0.33442,0.50017,0.46886,0.44823,0.4722,0.54327,0.57565,0.43708,0.44391,0.48034,0.44721,0.42151,0.40855,0.65283,0.63525,0.50421,0.41452,0.47966,0.51424,0.52354,0.51559,0.73382,0.67354,0.73844,0.62545,0.73976,0.7152,0.36369,0.37389,0.59878,0.63198,0.54006,0.5208,0.43761,0.46762,0.39679,0.35506,0.42984,0.46912,0.56483,0.70213,0.60027,0.59112,0.71944,0.77642,0.5406,0.51592,0.72511,0.61131,0.6251,0.68772,0.64026,0.65787,0.40249,0.34507,0.59163,0.56154,0.60075,0.64942,0.63714,0.6431,0.62172,0.61878,0.60521,0.52614,0.38395,0.35812,0.18949,0.49525,0.65348,0.58574,0.56875,0.53164,0.50388,0.16157
0.46071,0.38966,0.68439,0.72883,0.56378,0.60094,0.65449,0.73821,0.5896,0.56286,0.4421,0.60555,0.52997,0.7307,0.68555,0.71075,0.57016,0.53236,0.61336,0.45268,0.43122,0.22811,0.91941,1,0.72868,0.74441,0.52618,0.59502,0.56296,0.47016,0.75858,0.77258,0.68337,0.69293,0.63729,0.59653,0.55527,0.56822,0.41098,0.54406,0.48057,0.28159,0.44149,0.40293,0.38709,0.41345,0.49468,0.54311,0.3727,0.37424,0.42438,0.38644,0.37328,0.34713,0.58138,0.57271,0.45846,0.3843,0.38286,0.47415,0.43951,0.48166,0.69309,0.69753,0.72337,0.62073,0.68587,0.67996,0.36224,0.34988,0.5345,0.59272,0.50049,0.48911,0.39327,0.41107,0.35371,0.32953,0.37692,0.4576,0.51262,0.67675,0.52768,0.52571,0.65918,0.73834,0.47212,0.45464,0.64824,0.52801,0.56217,0.61831,0.59132,0.56955,0.36258,0.35368,0.55049,0.56824,0.55083,0.58737,0.5855,0.56326,0.55362,0.5408,0.53255,0.4532,0.32234,0.29967,0.17274,0.50043,0.62843,0.54454,0.49095,0.47238,0.43726,0.16771
0.47774,0.37674,0.67227,0.57965,0.64625,0.68164,0.59995,0.59111,0.69883,0.57296,0.34551,0.57688,0.48561,0.58337,0.67608,0.58758,0.52911,0.58742,0.49368,0.29194,0.41326,0.17245,0.7415,0.72868,1,0.86498,0.66072,0.70999,0.5123,0.36343,0.73708,0.66429,0.65247,0.62826,0.64107,0.5824,0.54619,0.57429,0.41983,0.58684,0.51176,0.20398,0.50448,0.48272,0.44329,0.45628,0.56016,0.62309,0.45557,0.44904,0.47534,0.47808,0.41278,0.39118,0.66516,0.68925,0.47994,0.38756,0.3995,0.47191,0.39487,0.34373,0.64432,0.53329,0.70575,0.54572,0.68867,0.65378,0.33757,0.32762,0.50688,0.53923,0.5175,0.47001,0.33733,0.42661,0.36432,0.33984,0.33558,0.44712,0.48432,0.60402,0.56249,0.49542,0.64018,0.68549,0.5752,0.56538,0.66901,0.57031,0.5802,0.68289,0.54621,0.58924,0.40961,0.34883,0.64043,0.65484,0.60615,0.67011,0.58214,0.62875,0.57656,0.63923,0.59736,0.53947,0.32058,0.3954,0.18359,0.50465,0.66031,0.57425,0.52691,0.57839,0.5429,0.21941
0.5098,0.41605,0.69976,0.66849,0.64274,0.67385,0.64459,0.64218,0.6736,0.61899,0.43424,0.48931,0.56618,0.5673,0.74824,0.69345,0.51604,0.48613,0.51744,0.39773,0.55557,0.44731,0.75186,0.74441,0.86498,1,0.72044,0.81262,0.61654,0.53538,0.76457,0.76616,0.62524,0.6026,0.54261,0.48701,0.61174,0.59016,0.58083,0.69376,0.57118,0.44394,0.51304,0.51333,0.5083,0.52912,0.54062,0.58318,0.49886,0.50636,0.43086,0.46504,0.36138,0.36583,0.70977,0.71517,0.51754,0.43404,0.41333,0.49099,0.37058,0.36224,0.65197,0.56663,0.63972,0.49012,0.67918,0.66375,0.39339,0.40285,0.54936,0.58256,0.57111,0.53991,0.41549,0.43977,0.30189,0.27114,0.36993,0.3766,0.50288,0.61452,0.65943,0.6165,0.61791,0.70726,0.59976,0.56008,0.69708,0.61203,0.58736,0.66389,0.56829,0.60889,0.36728,0.34042,0.64879,0.60996,0.63648,0.66059,0.61849,0.64612,0.59214,0.63449,0.54714,0.55407,0.39644,0.41828,0.18499,0.4348,0.62178,0.55514,0.57672,0.57045,0.5266,0.23256
0.54788,0.37186,0.72882,0.63908,0.7813,0.74703,0.6438,0.53906,0.66053,0.66716,0.35991,0.29126,0.49908,0.36181,0.72103,0.6307,0.34682,0.25933,0.6051,0.4691,0.55146,0.39529,0.60292,0.52618,0.66072,0.72044,1,0.89329,0.51157,0.36109,0.52303,0.50073,0.44971,0.39421,0.36677,0.32124,0.53617,0.53251,0.61238,0.59814,0.37958,0.4896,0.43695,0.42106,0.45905,0.46942,0.43062,0.41118,0.49136,0.4954,0.45794,0.47375,0.33,0.30816,0.62978,0.60585,0.4999,0.38675,0.56119,0.53236,0.46744,0.43566,0.51019,0.4668,0.53373,0.42161,0.56037,0.48821,0.36101,0.34961,0.48557,0.40354,0.41507,0.31741,0.36445,0.30755,0.16163,0.08549,0.34431,0.20961,0.4389,0.48242,0.69498,0.66039,0.62808,0.65341,0.75774,0.75618,0.72869,0.73719,0.62088,0.65824,0.62993,0.7201,0.37182,0.24508,0.56756,0.4869,0.5606,0.59188,0.62432,0.69136,0.60215,0.62173,0.47604,0.52509,0.41506,0.36121,0.24156,0.33676,0.49398,0.48568,0.61786,0.56486,0.46839,0.084959
0.5673,0.42227,0.72451,0.65198,0.71831,0.77076,0.65339,0.56912,0.66624,0.67138,0.39684,0.33983,0.55388,0.42036,0.76445,0.68255,0.4102,0.32431,0.58041,0.45684,0.58116,0.48384,0.65089,0.59502,0.70999,0.81262,0.89329,1,0.56651,0.44621,0.56982,0.56589,0.49862,0.4409,0.40918,0.37632,0.59475,0.56544,0.68325,0.6771,0.47501,0.52205,0.44214,0.44664,0.48528,0.50176,0.43722,0.44401,0.49112,0.4997,0.41268,0.45551,0.30835,0.31866,0.66217,0.65501,0.53386,0.42622,0.51663,0.51245,0.42498,0.41157,0.5742,0.48756,0.54583,0.42519,0.59379,0.54317,0.37972,0.40029,0.48472,0.43305,0.47685,0.38681,0.40361,0.34072,0.19777,0.11996,0.38368,0.25767,0.48264,0.53569,0.74514,0.68563,0.63698,0.69442,0.74538,0.72587,0.73235,0.73029,0.59891,0.65722,0.60624,0.69484,0.40293,0.27815,0.591,0.50807,0.57395,0.62059,0.61056,0.68081,0.58546,0.65145,0.52087,0.59549,0.45167,0.44271,0.24338,0.37502,0.53068,0.49148,0.60886,0.577,0.50619,0.16482
0.61293,0.50391,0.64472,0.68564,0.4478,0.44863,0.68408,0.68331,0.52447,0.58808,0.67117,0.44793,0.73532,0.55225,0.73232,0.69826,0.62284,0.353,0.62312,0.5648,0.57652,0.42864,0.59979,0.56296,0.5123,0.61654,0.51157,0.56651,1,0.79777,0.63937,0.65023,0.56435,0.57257,0.28133,0.25187,0.65271,0.60342,0.62381,0.62225,0.61921,0.56009,0.43883,0.45608,0.45751,0.46939,0.46214,0.44231,0.47268,0.48726,0.41039,0.40176,0.31845,0.32739,0.65229,0.58713,0.5794,0.49184,0.43488,0.43701,0.44861,0.38383,0.62681,0.59477,0.38858,0.29018,0.43813,0.42243,0.41012,0.39941,0.61123,0.61062,0.68298,0.62041,0.58855,0.47877,0.40943,0.36292,0.58629,0.34821,0.54944,0.58128,0.77084,0.67275,0.55953,0.60184,0.54086,0.44383,0.65972,0.60331,0.52233,0.5572,0.5056,0.57056,0.42598,0.36185,0.5887,0.52804,0.64275,0.60957,0.56065,0.55188,0.57998,0.60798,0.46145,0.48665,0.42561,0.29636,0.37227,0.42702,0.52696,0.51124,0.58205,0.51642,0.45391,0.22178
0.47035,0.41833,0.49469,0.59312,0.26923,0.28923,0.54791,0.58824,0.35396,0.47135,0.58312,0.39097,0.66162,0.50601,0.58309,0.64352,0.5669,0.29303,0.44643,0.46738,0.57785,0.55367,0.48138,0.47016,0.36343,0.53538,0.36109,0.44621,0.79777,1,0.54417,0.60113,0.40004,0.43663,0.15953,0.14252,0.56658,0.54808,0.60208,0.62872,0.5979,0.60613,0.3201,0.34066,0.33288,0.35887,0.34571,0.31828,0.33379,0.36503,0.27216,0.29188,0.22835,0.26251,0.52587,0.48263,0.45637,0.38835,0.27458,0.30634,0.28841,0.28677,0.47634,0.47779,0.29879,0.16682,0.30035,0.31938,0.27789,0.30558,0.48257,0.45818,0.56808,0.54944,0.50527,0.36308,0.28235,0.22827,0.54768,0.33985,0.524,0.53798,0.63036,0.65866,0.45793,0.53216,0.39751,0.30658,0.52085,0.50927,0.39106,0.42174,0.40806,0.45756,0.30982,0.29103,0.45895,0.3724,0.50746,0.47441,0.42293,0.43049,0.43896,0.47545,0.36033,0.44318,0.39391,0.28877,0.26944,0.27206,0.38312,0.36735,0.46129,0.39196,0.34429,0.25273
0.48602,0.4353,0.63966,0.62959,0.55515,0.49064,0.62286,0.71534,0.56832,0.49047,0.485,0.60136,0.56889,0.68273,0.65541,0.60009,0.56616,0.55415,0.59175,0.49556,0.52552,0.27155,0.77552,0.75858,0.73708,0.76457,0.52303,0.56982,0.63937,0.54417,1,0.89875,0.67463,0.70753,0.48239,0.42828,0.59639,0.62261,0.45454,0.63209,0.61738,0.34899,0.42575,0.4152,0.39263,0.42072,0.50845,0.55614,0.35342,0.38717,0.36168,0.36447,0.33816,0.3377,0.62683,0.63787,0.45451,0.37977,0.29883,0.39357,0.31839,0.29489,0.63965,0.61187,0.59802,0.44066,0.60451,0.61463,0.39813,0.35504,0.57165,0.607,0.57161,0.57697,0.40846,0.50138,0.36402,0.34615,0.32986,0.41321,0.47865,0.58658,0.57479,0.53035,0.58603,0.68687,0.4788,0.46488,0.61961,0.50957,0.55433,0.61666,0.52287,0.53251,0.37598,0.38251,0.61314,0.63092,0.62111,0.64267,0.54496,0.56194,0.51427,0.55291,0.53514,0.46738,0.32573,0.32872,0.20058,0.48067,0.64759,0.59389,0.51841,0.50508,0.49679,0.19343
0.45579,0.37556,0.62147,0.64852,0.49901,0.45115,0.60017,0.69184,0.4986,0.51327,0.48831,0.5425,0.57491,0.64382,0.64904,0.65901,0.51444,0.46714,0.57887,0.50947,0.54982,0.37228,0.76401,0.77258,0.66429,0.76616,0.50073,0.56589,0.65023,0.60113,0.89875,1,0.61473,0.6731,0.4312,0.37941,0.56984,0.59325,0.49249,0.63827,0.58718,0.41672,0.36894,0.37058,0.37019,0.39468,0.43046,0.47861,0.32579,0.34791,0.29274,0.29862,0.25883,0.27249,0.57351,0.57075,0.41247,0.34505,0.28098,0.36363,0.3001,0.30001,0.59343,0.6039,0.54402,0.39966,0.55526,0.57128,0.37131,0.3377,0.53125,0.57959,0.55144,0.56511,0.4135,0.44775,0.32666,0.30408,0.30261,0.35394,0.4212,0.53381,0.58774,0.54187,0.52933,0.63954,0.44383,0.41428,0.57991,0.48979,0.50937,0.54822,0.49378,0.50853,0.31755,0.29774,0.55481,0.53912,0.55054,0.55621,0.52544,0.52913,0.49382,0.53292,0.49477,0.45608,0.36192,0.33502,0.15737,0.39422,0.57664,0.5222,0.4998,0.47529,0.45896,0.19509
0.6404,0.62315,0.6799,0.64641,0.57793,0.56699,0.62619,0.73502,0.60779,0.55267,0.4539,0.64554,0.43118,0.61785,0.56323,0.51589,0.61729,0.59299,0.62618,0.54753,0.39975,0.11114,0.70096,0.68337,0.65247,0.62524,0.44971,0.49862,0.56435,0.40004,0.67463,0.61473,1,0.9214,0.70986,0.69429,0.49841,0.517,0.35193,0.46652,0.42133,0.2178,0.60362,0.58077,0.54446,0.58221,0.65226,0.68302,0.55154,0.57587,0.58618,0.55324,0.49094,0.4601,0.64897,0.63784,0.68801,0.63001,0.5777,0.65165,0.59327,0.48237,0.7059,0.6769,0.65753,0.62579,0.80129,0.79263,0.60999,0.60495,0.5328,0.58802,0.58935,0.566,0.45647,0.50152,0.54627,0.5186,0.43723,0.50564,0.44335,0.60261,0.47875,0.42569,0.55826,0.60215,0.42395,0.38393,0.62072,0.50238,0.51793,0.59251,0.46675,0.48508,0.44407,0.35679,0.65692,0.6214,0.59536,0.62823,0.53862,0.50806,0.56293,0.55097,0.5008,0.42235,0.26308,0.29906,0.24527,0.57915,0.71279,0.62082,0.51179,0.55616,0.50612,0.14414
0.62788,0.62919,0.63748,0.64345,0.5447,0.51655,0.5907,0.73969,0.57948,0.53089,0.467,0.69643,0.41895,0.62693,0.54966,0.50291,0.61226,0.62793,0.62481,0.61428,0.41452,0.089029,0.6915,0.69293,0.62826,0.6026,0.39421,0.4409,0.57257,0.43663,0.70753,0.6731,0.9214,1,0.61386,0.6346,0.46827,0.5208,0.30711,0.46161,0.47056,0.21124,0.54199,0.51536,0.46977,0.50313,0.59239,0.64518,0.47361,0.51862,0.50752,0.50428,0.42161,0.41494,0.59637,0.60963,0.65859,0.61434,0.48716,0.61098,0.51623,0.43721,0.7102,0.70919,0.609,0.56355,0.71248,0.72455,0.61716,0.59055,0.52712,0.5911,0.60231,0.58822,0.44354,0.49653,0.55782,0.55065,0.37508,0.49801,0.3959,0.57553,0.45703,0.41161,0.50851,0.58549,0.40773,0.35134,0.58149,0.45685,0.50009,0.562,0.44413,0.44108,0.44747,0.34694,0.63055,0.63568,0.58863,0.61201,0.51632,0.45542,0.54183,0.51872,0.49565,0.39284,0.24297,0.27255,0.23206,0.5733,0.71717,0.6326,0.50521,0.57254,0.52552,0.15123
0.33951,0.27383,0.55256,0.46821,0.47801,0.51217,0.4729,0.50711,0.48453,0.40532,0.23829,0.47341,0.26349,0.47542,0.40586,0.39542,0.49031,0.51301,0.36456,0.16805,0.17371,0.0079098,0.66842,0.63729,0.64107,0.54261,0.36677,0.40918,0.28133,0.15953,0.48239,0.4312,0.70986,0.61386,1,0.90976,0.37903,0.38437,0.2146,0.34225,0.19392,-0.015151,0.48622,0.45304,0.38019,0.42735,0.52547,0.54667,0.36132,0.35082,0.47908,0.39058,0.44717,0.36685,0.47523,0.43869,0.41637,0.33237,0.49369,0.51712,0.51326,0.4717,0.52332,0.45073,0.69718,0.70753,0.80848,0.79262,0.25486,0.30096,0.42366,0.50048,0.38756,0.363,0.28111,0.33167,0.41679,0.37146,0.34217,0.47782,0.42708,0.55918,0.28191,0.25611,0.54364,0.51679,0.30211,0.30457,0.48508,0.33699,0.42821,0.46515,0.37175,0.41492,0.27026,0.2319,0.45398,0.39997,0.35932,0.40418,0.43713,0.42891,0.43812,0.42176,0.44655,0.38284,0.21059,0.27391,0.063637,0.41377,0.50719,0.4095,0.33204,0.32644,0.33873,0.11291
0.33459,0.29199,0.48775,0.4436,0.43767,0.48018,0.40895,0.46376,0.44628,0.38454,0.19875,0.45463,0.20335,0.43943,0.36068,0.3542,0.49521,0.53709,0.32932,0.18328,0.18003,-0.01465,0.6003,0.59653,0.5824,0.48701,0.32124,0.37632,0.25187,0.14252,0.42828,0.37941,0.69429,0.6346,0.90976,1,0.34578,0.39291,0.18414,0.31719,0.17006,-0.040765,0.46051,0.4218,0.35225,0.40526,0.48384,0.5181,0.31735,0.32407,0.39988,0.34995,0.38196,0.31684,0.40816,0.38599,0.426,0.36321,0.44433,0.51032,0.46051,0.46629,0.5065,0.45301,0.64872,0.68179,0.76159,0.77686,0.30852,0.33259,0.37209,0.44996,0.34597,0.33891,0.25858,0.287,0.4337,0.40213,0.31648,0.46293,0.40631,0.51585,0.23287,0.21727,0.48169,0.47306,0.26968,0.27183,0.42148,0.28782,0.40287,0.41434,0.36311,0.36874,0.27736,0.23911,0.44085,0.39121,0.31905,0.37978,0.40055,0.35037,0.41972,0.37964,0.42229,0.34128,0.20197,0.25822,0.065968,0.42077,0.51932,0.41981,0.32336,0.32407,0.3085,0.073925
0.55617,0.45046,0.64978,0.6298,0.50776,0.56819,0.65501,0.62325,0.55531,0.55821,0.51645,0.40397,0.61173,0.49632,0.64666,0.58922,0.45232,0.28971,0.57361,0.46095,0.56342,0.45587,0.60876,0.55527,0.54619,0.61174,0.53617,0.59475,0.65271,0.56658,0.59639,0.56984,0.49841,0.46827,0.37903,0.34578,1,0.86716,0.79144,0.82347,0.77723,0.54679,0.46579,0.46561,0.44443,0.45256,0.50193,0.51119,0.45187,0.464,0.42709,0.41039,0.33777,0.40084,0.68353,0.65276,0.49272,0.37123,0.36995,0.39259,0.36732,0.28494,0.50579,0.43859,0.48605,0.32307,0.51954,0.49719,0.41126,0.42675,0.55229,0.52947,0.58953,0.52874,0.55156,0.51995,0.51472,0.45153,0.33027,0.23543,0.42446,0.43774,0.64075,0.55965,0.55209,0.63918,0.60746,0.51744,0.69624,0.64442,0.73398,0.72784,0.67259,0.68072,0.58915,0.57108,0.68495,0.62037,0.70936,0.72872,0.74865,0.67147,0.70535,0.68343,0.59514,0.57371,0.61795,0.49858,0.48687,0.5481,0.68366,0.66684,0.69879,0.61952,0.54669,0.31489
0.55161,0.4547,0.62619,0.62715,0.5182,0.54029,0.59956,0.62242,0.52567,0.52009,0.52647,0.46787,0.5512,0.50926,0.57848,0.53064,0.49671,0.3681,0.53338,0.45182,0.54718,0.36056,0.60237,0.56822,0.57429,0.59016,0.53251,0.56544,0.60342,0.54808,0.62261,0.59325,0.517,0.5208,0.38437,0.39291,0.86716,1,0.6836,0.83121,0.73449,0.49571,0.42023,0.40657,0.39273,0.39794,0.47025,0.49556,0.39271,0.40095,0.40015,0.36486,0.31552,0.35103,0.61259,0.62117,0.4834,0.38075,0.34219,0.40631,0.34055,0.29928,0.50494,0.47399,0.50861,0.3482,0.51037,0.50909,0.39985,0.40381,0.51898,0.51743,0.56122,0.50479,0.5412,0.4982,0.52305,0.48849,0.29123,0.26883,0.42715,0.45135,0.56693,0.53508,0.56549,0.64255,0.58022,0.52807,0.63762,0.62169,0.7074,0.71267,0.65671,0.67424,0.60797,0.63274,0.68861,0.67887,0.67179,0.71209,0.69844,0.62612,0.68305,0.6598,0.6016,0.5736,0.55196,0.46385,0.51204,0.61254,0.71292,0.68889,0.68553,0.63164,0.57344,0.2878
0.4976,0.41779,0.63434,0.62292,0.47839,0.50385,0.60239,0.55046,0.48474,0.59187,0.41967,0.1463,0.549,0.31112,0.69098,0.64686,0.31626,0.050792,0.52821,0.47873,0.69052,0.72143,0.48429,0.41098,0.41983,0.58083,0.61238,0.68325,0.62381,0.60208,0.45454,0.49249,0.35193,0.30711,0.2146,0.18414,0.79144,0.6836,1,0.83574,0.63316,0.76767,0.44304,0.47501,0.49888,0.50937,0.42061,0.3853,0.48983,0.50188,0.30598,0.31941,0.20585,0.23983,0.67584,0.59182,0.465,0.38612,0.41057,0.38865,0.31389,0.25873,0.36304,0.33,0.30133,0.17828,0.44019,0.40942,0.38594,0.44234,0.47168,0.39509,0.53657,0.45226,0.51436,0.40622,0.30517,0.21144,0.39421,0.092307,0.35843,0.35501,0.70694,0.65828,0.45039,0.51657,0.63585,0.55202,0.68911,0.66817,0.59191,0.61494,0.60738,0.67551,0.52451,0.43667,0.57547,0.40467,0.60207,0.59706,0.63974,0.6234,0.61757,0.63934,0.53201,0.64339,0.66752,0.54018,0.44804,0.32269,0.46169,0.47695,0.63794,0.57738,0.54456,0.34954
0.48652,0.41991,0.67275,0.63123,0.54734,0.57157,0.62959,0.61367,0.55431,0.60581,0.49315,0.38249,0.55899,0.48977,0.66407,0.6453,0.44909,0.32352,0.5272,0.45319,0.66863,0.6105,0.58932,0.54406,0.58684,0.69376,0.59814,0.6771,0.62225,0.62872,0.63209,0.63827,0.46652,0.46161,0.34225,0.31719,0.82347,0.83121,0.83574,1,0.72031,0.65327,0.43612,0.44835,0.43851,0.44942,0.46545,0.49187,0.42289,0.43302,0.3456,0.32922,0.27787,0.30219,0.70523,0.69735,0.45305,0.36056,0.34409,0.40561,0.30813,0.27481,0.49044,0.44697,0.46063,0.31788,0.50763,0.5077,0.37113,0.39982,0.49404,0.48482,0.53737,0.5003,0.49446,0.46015,0.36275,0.30343,0.32136,0.23679,0.41797,0.46153,0.67847,0.68283,0.561,0.64171,0.65568,0.6095,0.70206,0.67792,0.65927,0.69635,0.64984,0.68506,0.57083,0.51991,0.65653,0.60074,0.65259,0.68235,0.67476,0.65763,0.65025,0.68524,0.63021,0.67931,0.59559,0.58527,0.41364,0.46814,0.60815,0.57005,0.65299,0.64386,0.63577,0.40071
0.52466,0.46947,0.49746,0.4975,0.38928,0.42667,0.53288,0.52764,0.45524,0.43045,0.46636,0.43207,0.53584,0.46747,0.55386,0.47384,0.45424,0.35563,0.47798,0.43228,0.59125,0.41977,0.50021,0.48057,0.51176,0.57118,0.37958,0.47501,0.61921,0.5979,0.61738,0.58718,0.42133,0.47056,0.19392,0.17006,0.77723,0.73449,0.63316,0.72031,1,0.52781,0.31044,0.31248,0.32045,0.30784,0.36302,0.41907,0.33111,0.3451,0.26909,0.31381,0.21297,0.29166,0.54598,0.56822,0.44301,0.35219,0.18984,0.25508,0.19793,0.13689,0.44919,0.37084,0.37122,0.19091,0.34789,0.33627,0.3712,0.35299,0.45933,0.46186,0.58843,0.52828,0.49836,0.45116,0.43841,0.40558,0.26962,0.27126,0.35583,0.3941,0.58138,0.53247,0.43628,0.54566,0.4867,0.44082,0.54864,0.50691,0.564,0.59269,0.5173,0.51157,0.47214,0.48815,0.57817,0.60652,0.63863,0.68042,0.584,0.53441,0.53538,0.57684,0.49327,0.48734,0.50153,0.45101,0.36606,0.45038,0.5947,0.58035,0.56165,0.53755,0.48225,0.36019
0.45109,0.40674,0.49313,0.50603,0.3446,0.30614,0.51059,0.45736,0.32667,0.51809,0.3647,0.084509,0.44402,0.20847,0.56079,0.57903,0.20034,-0.043932,0.43314,0.49463,0.68847,0.80677,0.33442,0.28159,0.20398,0.44394,0.4896,0.52205,0.56009,0.60613,0.34899,0.41672,0.2178,0.21124,-0.015151,-0.040765,0.54679,0.49571,0.76767,0.65327,0.52781,1,0.2525,0.29065,0.30284,0.31239,0.2257,0.17485,0.32522,0.3352,0.19934,0.20403,0.13487,0.18215,0.48867,0.388,0.37243,0.31229,0.30536,0.25364,0.24123,0.20555,0.22632,0.23396,0.11677,0.040161,0.20033,0.1735,0.31794,0.35199,0.44658,0.38249,0.52096,0.44655,0.53025,0.36393,0.24507,0.18249,0.33614,0.006719,0.27335,0.25689,0.62002,0.64255,0.32236,0.37417,0.51163,0.43179,0.52487,0.54877,0.44018,0.45671,0.51068,0.58162,0.36491,0.28373,0.3862,0.24124,0.44792,0.41648,0.48155,0.49634,0.46843,0.49898,0.36977,0.51405,0.48868,0.36585,0.33311,0.17472,0.28437,0.29419,0.48984,0.44402,0.42231,0.26662
0.45651,0.54056,0.63012,0.54955,0.46519,0.43036,0.51544,0.55817,0.47652,0.43632,0.25358,0.375,0.2724,0.37107,0.46393,0.40119,0.48684,0.3759,0.41517,0.35121,0.33037,0.20612,0.50017,0.44149,0.50448,0.51304,0.43695,0.44214,0.43883,0.3201,0.42575,0.36894,0.60362,0.54199,0.48622,0.46051,0.46579,0.42023,0.44304,0.43612,0.31044,0.2525,1,0.95503,0.91713,0.88185,0.94432,0.90268,0.91348,0.87649,0.60328,0.5669,0.43294,0.49386,0.80085,0.75736,0.59416,0.59963,0.46219,0.50658,0.27328,0.14684,0.52142,0.40773,0.41404,0.25493,0.72117,0.69586,0.50613,0.58639,0.46078,0.47208,0.47288,0.4179,0.31405,0.44283,0.4679,0.41599,0.43487,0.43981,0.37923,0.49365,0.36605,0.38592,0.31174,0.4477,0.38334,0.332,0.48729,0.4068,0.49349,0.5954,0.38883,0.42383,0.47681,0.34999,0.71577,0.4861,0.72901,0.6581,0.49689,0.42297,0.52601,0.46723,0.41039,0.42051,0.26663,0.22396,0.33735,0.4896,0.54974,0.58019,0.48973,0.5519,0.49472,0.14184
