1,0.69542,0.63563,0.63208,0.39085,0.374,0.64726,0.63788,0.46957,0.4257,0.57255,0.56211,0.62919,0.59213,0.4914,0.45132,0.58569,0.5731,0.74038,0.74313,0.44403,0.37828,0.58123,0.51689,0.57125,0.5347,0.46383,0.33714,0.53375,0.46622,0.4574,0.4429,0.64729,0.63408,0.48732,0.46873,0.33505,0.24675,0.48702,0.3665,0.3298,0.39825,0.45116,0.43965,0.49602,0.45039,0.45882,0.46885,0.50452,0.43109,0.40474,0.33331,0.22381,0.26724,0.3667,0.35348,0.78925,0.6478,0.51441,0.48717,0.557,0.3768,0.58461,0.5018,0.40375,0.35689,0.56375,0.5198,0.55608,0.42278,0.053186,0.11974,0.35224,0.3837,0.26211,0.20456,0.14884,0.14255,0.37667,0.46955,0.42485,0.40321,0.45905,0.45731,0.44355,0.30158,0.27093,0.16707,0.37746,0.27383,0.39032,0.32828,0.36869,0.34041,0.19788,0.25172,0.3169,0.23966,0.34591,0.26675,0.42599,0.37949,0.44722,0.36128,0.35884,0.26863,0.33073,0.22893,0.17672,0.24966,0.21747,0.32922,0.26675,0.33431,0.18995,0.027244
0.69542,1,0.40034,0.40959,0.34153,0.35751,0.39721,0.41659,0.32105,0.30154,0.31917,0.35548,0.45416,0.35346,0.39099,0.29553,0.53409,0.65276,0.5583,0.78401,0.39572,0.33105,0.32667,0.25606,0.41172,0.34547,0.31207,0.15325,0.40667,0.36984,0.2735,0.22015,0.60928,0.58165,0.49868,0.49033,0.28596,0.21936,0.44637,0.3936,0.23762,0.31888,0.54632,0.57443,0.55975,0.57131,0.53955,0.57915,0.51351,0.4897,0.30827,0.26685,0.17664,0.23521,0.35088,0.34674,0.74926,0.77665,0.40332,0.42421,0.34397,0.25229,0.46582,0.36805,0.254,0.21679,0.59667,0.55302,0.72399,0.66232,-0.10963,-0.060092,0.28684,0.39454,0.20711,0.15566,0.15282,0.15466,0.42711,0.63089,0.40831,0.36867,0.35423,0.36692,0.29548,0.13273,0.24739,0.16483,0.27672,0.14734,0.19189,0.17442,0.13623,0.22843,0.33606,0.34866,0.46719,0.22969,0.29328,0.14006,0.29299,0.28188,0.40812,0.30784,0.33951,0.26019,0.29134,0.26474,0.17786,0.26167,0.30013,0.32596,0.14607,0.43976,0.30543,0.021528
0.63563,0.40034,1,0.86502,0.31191,0.23484,0.86347,0.78238,0.58094,0.29887,0.46273,0.3593,0.56752,0.46995,0.29147,0.30453,0.33656,0.23316,0.73656,0.607,0.2695,0.19989,0.91661,0.82615,0.69921,0.65012,0.36986,0.25065,0.38786,0.28346,0.70689,0.69246,0.53689,0.63007,0.3839,0.38715,0.13126,0.1034,0.22042,0.14544,0.27844,0.39788,0.29852,0.29432,0.4071,0.3127,0.29005,0.30631,0.25494,0.23534,0.21614,0.16562,0.11142,0.17279,0.14754,0.15611,0.44097,0.34067,0.20318,0.17861,0.36701,0.20608,0.33425,0.25555,0.40524,0.27288,0.43712,0.38322,0.24657,0.22406,0.37099,0.50725,0.47506,0.46427,0.389,0.43084,0.2826,0.26729,0.20893,0.20692,0.15789,0.14703,0.25461,0.2573,0.25562,0.13767,-0.093804,-0.17933,0.13406,0.0027267,0.4885,0.42867,0.52391,0.41538,0.084804,0.1665,0.16881,0.079046,0.36795,0.28825,0.45236,0.3911,0.38217,0.38065,0.3594,0.35109,0.18698,0.085954,0.31892,0.29527,0.12858,0.30029,0.26134,0.25537,0.073424,0.13346
0.63208,0.40959,0.86502,1,0.24321,0.2286,0.85549,0.86308,0.54285,0.36291,0.46677,0.45748,0.56559,0.55578,0.26267,0.36325,0.29236,0.2065,0.68893,0.63842,0.25234,0.21478,0.87278,0.85783,0.599,0.61012,0.31849,0.23605,0.40527,0.32505,0.70039,0.7273,0.53799,0.65699,0.34533,0.3865,0.17205,0.16069,0.26377,0.19039,0.32023,0.42328,0.18791,0.19092,0.29695,0.22134,0.21428,0.22738,0.17135,0.15963,0.13095,0.1077,0.035685,0.082045,0.13982,0.1127,0.3755,0.28431,0.17546,0.17977,0.34262,0.2514,0.31019,0.30832,0.37394,0.31082,0.38474,0.34577,0.27957,0.22355,0.38352,0.50947,0.46469,0.46692,0.35529,0.40417,0.28747,0.30597,0.15389,0.13916,0.13815,0.12839,0.25836,0.26297,0.26397,0.17497,-0.066928,-0.14349,0.18487,0.054407,0.48821,0.36815,0.55601,0.36759,0.14551,0.24379,0.27088,0.19986,0.38482,0.27796,0.48262,0.4004,0.40543,0.38364,0.36687,0.36913,0.21923,0.095371,0.33708,0.33417,0.2077,0.34555,0.33137,0.27784,0.0853,0.16209
0.39085,0.34153,0.31191,0.24321,1,0.71985,0.34134,0.37886,0.61339,0.46481,0.41571,0.3822,0.46889,0.43982,0.60082,0.38079,0.42148,0.51589,0.33288,0.36116,0.55616,0.53751,0.25328,0.17281,0.57136,0.57606,0.70395,0.61184,0.37251,0.44292,0.24915,0.21412,0.45751,0.38179,0.49489,0.49121,0.42863,0.35826,0.45118,0.41389,0.16744,0.17019,0.3742,0.32629,0.40155,0.35828,0.40421,0.38604,0.39207,0.34126,0.51811,0.36882,0.3731,0.26918,0.45558,0.41807,0.4338,0.40256,0.36443,0.43154,0.47891,0.44848,0.45296,0.43431,0.45917,0.44815,0.52546,0.5224,0.35136,0.36317,-0.23962,-0.0075961,0.098014,0.17688,0.094227,0.1015,0.067953,0.02311,0.23091,0.38339,0.33699,0.37372,0.39523,0.39155,0.39465,0.26972,0.41849,0.39604,0.51541,0.44724,0.39682,0.46929,0.327,0.48821,0.11203,0.134,0.17728,0.080929,0.30294,0.21421,0.15607,0.2911,0.29708,0.26034,0.27411,0.32821,0.38596,0.18494,0.042975,0.076633,0.17769,0.14816,0.23679,0.27143,0.41871,-0.25921
0.374,0.35751,0.23484,0.2286,0.71985,1,0.28993,0.3718,0.4842,0.69302,0.48213,0.49063,0.50092,0.51714,0.60685,0.49147,0.45828,0.53263,0.29797,0.36764,0.53921,0.54132,0.19336,0.12553,0.44831,0.54564,0.66004,0.67182,0.42483,0.49543,0.18997,0.15751,0.4814,0.41504,0.54507,0.52227,0.40262,0.35526,0.47509,0.4435,0.13808,0.15202,0.31605,0.27356,0.3814,0.32389,0.36445,0.33126,0.41021,0.3392,0.49241,0.38304,0.40572,0.25844,0.49632,0.40384,0.40398,0.39819,0.44437,0.50809,0.57653,0.62308,0.50493,0.50404,0.48191,0.58095,0.53521,0.55163,0.35125,0.36257,-0.29292,-0.10858,0.033933,0.12613,0.031937,0.035974,0.012749,-0.017402,0.28697,0.41262,0.4228,0.4429,0.51491,0.49779,0.51063,0.34484,0.54756,0.46716,0.63835,0.54338,0.38525,0.42546,0.37252,0.48339,0.14392,0.15566,0.17379,0.099632,0.24646,0.13365,0.18264,0.31279,0.24289,0.23809,0.22822,0.26991,0.28626,0.24358,-0.0016824,0.039557,0.15897,0.054642,0.17981,0.20866,0.32968,-0.20869
0.64726,0.39721,0.86347,0.85549,0.34134,0.28993,1,0.88027,0.62046,0.35153,0.52647,0.52414,0.68939,0.61078,0.40057,0.39935,0.34783,0.27385,0.745,0.62743,0.3615,0.28217,0.81929,0.7468,0.61978,0.63765,0.39848,0.31494,0.49679,0.39873,0.71545,0.72451,0.60634,0.67559,0.42822,0.45538,0.20243,0.21879,0.29621,0.24143,0.30964,0.43805,0.23397,0.23583,0.37322,0.27227,0.25424,0.27448,0.25068,0.21497,0.27832,0.20181,0.13064,0.17771,0.24544,0.21916,0.42538,0.33882,0.27644,0.2428,0.49684,0.36525,0.39985,0.41222,0.48255,0.39739,0.48864,0.4304,0.28383,0.25966,0.35888,0.49246,0.4753,0.4662,0.39686,0.4044,0.31317,0.30956,0.18151,0.18442,0.21005,0.22833,0.33656,0.33684,0.35163,0.26553,0.016839,-0.04096,0.30922,0.17933,0.52436,0.50115,0.54681,0.4749,0.1717,0.27304,0.28333,0.17037,0.40817,0.32859,0.49757,0.46764,0.41956,0.44687,0.3908,0.34175,0.29155,0.067562,0.30666,0.30896,0.20947,0.33229,0.31972,0.29079,0.13211,0.098767
0.63788,0.41659,0.78238,0.86308,0.37886,0.3718,0.88027,1,0.58014,0.43225,0.4986,0.58633,0.64878,0.67035,0.37033,0.40135,0.3229,0.26544,0.66606,0.61673,0.34597,0.31895,0.74518,0.68207,0.58108,0.62753,0.37597,0.29824,0.4707,0.41751,0.66612,0.68382,0.62199,0.70062,0.3681,0.42981,0.20451,0.22883,0.32539,0.27065,0.27909,0.37636,0.22548,0.22954,0.35678,0.28138,0.26348,0.25581,0.28443,0.24004,0.29755,0.24195,0.14531,0.13009,0.26263,0.20941,0.39866,0.3187,0.33696,0.33472,0.48124,0.43139,0.36889,0.44344,0.37072,0.44919,0.48475,0.45683,0.31408,0.3014,0.30618,0.44168,0.4301,0.42937,0.35064,0.35307,0.26639,0.26204,0.14552,0.17906,0.174,0.21053,0.31283,0.33338,0.28844,0.23771,0.032645,-0.043035,0.3292,0.21267,0.52143,0.43681,0.55069,0.42477,0.17502,0.29066,0.29668,0.21777,0.41576,0.28989,0.52894,0.44472,0.44647,0.4016,0.39263,0.36638,0.30659,0.14379,0.31051,0.28992,0.2189,0.30995,0.37601,0.29096,0.1416,0.09216
0.46957,0.32105,0.58094,0.54285,0.61339,0.4842,0.62046,0.58014,1,0.58601,0.42374,0.42464,0.60085,0.52559,0.53559,0.40077,0.37821,0.38721,0.46179,0.4076,0.3669,0.30168,0.54674,0.4767,0.61323,0.59159,0.4833,0.42587,0.3729,0.36915,0.44604,0.41349,0.4861,0.45574,0.42644,0.40485,0.1425,0.065915,0.18726,0.10814,0.18015,0.23244,0.29072,0.26944,0.38219,0.32064,0.308,0.31312,0.40514,0.34844,0.36224,0.30287,0.27648,0.22377,0.2627,0.22666,0.40605,0.40858,0.39058,0.40246,0.53321,0.47577,0.40812,0.46884,0.51283,0.42417,0.45793,0.42243,0.24869,0.25804,0.072315,0.27914,0.305,0.37772,0.24939,0.28024,0.19728,0.16635,0.27073,0.30027,0.23567,0.22527,0.25053,0.2573,0.33993,0.16689,0.10039,0.034971,0.27885,0.20192,0.46257,0.43566,0.47819,0.44423,0.042034,0.10333,0.13443,0.058313,0.31385,0.23972,0.34464,0.39946,0.34836,0.32869,0.23124,0.2602,0.24364,0.16911,0.21936,0.14078,0.085158,0.21567,0.24294,0.25824,0.17858,-0.064702
0.4257,0.30154,0.29887,0.36291,0.46481,0.69302,0.35153,0.43225,0.58601,1,0.50199,0.58468,0.57453,0.67701,0.57631,0.61845,0.41505,0.41894,0.31028,0.32446,0.36593,0.36678,0.29371,0.29398,0.34389,0.43659,0.51786,0.54188,0.33544,0.42909,0.1411,0.15406,0.3217,0.28868,0.38403,0.33469,0.25785,0.20877,0.35321,0.27807,0.15762,0.19827,0.12374,0.099297,0.18723,0.12651,0.19055,0.15336,0.2954,0.22873,0.3125,0.30501,0.32819,0.22637,0.33981,0.23547,0.34605,0.35152,0.40901,0.48408,0.59673,0.63356,0.47025,0.44646,0.45984,0.54899,0.32524,0.35109,0.21492,0.20174,-0.16589,-0.035113,0.037934,0.14044,-0.010989,-0.013537,-0.0036012,0.0054024,0.31371,0.37886,0.4063,0.3749,0.42085,0.38903,0.55459,0.34946,0.42191,0.36314,0.54778,0.46895,0.37697,0.29264,0.44083,0.36248,0.057561,0.10823,0.086318,0.049532,0.15487,0.047004,0.24724,0.3008,0.23078,0.19866,0.19259,0.18576,0.15952,0.12758,0.047583,0.052114,0.076353,0.032606,0.16053,0.069013,0.075753,-0.04672
0.57255,0.31917,0.46273,0.46677,0.41571,0.48213,0.52647,0.4986,0.42374,0.50199,1,0.60873,0.73177,0.64626,0.60892,0.60518,0.50107,0.45857,0.5195,0.44119,0.37602,0.34945,0.45554,0.46347,0.44235,0.48726,0.5808,0.54862,0.48359,0.52163,0.34022,0.37673,0.38963,0.39926,0.46067,0.43694,0.35902,0.35592,0.38197,0.33925,0.22177,0.27442,0.11949,0.097166,0.22838,0.15386,0.14787,0.13735,0.26059,0.20507,0.32986,0.29475,0.32747,0.25685,0.27374,0.18608,0.41406,0.38293,0.40249,0.45208,0.61675,0.45407,0.65437,0.49311,0.48395,0.46709,0.41329,0.40461,0.19796,0.16346,-0.12369,0.040484,0.15583,0.18634,0.13866,0.099531,0.069958,0.059115,0.35906,0.37117,0.5358,0.54793,0.50298,0.51444,0.68318,0.52025,0.38979,0.38881,0.54891,0.44588,0.49057,0.48863,0.46174,0.50251,0.023446,0.084488,0.1265,0.017262,0.24987,0.17827,0.38109,0.44935,0.33925,0.35392,0.30884,0.29156,0.30594,0.12002,0.074404,0.090984,0.084986,0.12748,0.23452,0.14134,0.10664,-0.067573
0.56211,0.35548,0.3593,0.45748,0.3822,0.49063,0.52414,0.58633,0.42464,0.58468,0.60873,1,0.62834,0.82378,0.58418,0.64786,0.37672,0.42037,0.44066,0.42669,0.40367,0.3889,0.36739,0.37016,0.3349,0.42292,0.4686,0.48318,0.51886,0.56406,0.27783,0.34119,0.34262,0.35849,0.37239,0.31157,0.38077,0.36058,0.48536,0.37611,0.25526,0.25806,0.07511,0.056352,0.14066,0.095419,0.1415,0.11769,0.33267,0.28416,0.40378,0.43581,0.42671,0.32996,0.42019,0.28874,0.34409,0.39764,0.50949,0.55411,0.64512,0.54687,0.4845,0.57661,0.35287,0.46449,0.31805,0.3216,0.18309,0.12426,-0.11327,-0.013709,0.080243,0.11019,0.019998,-0.041875,-0.10693,-0.11382,0.21089,0.25819,0.3713,0.41638,0.5117,0.46804,0.52055,0.4753,0.45826,0.42409,0.58897,0.59571,0.39351,0.30664,0.3452,0.28392,0.013567,0.1311,0.074965,0.060179,0.17995,0.058872,0.306,0.27494,0.25492,0.16195,0.20161,0.089999,0.27073,0.052775,-0.035321,-0.035068,0.0031901,-0.016887,0.12731,0.011875,-0.0049377,-0.031354
0.62919,0.45416,0.56752,0.56559,0.46889,0.50092,0.68939,0.64878,0.60085,0.57453,0.73177,0.62834,1,0.73889,0.71322,0.63183,0.50639,0.49658,0.6059,0.55111,0.38762,0.34761,0.53332,0.49037,0.4879,0.53844,0.53305,0.46995,0.51805,0.51365,0.38375,0.39533,0.53246,0.52054,0.50322,0.48198,0.33974,0.32482,0.39177,0.35415,0.29773,0.38517,0.24349,0.23839,0.36598,0.27765,0.27705,0.27809,0.34816,0.28424,0.36704,0.33205,0.30163,0.23594,0.36098,0.27863,0.49175,0.47761,0.4551,0.47402,0.67883,0.5614,0.65153,0.55048,0.5585,0.54753,0.51984,0.49389,0.32263,0.32665,0.032092,0.16048,0.30561,0.3595,0.26225,0.22822,0.17565,0.16346,0.3672,0.42789,0.50201,0.4888,0.49688,0.50975,0.64485,0.42949,0.34095,0.29263,0.58002,0.43364,0.47647,0.49987,0.50283,0.53925,0.15806,0.21133,0.23257,0.068006,0.30032,0.18532,0.44297,0.54256,0.39619,0.44438,0.39267,0.31978,0.35249,0.18079,0.11759,0.13815,0.139,0.1557,0.2374,0.18898,0.16883,0.019808
0.59213,0.35346,0.46995,0.55578,0.43982,0.51714,0.61078,0.67035,0.52559,0.67701,0.64626,0.82378,0.73889,1,0.64858,0.75702,0.4407,0.42749,0.44957,0.42756,0.39661,0.40065,0.48011,0.49086,0.45033,0.53477,0.56792,0.55062,0.51637,0.55604,0.33803,0.3806,0.42372,0.41196,0.45983,0.41269,0.37687,0.39721,0.47712,0.3945,0.33232,0.40936,0.15902,0.13473,0.25091,0.17039,0.21748,0.19573,0.35144,0.28394,0.45605,0.41208,0.39107,0.32651,0.46007,0.34282,0.41374,0.39559,0.49328,0.52345,0.70667,0.6161,0.59649,0.58316,0.51567,0.60158,0.43725,0.44406,0.22241,0.2022,0.025319,0.10729,0.20846,0.25735,0.12766,0.097179,0.0725,0.053225,0.29278,0.34323,0.45259,0.49062,0.5419,0.51453,0.61472,0.53937,0.42932,0.40884,0.59888,0.55702,0.49581,0.39095,0.49846,0.40346,0.071915,0.19455,0.13408,0.054046,0.2285,0.11308,0.39928,0.37998,0.32457,0.27141,0.36752,0.27604,0.34028,0.10755,0.048786,0.061283,0.055536,0.028218,0.19872,0.075784,0.10113,0.050765
0.4914,0.39099,0.29147,0.26267,0.60082,0.60685,0.40057,0.37033,0.53559,0.57631,0.60892,0.58418,0.71322,0.64858,1,0.75824,0.65008,0.69547,0.35529,0.35714,0.56303,0.56988,0.27112,0.21541,0.54555,0.59636,0.70001,0.66844,0.63758,0.6726,0.30609,0.27002,0.49942,0.39647,0.61417,0.53269,0.42992,0.37974,0.53452,0.5068,0.24984,0.29398,0.40317,0.35272,0.46849,0.3894,0.45902,0.42771,0.49797,0.40641,0.55821,0.44956,0.44212,0.34797,0.58299,0.51468,0.54028,0.54785,0.48421,0.51716,0.67615,0.60487,0.75914,0.64138,0.63898,0.59397,0.59052,0.58844,0.30442,0.33119,-0.21077,-0.11097,0.1447,0.20728,0.080586,0.010553,-0.00042685,-0.030142,0.47837,0.57398,0.63542,0.65359,0.73916,0.68103,0.67239,0.53942,0.64161,0.57133,0.63367,0.56758,0.42821,0.43243,0.33967,0.47423,0.11434,0.16046,0.18355,0.041983,0.23907,0.15134,0.26135,0.3489,0.31122,0.25306,0.27995,0.23978,0.36916,0.21505,-0.036823,-0.0013959,0.077783,0.071419,0.09744,0.16284,0.23977,-0.11405
0.45132,0.29553,0.30453,0.36325,0.38079,0.49147,0.39935,0.40135,0.40077,0.61845,0.60518,0.64786,0.63183,0.75702,0.75824,1,0.53041,0.53262,0.3217,0.32191,0.46222,0.48398,0.33707,0.34555,0.42272,0.5086,0.59556,0.63274,0.59971,0.64956,0.28376,0.28892,0.32241,0.27893,0.45292,0.36653,0.41399,0.40793,0.52207,0.46571,0.32804,0.33758,0.19062,0.13277,0.25364,0.16979,0.247,0.19351,0.32324,0.2208,0.42317,0.31937,0.36388,0.32232,0.48331,0.37477,0.39509,0.40305,0.36468,0.43562,0.5966,0.50821,0.69476,0.58628,0.56062,0.51735,0.3986,0.39593,0.19326,0.18228,-0.10855,-0.073024,0.12689,0.15268,0.073521,-0.03932,-0.053729,-0.067008,0.35214,0.40563,0.56739,0.60725,0.69519,0.67086,0.66911,0.61618,0.61295,0.5842,0.58543,0.56826,0.4106,0.34065,0.39476,0.38434,0.11397,0.18314,0.15918,0.070092,0.18183,0.077146,0.2636,0.29,0.24979,0.17975,0.26562,0.22255,0.26611,0.11609,-0.047196,0.027682,0.10152,0.024054,0.066766,0.054217,0.12166,-0.0059533
0.58569,0.53409,0.33656,0.29236,0.42148,0.45828,0.34783,0.3229,0.37821,0.41505,0.50107,0.37672,0.50639,0.4407,0.65008,0.53041,1,0.83397,0.39751,0.45969,0.50367,0.46927,0.30026,0.22716,0.55753,0.54969,0.51485,0.46229,0.7499,0.68956,0.36705,0.2921,0.62836,0.51727,0.52148,0.48956,0.31027,0.21635,0.41635,0.35859,0.2129,0.24719,0.50212,0.45103,0.54894,0.45539,0.51972,0.48522,0.49827,0.37996,0.43667,0.30011,0.26411,0.3218,0.4457,0.44777,0.73429,0.64593,0.44091,0.4061,0.522,0.40571,0.7471,0.57764,0.44316,0.39509,0.59425,0.55789,0.45262,0.44716,-0.068362,-0.083837,0.22198,0.31049,0.17777,0.11247,0.16973,0.1309,0.82975,0.80087,0.78532,0.71726,0.63466,0.70684,0.4872,0.37293,0.42005,0.32504,0.37778,0.33533,0.29631,0.25781,0.25146,0.30054,0.21676,0.21859,0.27557,0.072317,0.23121,0.1453,0.25826,0.3087,0.36199,0.2641,0.33672,0.26708,0.33231,0.23788,0.1102,0.14876,0.11372,0.15749,0.084766,0.32288,0.2639,-0.013285
0.5731,0.65276,0.23316,0.2065,0.51589,0.53263,0.27385,0.26544,0.38721,0.41894,0.45857,0.42037,0.49658,0.42749,0.69547,0.53262,0.83397,1,0.38588,0.52043,0.57424,0.55454,0.17344,0.085501,0.49938,0.49148,0.53623,0.46614,0.6762,0.73865,0.30424,0.21983,0.58854,0.48877,0.55825,0.52696,0.36742,0.3117,0.4773,0.46952,0.16153,0.24383,0.5367,0.4966,0.56541,0.5371,0.56587,0.54492,0.54673,0.47589,0.47151,0.3239,0.31701,0.30669,0.53967,0.50395,0.74284,0.77871,0.43687,0.45371,0.49583,0.40546,0.71667,0.64982,0.43455,0.36409,0.60239,0.57679,0.53801,0.53763,-0.20337,-0.16162,0.15784,0.27833,0.13637,0.068632,0.082573,0.026029,0.64269,0.81407,0.67361,0.67529,0.59829,0.6922,0.49618,0.33984,0.52028,0.46097,0.4752,0.40845,0.24915,0.26699,0.1523,0.31816,0.25312,0.24052,0.33754,0.14643,0.27208,0.18173,0.20279,0.28639,0.36592,0.26765,0.28087,0.26083,0.41139,0.24243,0.034666,0.085317,0.20219,0.19627,0.068432,0.39386,0.3678,-0.089978
0.74038,0.5583,0.73656,0.68893,0.33288,0.29797,0.745,0.66606,0.46179,0.31028,0.5195,0.44066,0.6059,0.44957,0.35529,0.3217,0.39751,0.38588,1,0.80667,0.36456,0.30998,0.67154,0.60528,0.52028,0.51159,0.36672,0.2419,0.45168,0.38409,0.58813,0.59681,0.59956,0.66947,0.40755,0.39345,0.24969,0.19139,0.36642,0.29169,0.26644,0.41085,0.25399,0.27086,0.33569,0.26259,0.26749,0.30444,0.23135,0.20815,0.16528,0.15752,0.11855,0.18034,0.19523,0.182,0.54574,0.40256,0.24435,0.23245,0.38726,0.26643,0.41528,0.29583,0.34333,0.2491,0.41835,0.36018,0.43167,0.34598,0.177,0.32116,0.39291,0.39833,0.32551,0.30957,0.17005,0.16201,0.23675,0.33502,0.29231,0.25234,0.34637,0.3176,0.35077,0.17563,0.09342,-0.0022333,0.26608,0.13311,0.34896,0.41985,0.35574,0.35321,0.17659,0.19812,0.24252,0.13929,0.31253,0.26833,0.37601,0.36151,0.32363,0.37549,0.30487,0.26262,0.18119,0.088063,0.26624,0.31366,0.21347,0.29681,0.19189,0.21584,0.096614,0.071217
0.74313,0.78401,0.607,0.63842,0.36116,0.36764,0.62743,0.61673,0.4076,0.32446,0.44119,0.42669,0.55111,0.42756,0.35714,0.32191,0.45969,0.52043,0.80667,1,0.44056,0.38412,0.5632,0.48672,0.47907,0.47805,0.35934,0.21538,0.50217,0.47596,0.54989,0.54273,0.72773,0.79856,0.46551,0.49311,0.31928,0.28207,0.46795,0.41525,0.3187,0.39209,0.34763,0.36041,0.44028,0.38596,0.35596,0.37902,0.30262,0.27043,0.20354,0.145,0.096372,0.10609,0.28412,0.22946,0.59503,0.52475,0.24891,0.27649,0.31207,0.21373,0.43158,0.36298,0.2899,0.2274,0.56663,0.48561,0.75399,0.66418,0.02993,0.18282,0.3644,0.42107,0.2657,0.26241,0.19482,0.22889,0.26847,0.43474,0.31225,0.28148,0.36873,0.38297,0.3194,0.12573,0.16578,0.056638,0.32154,0.1506,0.2786,0.32286,0.29497,0.34902,0.41753,0.43552,0.5002,0.32492,0.33866,0.18916,0.36022,0.37255,0.38217,0.39103,0.33616,0.32623,0.28195,0.18913,0.30627,0.39906,0.4048,0.38351,0.27989,0.43011,0.29136,0.019312
0.44403,0.39572,0.2695,0.25234,0.55616,0.53921,0.3615,0.34597,0.3669,0.36593,0.37602,0.40367,0.38762,0.39661,0.56303,0.46222,0.50367,0.57424,0.36456,0.44056,1,0.84889,0.26122,0.17927,0.55664,0.5891,0.661,0.64877,0.53061,0.56252,0.47905,0.44797,0.5076,0.45935,0.47664,0.46134,0.44402,0.40566,0.55034,0.53926,0.35057,0.26674,0.37851,0.32747,0.42496,0.3638,0.42496,0.41679,0.3361,0.28759,0.50956,0.29275,0.29321,0.27961,0.54281,0.49242,0.45296,0.44966,0.30098,0.3169,0.41243,0.33718,0.51912,0.54617,0.51784,0.42279,0.55549,0.50448,0.41677,0.41274,-0.16177,-0.027898,0.12202,0.14596,0.10849,0.011235,-0.01419,-0.031318,0.2682,0.40421,0.42063,0.46753,0.50187,0.48033,0.4386,0.43248,0.46433,0.47902,0.45957,0.46018,0.36271,0.42343,0.27421,0.43859,0.23723,0.29277,0.31049,0.20374,0.31714,0.25253,0.14152,0.24543,0.24561,0.2248,0.24808,0.3055,0.36538,0.14457,0.036724,0.0081273,0.22229,0.16582,0.081113,0.29587,0.38605,-0.11655
0.37828,0.33105,0.19989,0.21478,0.53751,0.54132,0.28217,0.31895,0.30168,0.36678,0.34945,0.3889,0.34761,0.40065,0.56988,0.48398,0.46927,0.55454,0.30998,0.38412,0.84889,1,0.21339,0.16724,0.53347,0.6002,0.62068,0.67339,0.51391,0.59483,0.47158,0.44813,0.45838,0.42459,0.43794,0.42772,0.49465,0.45983,0.58479,0.57926,0.33016,0.32523,0.33818,0.29427,0.38284,0.32911,0.39034,0.3763,0.28859,0.25463,0.47189,0.26226,0.25041,0.21097,0.52337,0.48164,0.38123,0.3747,0.23713,0.28305,0.34405,0.31133,0.49455,0.5014,0.45479,0.42072,0.51489,0.48684,0.37019,0.36498,-0.21537,-0.031804,0.091668,0.14663,0.072595,-0.0028355,-0.073187,-0.083058,0.25207,0.37784,0.41139,0.45328,0.55292,0.51472,0.43059,0.41701,0.52666,0.52846,0.45316,0.46718,0.34431,0.3961,0.24057,0.41183,0.21647,0.24527,0.29373,0.17169,0.29954,0.20642,0.13091,0.22114,0.21616,0.19758,0.23384,0.29587,0.35601,0.16635,-0.0040059,-0.013006,0.20872,0.17272,0.085352,0.2513,0.3746,-0.16792
0.58123,0.32667,0.91661,0.87278,0.25328,0.19336,0.81929,0.74518,0.54674,0.29371,0.45554,0.36739,0.53332,0.48011,0.27112,0.33707,0.30026,0.17344,0.67154,0.5632,0.26122,0.21339,1,0.92341,0.70819,0.67068,0.38999,0.29189,0.34935,0.25765,0.72794,0.73718,0.49306,0.5926,0.39723,0.39732,0.17853,0.13509,0.25247,0.17352,0.3375,0.40931,0.21118,0.21291,0.31883,0.21785,0.20608,0.23627,0.14154,0.15187,0.17303,0.12699,0.087668,0.17581,0.1132,0.11192,0.39005,0.24388,0.12457,0.10356,0.32867,0.20585,0.30304,0.1992,0.4243,0.30433,0.40002,0.35263,0.19549,0.17774,0.3645,0.50364,0.45045,0.43582,0.34705,0.3857,0.2532,0.25447,0.17808,0.16429,0.1324,0.13163,0.25578,0.22972,0.2621,0.16221,-0.10207,-0.17831,0.11519,-0.019354,0.49236,0.41858,0.56317,0.40603,0.081968,0.14452,0.1106,0.043257,0.28124,0.22705,0.42047,0.37092,0.32774,0.33301,0.35526,0.38,0.14321,0.072224,0.31624,0.26928,0.064246,0.24041,0.23003,0.18402,0.053391,0.17415
0.51689,0.25606,0.82615,0.85783,0.17281,0.12553,0.7468,0.68207,0.4767,0.29398,0.46347,0.37016,0.49037,0.49086,0.21541,0.34555,0.22716,0.085501,0.60528,0.48672,0.17927,0.16724,0.92341,1,0.62353,0.62345,0.33166,0.29427,0.26709,0.1861,0.62212,0.6795,0.36127,0.46955,0.34914,0.34019,0.16714,0.13667,0.23032,0.12507,0.34926,0.41414,0.10332,0.1169,0.20191,0.10254,0.11459,0.14775,0.035448,0.065118,0.097854,0.081871,0.080602,0.18745,0.025752,0.043035,0.29072,0.15376,0.061084,0.048576,0.29044,0.17787,0.25665,0.12038,0.40136,0.30783,0.30229,0.27683,0.10196,0.070167,0.34641,0.47118,0.39104,0.37853,0.29251,0.32713,0.20507,0.21942,0.15697,0.11736,0.13687,0.1339,0.22526,0.18947,0.28504,0.21637,-0.092106,-0.11485,0.076244,-0.018363,0.47891,0.36155,0.56514,0.34544,0.027781,0.082564,0.041468,-0.012099,0.21115,0.17403,0.3855,0.32006,0.27358,0.27151,0.33883,0.35829,0.094471,0.015855,0.25938,0.2095,0.0093618,0.17911,0.16478,0.077909,-0.034895,0.16573
0.57125,0.41172,0.69921,0.599,0.57136,0.44831,0.61978,0.58108,0.61323,0.34389,0.44235,0.3349,0.4879,0.45033,0.54555,0.42272,0.55753,0.49938,0.52028,0.47907,0.55664,0.53347,0.70819,0.62353,1,0.88854,0.62636,0.54911,0.51878,0.45155,0.70364,0.62708,0.64077,0.59863,0.61154,0.60291,0.28894,0.19201,0.3928,0.32208,0.31445,0.33799,0.52725,0.49777,0.5995,0.51028,0.52624,0.53326,0.42402,0.37986,0.46054,0.28818,0.24765,0.28061,0.40416,0.40691,0.57898,0.44524,0.28956,0.25756,0.44265,0.32468,0.53545,0.40903,0.57272,0.46526,0.66387,0.62315,0.32747,0.34492,0.10367,0.26348,0.38508,0.39415,0.28714,0.26391,0.1763,0.13114,0.39592,0.4585,0.39609,0.39903,0.44619,0.4166,0.35945,0.26919,0.19275,0.10895,0.24933,0.15663,0.53808,0.46771,0.50331,0.48987,0.094402,0.16086,0.18989,0.089585,0.36448,0.29746,0.34303,0.36503,0.38868,0.30272,0.39656,0.42781,0.31528,0.26015,0.17277,0.12616,0.10681,0.22877,0.18501,0.29878,0.30162,-0.016758
0.5347,0.34547,0.65012,0.61012,0.57606,0.54564,0.63765,0.62753,0.59159,0.43659,0.48726,0.42292,0.53844,0.53477,0.59636,0.5086,0.54969,0.49148,0.51159,0.47805,0.5891,0.6002,0.67068,0.62345,0.88854,1,0.67358,0.66059,0.56517,0.54101,0.69185,0.66142,0.6361,0.61186,0.56826,0.58037,0.35176,0.2918,0.4795,0.42038,0.36709,0.35881,0.45025,0.42254,0.53567,0.44179,0.46819,0.46631,0.35857,0.29513,0.47296,0.26153,0.2413,0.26392,0.43866,0.42868,0.49664,0.37354,0.26554,0.25248,0.47158,0.41525,0.55381,0.4508,0.60337,0.56739,0.6468,0.61857,0.32885,0.34338,0.06204,0.22422,0.32,0.34019,0.23103,0.2192,0.1433,0.10153,0.35607,0.40715,0.4262,0.44078,0.51283,0.50446,0.4434,0.36343,0.27669,0.21568,0.35583,0.27247,0.50493,0.46182,0.50913,0.4928,0.083648,0.18987,0.17265,0.090016,0.31404,0.22442,0.31655,0.37011,0.34859,0.28832,0.40946,0.43513,0.3443,0.24192,0.11786,0.076764,0.096857,0.15505,0.1454,0.22899,0.2805,-0.027946
0.46383,0.31207,0.36986,0.31849,0.70395,0.66004,0.39848,0.37597,0.4833,0.51786,0.5808,0.4686,0.53305,0.56792,0.70001,0.59556,0.51485,0.53623,0.36672,0.35934,0.661,0.62068,0.38999,0.33166,0.62636,0.67358,1,0.84004,0.45857,0.52069,0.3564,0.34013,0.44371,0.38763,0.56117,0.51425,0.469,0.42058,0.51242,0.50851,0.28823,0.31007,0.34909,0.30494,0.42011,0.32614,0.37756,0.37194,0.33665,0.27744,0.50352,0.32579,0.31822,0.29475,0.47656,0.4435,0.47439,0.41842,0.34484,0.41375,0.5794,0.52083,0.62151,0.53574,0.65934,0.60666,0.5701,0.56214,0.29832,0.32554,-0.18158,-0.00095296,0.13901,0.21664,0.0995,0.10172,0.045968,0.016329,0.31236,0.40829,0.48882,0.55251,0.59292,0.52556,0.64497,0.53917,0.53309,0.50944,0.60731,0.50664,0.46446,0.49231,0.45691,0.55528,0.077105,0.13967,0.16542,0.064031,0.26491,0.19422,0.23142,0.33121,0.30541,0.25657,0.34052,0.37403,0.37795,0.1645,0.0036234,0.0534,0.14722,0.08953,0.15097,0.21824,0.34039,-0.16806
0.33714,0.15325,0.25065,0.23605,0.61184,0.67182,0.31494,0.29824,0.42587,0.54188,0.54862,0.48318,0.46995,0.55062,0.66844,0.63274,0.46229,0.46614,0.2419,0.21538,0.64877,0.67339,0.29189,0.29427,0.54911,0.66059,0.84004,1,0.41685,0.50797,0.2723,0.27453,0.32322,0.26025,0.51317,0.45798,0.43222,0.40673,0.48447,0.45668,0.27731,0.28048,0.24564,0.18404,0.32244,0.21839,0.29638,0.27802,0.27277,0.20875,0.52124,0.31151,0.365,0.33116,0.49863,0.45676,0.34649,0.30683,0.29886,0.34732,0.56559,0.52676,0.61359,0.50793,0.67419,0.62988,0.48869,0.49281,0.16173,0.18493,-0.18636,-0.030401,0.065434,0.096873,0.06091,0.016557,-0.026321,-0.075756,0.29102,0.34751,0.49854,0.5564,0.55222,0.50639,0.64886,0.5895,0.57246,0.59366,0.6036,0.57041,0.46131,0.48746,0.4447,0.5334,0.059839,0.065044,0.10102,0.031081,0.2258,0.17364,0.16473,0.2771,0.21938,0.18353,0.23852,0.30201,0.3266,0.13616,-0.098665,-0.066741,0.093453,0.024544,0.075363,0.1255,0.27905,-0.22264
0.53375,0.40667,0.38786,0.40527,0.37251,0.42483,0.49679,0.4707,0.3729,0.33544,0.48359,0.51886,0.51805,0.51637,0.63758,0.59971,0.7499,0.6762,0.45168,0.50217,0.53061,0.51391,0.34935,0.26709,0.51878,0.56517,0.45857,0.41685,1,0.84441,0.57229,0.5388,0.58959,0.57852,0.38005,0.38896,0.39117,0.34766,0.51843,0.48643,0.31706,0.27116,0.37115,0.31299,0.44317,0.37027,0.41357,0.36389,0.38283,0.29368,0.37132,0.23706,0.19619,0.19448,0.48841,0.4358,0.50879,0.44778,0.31052,0.28401,0.41399,0.27741,0.62336,0.59237,0.33755,0.27764,0.47876,0.41965,0.39446,0.35769,0.027096,0.013631,0.20666,0.21399,0.12332,0.075978,0.047591,0.05159,0.48522,0.47223,0.54478,0.52932,0.72722,0.75119,0.38489,0.37821,0.41882,0.32651,0.39492,0.37167,0.29154,0.28267,0.21694,0.24572,0.25768,0.33308,0.36891,0.22788,0.33031,0.24364,0.26021,0.2692,0.2985,0.24209,0.23384,0.2423,0.31161,0.18899,0.10525,0.14915,0.18321,0.18491,0.12886,0.25959,0.23322,-0.040105
0.46622,0.36984,0.28346,0.32505,0.44292,0.49543,0.39873,0.41751,0.36915,0.42909,0.52163,0.56406,0.51365,0.55604,0.6726,0.64956,0.68956,0.73865,0.38409,0.47596,0.56252,0.59483,0.25765,0.1861,0.45155,0.54101,0.52069,0.50797,0.84441,1,0.50471,0.47872,0.53399,0.52123,0.38582,0.39489,0.45915,0.45145,0.53344,0.52892,0.30504,0.28439,0.25403,0.19336,0.34505,0.28332,0.29792,0.24432,0.33635,0.25086,0.36354,0.22521,0.26092,0.15397,0.51814,0.37599,0.42394,0.44541,0.30014,0.33178,0.41763,0.32374,0.60649,0.61459,0.36015,0.31766,0.43722,0.38837,0.39723,0.37231,-0.11057,-0.018236,0.15128,0.2148,0.058321,0.043662,0.037527,0.013237,0.42865,0.48678,0.54486,0.54833,0.67706,0.78083,0.48341,0.40301,0.50711,0.45931,0.53258,0.48626,0.28967,0.3243,0.21272,0.32658,0.22228,0.3143,0.34134,0.2305,0.30873,0.20726,0.21944,0.27578,0.27862,0.25987,0.24692,0.28876,0.38626,0.19218,0.03087,0.057419,0.23279,0.16943,0.15711,0.28634,0.33432,-0.052522
0.4574,0.2735,0.70689,0.70039,0.24915,0.18997,0.71545,0.66612,0.44604,0.1411,0.34022,0.27783,0.38375,0.33803,0.30609,0.28376,0.36705,0.30424,0.58813,0.54989,0.47905,0.47158,0.72794,0.62212,0.70364,0.69185,0.3564,0.2723,0.57229,0.50471,1,0.93485,0.6182,0.7079,0.28816,0.34832,0.19671,0.1605,0.27819,0.24861,0.32766,0.33149,0.2084,0.18547,0.3526,0.26147,0.22888,0.22317,0.1392,0.12785,0.1703,0.049319,0.031728,0.049205,0.23324,0.1863,0.30714,0.24805,0.036522,0.018597,0.18348,0.085867,0.29358,0.33221,0.30373,0.16486,0.38537,0.30538,0.27307,0.26747,0.34407,0.48419,0.41174,0.39848,0.33064,0.34111,0.21667,0.21181,0.14412,0.15916,0.12327,0.1414,0.31263,0.33865,0.12921,0.12664,-0.073344,-0.13923,0.10688,0.03978,0.40719,0.39314,0.36802,0.36104,0.17088,0.25886,0.3385,0.22564,0.42433,0.33654,0.3302,0.32703,0.29565,0.31993,0.24793,0.33055,0.22353,0.12624,0.33662,0.25373,0.22031,0.32291,0.27736,0.3005,0.20303,0.093985
0.4429,0.22015,0.69246,0.7273,0.21412,0.15751,0.72451,0.68382,0.41349,0.15406,0.37673,0.34119,0.39533,0.3806,0.27002,0.28892,0.2921,0.21983,0.59681,0.54273,0.44797,0.44813,0.73718,0.6795,0.62708,0.66142,0.34013,0.27453,0.5388,0.47872,0.93485,1,0.55304,0.68238,0.24447,0.31019,0.19953,0.19768,0.27637,0.22818,0.34992,0.37075,0.1126,0.087212,0.25088,0.15616,0.14413,0.13198,0.04642,0.051113,0.12511,0.022266,0.01143,0.045407,0.17651,0.12008,0.24971,0.16798,-0.000283,-0.012398,0.1665,0.078163,0.2554,0.29285,0.29815,0.17943,0.33289,0.25262,0.22526,0.18755,0.3324,0.47335,0.37024,0.34677,0.29864,0.30718,0.17862,0.19411,0.080901,0.08085,0.10004,0.11882,0.28113,0.28178,0.1754,0.188,-0.09299,-0.10019,0.11182,0.066478,0.40591,0.39265,0.41184,0.34306,0.13638,0.25367,0.28964,0.2051,0.38782,0.29737,0.34838,0.30086,0.26793,0.30154,0.2399,0.34476,0.18104,0.050214,0.32587,0.22807,0.18923,0.28988,0.25005,0.22935,0.13492,0.08946
0.64729,0.60928,0.53689,0.53799,0.45751,0.4814,0.60634,0.62199,0.4861,0.3217,0.38963,0.34262,0.53246,0.42372,0.49942,0.32241,0.62836,0.58854,0.59956,0.72773,0.5076,0.45838,0.49306,0.36127,0.64077,0.6361,0.44371,0.32322,0.58959,0.53399,0.6182,0.55304,1,0.9284,0.67501,0.73333,0.26419,0.22903,0.39419,0.36695,0.24217,0.37279,0.46726,0.46568,0.62659,0.5061,0.46702,0.468,0.45899,0.3502,0.39671,0.23559,0.15406,0.10143,0.42004,0.35587,0.64733,0.51553,0.42559,0.39535,0.48743,0.46748,0.57255,0.53886,0.48659,0.50458,0.79399,0.73847,0.66683,0.66638,0.091236,0.20153,0.48771,0.54379,0.35815,0.35326,0.39721,0.38217,0.42896,0.52628,0.42233,0.39641,0.39838,0.46338,0.33172,0.15921,0.16028,0.030695,0.37973,0.20912,0.41669,0.3983,0.41759,0.47608,0.38273,0.38513,0.47493,0.29458,0.37798,0.21646,0.45037,0.4998,0.50516,0.46915,0.42833,0.40233,0.38456,0.32284,0.30089,0.31534,0.3466,0.381,0.35075,0.51657,0.40578,-0.019058
0.63408,0.58165,0.63007,0.65699,0.38179,0.41504,0.67559,0.70062,0.45574,0.28868,0.39926,0.35849,0.52054,0.41196,0.39647,0.27893,0.51727,0.48877,0.66947,0.79856,0.45935,0.42459,0.5926,0.46955,0.59863,0.61186,0.38763,0.26025,0.57852,0.52123,0.7079,0.68238,0.9284,1,0.57045,0.65529,0.25408,0.22659,0.38739,0.35176,0.27355,0.38947,0.35747,0.36811,0.52203,0.41671,0.36721,0.36927,0.33372,0.27071,0.26613,0.16428,0.086096,0.038711,0.3312,0.25712,0.53238,0.44208,0.30335,0.30807,0.37692,0.34549,0.47291,0.47961,0.38704,0.39708,0.6878,0.63072,0.63976,0.62782,0.1865,0.31613,0.4904,0.53053,0.36207,0.39141,0.37866,0.38881,0.31243,0.38536,0.29827,0.27426,0.35349,0.42856,0.25934,0.086939,0.068038,-0.062635,0.32291,0.13455,0.38338,0.3572,0.40633,0.42342,0.39303,0.41505,0.49213,0.30645,0.38027,0.19796,0.44102,0.45084,0.46226,0.43984,0.38885,0.40252,0.3525,0.22844,0.35734,0.38586,0.37803,0.39836,0.37571,0.48545,0.34685,0.0078084
0.48732,0.49868,0.3839,0.34533,0.49489,0.54507,0.42822,0.3681,0.42644,0.38403,0.46067,0.37239,0.50322,0.45983,0.61417,0.45292,0.52148,0.55825,0.40755,0.46551,0.47664,0.43794,0.39723,0.34914,0.61154,0.56826,0.56117,0.51317,0.38005,0.38582,0.28816,0.24447,0.67501,0.57045,1,0.91246,0.38947,0.33429,0.45641,0.43693,0.21484,0.34946,0.47839,0.46253,0.61434,0.46833,0.43684,0.47171,0.42624,0.37308,0.4529,0.30519,0.30041,0.25905,0.39149,0.34315,0.58892,0.49093,0.43774,0.44777,0.56773,0.55474,0.61572,0.45943,0.70189,0.66254,0.84264,0.85762,0.41583,0.4692,-0.19346,-0.020505,0.27554,0.35105,0.15268,0.14271,0.19936,0.16497,0.40585,0.54392,0.50477,0.51691,0.47726,0.42127,0.5257,0.35383,0.41444,0.35001,0.46291,0.28807,0.43499,0.43481,0.43699,0.54907,0.15831,0.14719,0.14038,-0.021281,0.13298,0.044004,0.31438,0.4009,0.34428,0.29089,0.38156,0.37732,0.32246,0.19716,0.055401,0.095101,0.10102,0.11895,0.14766,0.26807,0.30463,-0.15592
0.46873,0.49033,0.38715,0.3865,0.49121,0.52227,0.45538,0.42981,0.40485,0.33469,0.43694,0.31157,0.48198,0.41269,0.53269,0.36653,0.48956,0.52696,0.39345,0.49311,0.46134,0.42772,0.39732,0.34019,0.60291,0.58037,0.51425,0.45798,0.38896,0.39489,0.34832,0.31019,0.73333,0.65529,0.91246,1,0.43775,0.4217,0.4513,0.46054,0.24458,0.3878,0.47505,0.4674,0.62421,0.50124,0.43001,0.47204,0.39066,0.33465,0.44359,0.26411,0.21888,0.16381,0.40209,0.34167,0.55752,0.43539,0.39265,0.40705,0.48955,0.51732,0.54598,0.4343,0.63898,0.6682,0.85502,0.88583,0.48963,0.53776,-0.11885,0.078308,0.39495,0.45063,0.24973,0.2594,0.3881,0.36372,0.34871,0.49551,0.43549,0.44735,0.39503,0.38955,0.44933,0.29203,0.29571,0.25933,0.44697,0.27128,0.49914,0.47604,0.52689,0.60445,0.29034,0.28367,0.29212,0.1472,0.25021,0.13798,0.43233,0.49404,0.48128,0.42087,0.5034,0.52156,0.42279,0.27153,0.15244,0.2113,0.25093,0.25631,0.28287,0.39029,0.42513,-0.12679
0.33505,0.28596,0.13126,0.17205,0.42863,0.40262,0.20243,0.20451,0.1425,0.25785,0.35902,0.38077,0.33974,0.37687,0.42992,0.41399,0.31027,0.36742,0.24969,0.31928,0.44402,0.49465,0.17853,0.16714,0.28894,0.35176,0.469,0.43222,0.39117,0.45915,0.19671,0.19953,0.26419,0.25408,0.38947,0.43775,1,0.75245,0.77455,0.7199,0.55986,0.39118,0.21717,0.17406,0.2124,0.20068,0.21933,0.2277,0.086013,0.11979,0.36662,0.22315,0.16331,0.13773,0.46784,0.34823,0.2976,0.21595,0.1178,0.21374,0.20567,0.18625,0.36427,0.28178,0.29153,0.3212,0.37684,0.3858,0.3201,0.30143,-0.23575,-0.08008,0.11345,0.086106,0.011955,-0.06576,0.11742,0.10336,0.11093,0.22125,0.31198,0.36683,0.50692,0.38727,0.41014,0.42508,0.52431,0.51986,0.51633,0.47083,0.31129,0.33632,0.28058,0.38786,0.29017,0.29838,0.27926,0.23635,0.16873,0.10955,0.16741,0.2864,0.21636,0.25932,0.33053,0.31191,0.36992,0.20507,-0.0012965,0.18632,0.26063,0.14989,0.1607,0.19263,0.41053,-0.173
0.24675,0.21936,0.1034,0.16069,0.35826,0.35526,0.21879,0.22883,0.065915,0.20877,0.35592,0.36058,0.32482,0.39721,0.37974,0.40793,0.21635,0.3117,0.19139,0.28207,0.40566,0.45983,0.13509,0.13667,0.19201,0.2918,0.42058,0.40673,0.34766,0.45145,0.1605,0.19768,0.22903,0.22659,0.33429,0.4217,0.75245,1,0.6457,0.742,0.43757,0.47163,0.13079,0.085789,0.15066,0.13404,0.13095,0.1368,0.028676,0.048235,0.34542,0.18657,0.15983,0.12721,0.45087,0.32882,0.19379,0.11521,0.090887,0.17118,0.1792,0.16143,0.30486,0.23508,0.2671,0.31267,0.34235,0.33851,0.32541,0.31007,-0.20205,0.0016101,0.12149,0.14048,0.022262,0.055929,0.19848,0.23727,0.045317,0.1628,0.28544,0.37166,0.45179,0.39974,0.42312,0.4525,0.48907,0.52472,0.52204,0.5145,0.37401,0.41906,0.31483,0.43114,0.31719,0.36422,0.29282,0.29474,0.22298,0.1986,0.24596,0.33711,0.29255,0.32552,0.43932,0.4343,0.44355,0.19616,-0.027952,0.15727,0.30251,0.17323,0.21352,0.26588,0.46205,-0.11663
0.48702,0.44637,0.22042,0.26377,0.45118,0.47509,0.29621,0.32539,0.18726,0.35321,0.38197,0.48536,0.39177,0.47712,0.53452,0.52207,0.41635,0.4773,0.36642,0.46795,0.55034,0.58479,0.25247,0.23032,0.3928,0.4795,0.51242,0.48447,0.51843,0.53344,0.27819,0.27637,0.39419,0.38739,0.45641,0.4513,0.77455,0.6457,1,0.83543,0.53807,0.39094,0.36122,0.33567,0.33672,0.32648,0.40467,0.39287,0.24471,0.25138,0.43109,0.30304,0.20628,0.22118,0.6122,0.51238,0.42183,0.31923,0.21012,0.25847,0.30282,0.24586,0.43787,0.32667,0.32326,0.35649,0.4761,0.46677,0.46535,0.4053,-0.2433,-0.15977,0.03417,0.054734,-0.080115,-0.10819,-0.11838,-0.10111,0.19568,0.31481,0.36684,0.38816,0.68244,0.52184,0.39791,0.37257,0.63503,0.53938,0.54533,0.44763,0.25552,0.25151,0.17356,0.26845,0.29488,0.35585,0.28297,0.19692,0.14529,0.078426,0.11339,0.17042,0.15335,0.15799,0.29301,0.22702,0.31713,0.16896,-0.042119,0.11064,0.19281,0.091591,0.055357,0.15796,0.32673,-0.086835
0.3665,0.3936,0.14544,0.19039,0.41389,0.4435,0.24143,0.27065,0.10814,0.27807,0.33925,0.37611,0.35415,0.3945,0.5068,0.46571,0.35859,0.46952,0.29169,0.41525,0.53926,0.57926,0.17352,0.12507,0.32208,0.42038,0.50851,0.45668,0.48643,0.52892,0.24861,0.22818,0.36695,0.35176,0.43693,0.46054,0.7199,0.742,0.83543,1,0.46322,0.43002,0.3606,0.32435,0.3672,0.35679,0.38418,0.36447,0.18749,0.18059,0.39451,0.22528,0.10579,0.078814,0.59864,0.50465,0.35634,0.29244,0.14168,0.21745,0.24108,0.20673,0.42756,0.33859,0.33393,0.36066,0.49968,0.48315,0.47877,0.46471,-0.31696,-0.17813,0.03718,0.062742,-0.078199,-0.12055,-0.10725,-0.071308,0.11678,0.28388,0.35586,0.42017,0.63678,0.5267,0.42857,0.41226,0.63221,0.56373,0.58736,0.4798,0.22742,0.26744,0.15688,0.33246,0.30543,0.39798,0.30548,0.25335,0.13926,0.087823,0.10927,0.21828,0.15391,0.18837,0.33447,0.3111,0.35615,0.18225,-0.073758,0.097728,0.23634,0.11516,0.080243,0.22093,0.41961,-0.118
0.3298,0.23762,0.27844,0.32023,0.16744,0.13808,0.30964,0.27909,0.18015,0.15762,0.22177,0.25526,0.29773,0.33232,0.24984,0.32804,0.2129,0.16153,0.26644,0.3187,0.35057,0.33016,0.3375,0.34926,0.31445,0.36709,0.28823,0.27731,0.31706,0.30504,0.32766,0.34992,0.24217,0.27355,0.21484,0.24458,0.55986,0.43757,0.53807,0.46322,1,0.5134,0.109,0.083416,0.12746,0.087903,0.096113,0.12941,0.0055048,0.028268,0.22465,0.098469,0.024298,0.15462,0.27703,0.18619,0.21482,0.13222,0.01424,0.03801,0.08617,0.031753,0.26419,0.17055,0.26411,0.20529,0.27273,0.22048,0.24816,0.20444,0.043657,0.12117,0.28956,0.22312,0.13128,0.072834,0.1283,0.13165,0.12008,0.11631,0.22839,0.24082,0.35663,0.25543,0.33253,0.35508,0.29684,0.28418,0.24719,0.23146,0.25997,0.21327,0.26599,0.25207,0.18417,0.28057,0.203,0.13024,0.10848,0.070291,0.14884,0.20011,0.12978,0.23117,0.28249,0.29432,0.21438,0.18598,0.098852,0.16655,0.16157,0.071568,0.054106,0.11835,0.19627,0.0080689
0.39825,0.31888,0.39788,0.42328,0.17019,0.15202,0.43805,0.37636,0.23244,0.19827,0.27442,0.25806,0.38517,0.40936,0.29398,0.33758,0.24719,0.24383,0.41085,0.39209,0.26674,0.32523,0.40931,0.41414,0.33799,0.35881,0.31007,0.28048,0.27116,0.28439,0.33149,0.37075,0.37279,0.38947,0.34946,0.3878,0.39118,0.47163,0.39094,0.43002,0.5134,1,0.19051,0.19696,0.22963,0.17785,0.19841,0.22385,0.073155,0.086463,0.23883,0.10333,0.045739,0.10879,0.26932,0.22672,0.32164,0.21236,0.12951,0.12384,0.23059,0.17631,0.3389,0.21649,0.36364,0.31621,0.36855,0.33473,0.30619,0.29709,0.14326,0.28315,0.52005,0.52284,0.35958,0.32228,0.32333,0.32123,0.14713,0.22352,0.27115,0.26609,0.35042,0.28976,0.38605,0.31359,0.20949,0.20708,0.28211,0.20769,0.40963,0.38159,0.44356,0.40227,0.24291,0.27259,0.24508,0.17216,0.2415,0.20753,0.39051,0.40384,0.36521,0.41622,0.44889,0.3674,0.26439,0.16995,0.20135,0.28437,0.21744,0.28366,0.23433,0.27104,0.2129,0.067232
0.45116,0.54632,0.29852,0.18791,0.3742,0.31605,0.23397,0.22548,0.29072,0.12374,0.11949,0.07511,0.24349,0.15902,0.40317,0.19062,0.50212,0.5367,0.25399,0.34763,0.37851,0.33818,0.21118,0.10332,0.52725,0.45025,0.34909,0.24564,0.37115,0.25403,0.2084,0.1126,0.46726,0.35747,0.47839,0.47505,0.21717,0.13079,0.36122,0.3606,0.109,0.19051,1,0.94882,0.90109,0.92226,0.93988,0.91934,0.71946,0.6657,0.55966,0.37114,0.11693,0.19301,0.48778,0.64751,0.65486,0.54954,0.31785,0.25008,0.25861,0.17833,0.4475,0.31774,0.32678,0.24716,0.66522,0.65687,0.45669,0.4882,-0.025439,-0.12536,0.24338,0.28302,0.17162,0.122,0.094153,0.044121,0.38978,0.51281,0.3536,0.3611,0.38679,0.3233,0.15727,0.16588,0.28515,0.16411,0.077847,0.065992,0.17967,0.12765,0.10058,0.13827,0.19577,0.26141,0.27159,0.13795,0.29365,0.27011,0.14933,0.10062,0.28602,0.15156,0.32804,0.24701,0.28598,0.25448,0.035158,0.083984,0.11517,0.22391,0.025538,0.34769,0.35507,-0.0094544
