1,0.84853,0.78317,0.73383,0.57825,0.70725,0.80773,0.79744,0.51632,0.59867,0.75931,0.74139,0.7429,0.70875,0.71426,0.6714,0.67545,0.67817,0.75467,0.7943,0.47342,0.28193,0.71795,0.65201,0.58497,0.51967,0.53594,0.5485,0.62242,0.66012,0.38193,0.40306,0.76888,0.73267,0.57352,0.6785,0.63196,0.68504,0.5892,0.61936,0.60499,0.52151,0.56506,0.46105,0.48797,0.47163,0.65295,0.54866,0.55582,0.54793,0.64539,0.5947,0.57644,0.4396,0.67455,0.64613,0.83131,0.75423,0.77059,0.71672,0.71563,0.70932,0.72925,0.78552,0.54637,0.65379,0.64477,0.61144,0.66071,0.6385,0.56083,0.57852,0.60066,0.58049,0.56499,0.50576,0.44574,0.42384,0.54236,0.49445,0.68383,0.6524,0.70948,0.6187,0.69068,0.67559,0.60551,0.51899,0.72297,0.76566,0.43308,0.41815,0.5115,0.45081,0.45906,0.32284,0.55168,0.46371,0.50561,0.45809,0.48907,0.51191,0.46335,0.4911,0.59642,0.37607,0.47712,0.36907,0.49361,0.48336,0.53256,0.55136,0.47595,0.60352,0.42351,0.30783
0.84853,1,0.67813,0.678,0.43918,0.59129,0.68729,0.74142,0.39782,0.52088,0.68255,0.73215,0.60463,0.66493,0.61587,0.63234,0.70656,0.73465,0.65241,0.74441,0.498,0.29157,0.60238,0.57123,0.51704,0.49369,0.49331,0.49402,0.66198,0.72324,0.43761,0.44457,0.74334,0.70626,0.50786,0.59611,0.57256,0.63157,0.62644,0.61946,0.58987,0.50701,0.59556,0.54598,0.54979,0.54782,0.66398,0.61684,0.57643,0.57393,0.58986,0.53178,0.48329,0.43975,0.65805,0.68939,0.85525,0.85159,0.66758,0.64472,0.54214,0.57611,0.66507,0.76729,0.48024,0.52867,0.614,0.61131,0.7154,0.67163,0.50695,0.55286,0.58748,0.60883,0.51304,0.49351,0.41288,0.42967,0.60338,0.53256,0.70134,0.6509,0.70059,0.65766,0.59986,0.6783,0.53149,0.53954,0.58758,0.68315,0.34013,0.35816,0.42717,0.37027,0.4887,0.4026,0.58553,0.5184,0.47413,0.46901,0.44108,0.39975,0.44575,0.42782,0.55049,0.32463,0.39541,0.31463,0.4536,0.50671,0.50088,0.52622,0.42519,0.54898,0.39525,0.26698
0.78317,0.67813,1,0.79137,0.70503,0.76141,0.94171,0.82113,0.69039,0.73241,0.63424,0.59574,0.72875,0.6695,0.7527,0.72814,0.59776,0.60484,0.61575,0.61222,0.59211,0.45935,0.87486,0.84167,0.713,0.71196,0.6484,0.68543,0.58839,0.57647,0.54259,0.55348,0.75023,0.71935,0.67891,0.67965,0.64507,0.59734,0.65387,0.61724,0.53123,0.4429,0.53247,0.45772,0.48436,0.47373,0.59072,0.54114,0.52398,0.51825,0.62307,0.60411,0.59817,0.40525,0.69855,0.66659,0.66571,0.63034,0.7269,0.68936,0.77017,0.76465,0.69305,0.71398,0.67678,0.74614,0.67248,0.64696,0.55288,0.56428,0.62436,0.66254,0.45951,0.43772,0.49391,0.45415,0.42667,0.40289,0.46957,0.40614,0.62946,0.59846,0.60987,0.57142,0.72062,0.68097,0.59195,0.41027,0.80715,0.79023,0.49339,0.46083,0.5422,0.49998,0.53782,0.32666,0.6166,0.48374,0.50526,0.46403,0.56421,0.53512,0.49194,0.48039,0.53648,0.47518,0.3723,0.41771,0.40899,0.4832,0.53351,0.53749,0.45261,0.47502,0.44675,0.26755
0.73383,0.678,0.79137,1,0.71784,0.80067,0.82518,0.89338,0.61733,0.75395,0.56151,0.66288,0.65861,0.72724,0.65163,0.67158,0.48061,0.54326,0.55284,0.57253,0.47606,0.32349,0.80295,0.8528,0.73973,0.72766,0.66095,0.66718,0.49638,0.55374,0.59028,0.61178,0.62694,0.63525,0.52949,0.6635,0.48056,0.56675,0.47386,0.54442,0.38004,0.41496,0.50031,0.43832,0.42702,0.42924,0.60369,0.52041,0.4964,0.48311,0.59981,0.56465,0.49629,0.42936,0.57747,0.62119,0.5664,0.52591,0.61583,0.60622,0.56457,0.66257,0.50031,0.62211,0.48266,0.6266,0.59554,0.59175,0.43611,0.47436,0.52423,0.54159,0.3461,0.38012,0.39357,0.42819,0.25305,0.25688,0.3795,0.35498,0.53576,0.53996,0.60078,0.52332,0.61561,0.66509,0.40044,0.41416,0.63564,0.72358,0.35694,0.31848,0.40878,0.3253,0.34499,0.25166,0.39564,0.31204,0.36898,0.31535,0.35578,0.35905,0.26798,0.3067,0.43658,0.19705,0.38057,0.23541,0.30857,0.3467,0.37212,0.36749,0.27542,0.37993,0.24356,0.20409
0.57825,0.43918,0.70503,0.71784,1,0.84747,0.7294,0.73038,0.83441,0.81843,0.3089,0.3546,0.51504,0.4605,0.58445,0.45503,0.21486,0.29903,0.41721,0.40184,0.35056,0.22505,0.71819,0.74162,0.78666,0.70335,0.71876,0.71374,0.17759,0.22285,0.40276,0.40989,0.49391,0.44475,0.47415,0.60527,0.27904,0.33165,0.20917,0.293,0.20193,0.22547,0.51621,0.41127,0.5006,0.48229,0.51618,0.45753,0.57583,0.55887,0.62091,0.56203,0.4981,0.43339,0.39507,0.45925,0.38268,0.41177,0.624,0.63841,0.50419,0.61093,0.32919,0.42141,0.43134,0.57768,0.62975,0.57564,0.37878,0.44451,0.43686,0.39627,0.26378,0.31781,0.33712,0.34381,0.20848,0.19867,0.16693,0.15769,0.30799,0.31521,0.36802,0.25606,0.46329,0.40591,0.33476,0.18201,0.52421,0.60193,0.2969,0.20408,0.29142,0.2591,0.15429,-0.03277,0.26211,0.050445,0.19151,0.16859,0.24732,0.30917,0.14871,0.23542,0.22787,0.15721,0.27622,0.18113,0.072379,0.14601,0.25552,0.18593,0.078915,0.21577,0.11195,-0.05169
0.70725,0.59129,0.76141,0.80067,0.84747,1,0.80637,0.84694,0.74473,0.87113,0.48388,0.53881,0.64535,0.62313,0.67926,0.60928,0.39579,0.44611,0.46232,0.49449,0.41612,0.25062,0.78391,0.82416,0.80408,0.77155,0.73008,0.7705,0.35439,0.41242,0.48515,0.47897,0.59469,0.53339,0.56349,0.69369,0.38331,0.46594,0.35989,0.43268,0.32216,0.33486,0.58236,0.4823,0.54699,0.5353,0.63114,0.53766,0.61058,0.60057,0.67333,0.61015,0.55618,0.50863,0.55626,0.59247,0.52505,0.54596,0.6841,0.68716,0.59765,0.69461,0.43518,0.56151,0.53968,0.65772,0.6847,0.6439,0.48152,0.52037,0.49572,0.48021,0.33704,0.40508,0.41357,0.40177,0.27888,0.27295,0.34244,0.29112,0.47764,0.47424,0.52311,0.41079,0.6049,0.57381,0.42959,0.34192,0.6349,0.71939,0.30478,0.2559,0.35186,0.30189,0.26406,0.12253,0.36865,0.20775,0.30154,0.26186,0.30383,0.34693,0.24487,0.29103,0.37257,0.1954,0.37027,0.21221,0.21284,0.26339,0.3323,0.30492,0.21151,0.36187,0.20108,0.050676
0.80773,0.68729,0.94171,0.82518,0.7294,0.80637,1,0.88591,0.73569,0.77552,0.67904,0.65843,0.80828,0.74512,0.78104,0.73679,0.60564,0.60987,0.56959,0.59154,0.53539,0.35704,0.87314,0.85729,0.74675,0.71257,0.65851,0.67516,0.58426,0.58303,0.52271,0.54601,0.72892,0.69965,0.65116,0.67847,0.58118,0.56932,0.61406,0.56013,0.47655,0.40383,0.56876,0.49091,0.50713,0.50155,0.63995,0.5686,0.56966,0.56752,0.67552,0.64842,0.62813,0.45268,0.7085,0.67043,0.65377,0.62814,0.77025,0.72519,0.80429,0.80556,0.72424,0.76522,0.67299,0.75358,0.68349,0.65027,0.53173,0.54411,0.60819,0.64211,0.46678,0.44471,0.47776,0.44354,0.4026,0.38045,0.49028,0.43135,0.64617,0.62168,0.6181,0.56651,0.74477,0.68667,0.53317,0.40834,0.80906,0.78508,0.40415,0.38619,0.46688,0.4305,0.45465,0.30412,0.53926,0.43243,0.45633,0.41865,0.47617,0.47366,0.41264,0.41676,0.49452,0.39303,0.36592,0.3588,0.36415,0.43856,0.46568,0.45548,0.3759,0.44373,0.37433,0.21878
0.79744,0.74142,0.82113,0.89338,0.73038,0.84694,0.88591,1,0.67072,0.80898,0.63342,0.72582,0.73949,0.79585,0.70395,0.70658,0.55829,0.59944,0.54418,0.57766,0.48015,0.26954,0.77317,0.81341,0.73175,0.70415,0.66873,0.67867,0.55181,0.60865,0.56187,0.56997,0.67239,0.65276,0.54554,0.65162,0.4952,0.56235,0.50496,0.5366,0.40998,0.38945,0.56595,0.49208,0.51233,0.51114,0.66155,0.57077,0.59173,0.58302,0.68413,0.64367,0.57099,0.48696,0.64919,0.66193,0.63162,0.61428,0.73989,0.71817,0.67356,0.75641,0.6055,0.73606,0.5493,0.68734,0.64274,0.63126,0.49944,0.51099,0.52734,0.56039,0.40262,0.42687,0.42318,0.39755,0.29194,0.29137,0.46641,0.39288,0.61166,0.59738,0.62923,0.56013,0.65544,0.68472,0.44546,0.44396,0.70008,0.77513,0.32803,0.32464,0.38822,0.34426,0.36089,0.27887,0.42816,0.37567,0.37961,0.3425,0.36741,0.37101,0.30077,0.33245,0.45218,0.23179,0.34617,0.26202,0.31267,0.35821,0.36494,0.37949,0.31145,0.40515,0.27643,0.16077
0.51632,0.39782,0.69039,0.61733,0.83441,0.74473,0.73569,0.67072,1,0.78191,0.31625,0.34423,0.5443,0.46877,0.67806,0.48629,0.29626,0.32355,0.30629,0.34012,0.32706,0.17449,0.70092,0.69693,0.72687,0.67717,0.60474,0.64843,0.21599,0.19917,0.33299,0.37142,0.48288,0.43103,0.4792,0.47825,0.24145,0.1936,0.27569,0.19002,0.14592,0.076502,0.47299,0.39427,0.4624,0.45032,0.46411,0.44176,0.54104,0.52751,0.56499,0.51847,0.49139,0.37128,0.42892,0.43344,0.40069,0.42393,0.62218,0.61395,0.56053,0.60811,0.47011,0.49756,0.47883,0.55146,0.58373,0.52775,0.35486,0.38739,0.37498,0.355,0.25788,0.27366,0.30805,0.26907,0.2018,0.17498,0.23193,0.17516,0.37218,0.36101,0.30812,0.27203,0.50781,0.40919,0.30834,0.14548,0.57439,0.52639,0.24176,0.1655,0.25289,0.23291,0.18893,0.019236,0.29631,0.15423,0.19448,0.20215,0.28601,0.30051,0.1746,0.23028,0.14588,0.26152,0.17962,0.24128,0.029395,0.1585,0.23633,0.17306,0.076105,0.16992,0.18967,-0.076602
0.59867,0.52088,0.73241,0.75395,0.81843,0.87113,0.77552,0.80898,0.78191,1,0.43689,0.47704,0.62271,0.58499,0.68568,0.61308,0.39414,0.43114,0.41679,0.41584,0.44,0.22698,0.71113,0.76222,0.73691,0.75616,0.7477,0.7628,0.37469,0.40033,0.53878,0.53753,0.53033,0.48108,0.46583,0.55835,0.36427,0.41071,0.3501,0.38957,0.25465,0.23828,0.49039,0.41383,0.48514,0.47271,0.54129,0.47968,0.53682,0.52956,0.6052,0.55921,0.51376,0.42092,0.51949,0.53764,0.46757,0.48855,0.62254,0.62909,0.56498,0.66377,0.42222,0.53856,0.47581,0.62533,0.58242,0.54384,0.38369,0.42295,0.45242,0.47957,0.24839,0.30041,0.29755,0.27974,0.19366,0.1926,0.30579,0.26226,0.42717,0.41697,0.46737,0.38426,0.53528,0.53289,0.39837,0.33222,0.60416,0.68014,0.2871,0.22622,0.28033,0.25265,0.24928,0.087061,0.33691,0.21256,0.24899,0.22501,0.26995,0.28804,0.20696,0.24271,0.31902,0.16984,0.23712,0.23378,0.13667,0.21006,0.27939,0.24652,0.15386,0.24998,0.17231,0.074295
0.75931,0.68255,0.63424,0.56151,0.3089,0.48388,0.67904,0.63342,0.31625,0.43689,1,0.84531,0.85616,0.80796,0.71372,0.70986,0.67342,0.66585,0.53573,0.55686,0.43693,0.19215,0.62178,0.53832,0.45483,0.42244,0.42017,0.43182,0.70123,0.69367,0.39157,0.43229,0.5352,0.52958,0.42937,0.46,0.59424,0.60102,0.59453,0.5712,0.60655,0.47063,0.3199,0.26729,0.23027,0.22061,0.45653,0.36673,0.3108,0.31738,0.4721,0.47464,0.47837,0.32626,0.63202,0.54093,0.57928,0.51513,0.56235,0.5163,0.64834,0.57067,0.66913,0.69496,0.46697,0.51304,0.35947,0.36525,0.37421,0.35234,0.47613,0.52188,0.45978,0.38815,0.32878,0.2992,0.35798,0.35905,0.55331,0.53226,0.66002,0.66771,0.69784,0.6432,0.70053,0.681,0.61828,0.61988,0.65641,0.63321,0.24073,0.29549,0.32773,0.30995,0.36453,0.29093,0.35722,0.38743,0.35706,0.28,0.32539,0.33479,0.32844,0.30994,0.51061,0.25911,0.24034,0.21911,0.43133,0.38586,0.31673,0.37309,0.41302,0.40764,0.27881,0.40104
0.74139,0.73215,0.59574,0.66288,0.3546,0.53881,0.65843,0.72582,0.34423,0.47704,0.84531,1,0.77465,0.89925,0.63915,0.69177,0.62495,0.68734,0.50248,0.53967,0.42707,0.14303,0.60331,0.5578,0.47356,0.42221,0.44447,0.42882,0.66752,0.70889,0.43137,0.45703,0.51649,0.50994,0.35445,0.44557,0.53468,0.59743,0.53977,0.56727,0.52345,0.45321,0.35154,0.31541,0.24511,0.2463,0.50985,0.40895,0.34319,0.34465,0.49948,0.49402,0.44655,0.3958,0.59315,0.57964,0.55632,0.47857,0.53291,0.49032,0.56125,0.52739,0.57451,0.68753,0.37628,0.44565,0.35924,0.35863,0.34923,0.31802,0.4075,0.4404,0.37238,0.34996,0.30855,0.26733,0.25408,0.25959,0.54856,0.51575,0.64893,0.65861,0.66718,0.6438,0.62682,0.69472,0.48773,0.59163,0.57095,0.62327,0.19819,0.26086,0.27504,0.23528,0.30882,0.26939,0.29369,0.35339,0.30445,0.25165,0.2429,0.24891,0.23392,0.24953,0.46895,0.15839,0.23904,0.15114,0.37332,0.34013,0.27523,0.32258,0.33203,0.36679,0.22114,0.35042
0.7429,0.60463,0.72875,0.65861,0.51504,0.64535,0.80828,0.73949,0.5443,0.62271,0.85616,0.77465,1,0.85095,0.82061,0.77085,0.53799,0.55165,0.44539,0.45557,0.39748,0.15772,0.75615,0.6965,0.63766,0.60888,0.57501,0.58489,0.56731,0.5746,0.40521,0.46288,0.49291,0.46898,0.49075,0.51913,0.49193,0.50639,0.5286,0.51216,0.46772,0.37704,0.3967,0.33216,0.31801,0.30994,0.50804,0.41634,0.42432,0.4284,0.6024,0.58796,0.57624,0.41408,0.63534,0.54492,0.51298,0.49359,0.63973,0.58582,0.73461,0.65954,0.63566,0.65907,0.56081,0.61205,0.45842,0.44045,0.30953,0.31486,0.44989,0.49285,0.34884,0.34252,0.30923,0.2993,0.27071,0.24277,0.44264,0.39745,0.587,0.59404,0.63275,0.56979,0.75267,0.65779,0.53998,0.5211,0.70814,0.64966,0.14884,0.16264,0.21664,0.20211,0.29402,0.24293,0.2945,0.31555,0.24219,0.17556,0.22621,0.24839,0.20191,0.21653,0.42808,0.16634,0.20194,0.14167,0.30638,0.32582,0.23754,0.24888,0.25107,0.27733,0.16442,0.2321
0.70875,0.66493,0.6695,0.72724,0.4605,0.62313,0.74512,0.79585,0.46877,0.58499,0.80796,0.89925,0.85095,1,0.73523,0.77575,0.568,0.62396,0.42523,0.45491,0.44318,0.14939,0.70696,0.67847,0.60461,0.57857,0.5579,0.53006,0.61771,0.66845,0.47949,0.52368,0.50896,0.49063,0.43067,0.48466,0.46297,0.52033,0.53464,0.54441,0.44135,0.40124,0.41857,0.39077,0.33002,0.33202,0.55287,0.48007,0.42072,0.41759,0.5788,0.57434,0.52189,0.46458,0.63449,0.61981,0.50252,0.46721,0.58149,0.53939,0.61533,0.59203,0.56377,0.67313,0.44558,0.51952,0.43388,0.43149,0.31836,0.31497,0.41599,0.44972,0.33172,0.34166,0.29849,0.29096,0.20822,0.21623,0.5094,0.4659,0.63947,0.6604,0.65055,0.64839,0.68431,0.71773,0.46027,0.5785,0.62643,0.65102,0.12395,0.18764,0.20171,0.18822,0.29738,0.30739,0.27449,0.34705,0.23691,0.20745,0.18405,0.20568,0.15243,0.18153,0.40762,0.10759,0.172,0.10631,0.34071,0.3296,0.21932,0.24759,0.24661,0.2889,0.16924,0.2634
0.71426,0.61587,0.7527,0.65163,0.58445,0.67926,0.78104,0.70395,0.67806,0.68568,0.71372,0.63915,0.82061,0.73523,1,0.86017,0.58976,0.58853,0.50424,0.54105,0.48819,0.35132,0.79293,0.72406,0.68128,0.72941,0.61607,0.69786,0.59186,0.60371,0.47022,0.49871,0.62237,0.58704,0.5647,0.5496,0.50534,0.44593,0.59689,0.52691,0.48732,0.41801,0.46719,0.4159,0.41548,0.42032,0.5279,0.51868,0.45616,0.46021,0.54982,0.52217,0.55616,0.39607,0.64197,0.60203,0.59375,0.5648,0.63392,0.60246,0.67314,0.65292,0.68229,0.68589,0.5634,0.61446,0.54249,0.52767,0.4577,0.44556,0.45391,0.49727,0.40986,0.40478,0.38622,0.35951,0.33933,0.3117,0.4566,0.3839,0.62792,0.61,0.70859,0.66523,0.70957,0.62956,0.61076,0.45868,0.69124,0.63196,0.25874,0.23718,0.29246,0.27805,0.43885,0.31474,0.4457,0.42115,0.2925,0.29236,0.36273,0.32624,0.29549,0.28781,0.40591,0.33339,0.21554,0.2894,0.36291,0.42937,0.32857,0.36706,0.29811,0.31589,0.28379,0.19639
0.6714,0.63234,0.72814,0.67158,0.45503,0.60928,0.73679,0.70658,0.48629,0.61308,0.70986,0.69177,0.77085,0.77575,0.86017,1,0.64637,0.66465,0.50803,0.53742,0.61726,0.49677,0.73594,0.69859,0.58901,0.65063,0.58437,0.60422,0.70667,0.76921,0.57327,0.56636,0.61286,0.6084,0.50162,0.49364,0.59437,0.54922,0.70613,0.67437,0.56753,0.53245,0.41555,0.3861,0.35108,0.36116,0.5135,0.49336,0.37247,0.36322,0.45297,0.45557,0.46719,0.33313,0.66075,0.63448,0.59605,0.5374,0.55027,0.50074,0.62735,0.61344,0.63828,0.68774,0.51566,0.56891,0.44772,0.45622,0.42408,0.41068,0.49284,0.56971,0.40226,0.38987,0.38144,0.37317,0.33837,0.32557,0.49752,0.47701,0.67626,0.64411,0.79337,0.81056,0.67285,0.64694,0.63947,0.51999,0.67911,0.65562,0.28684,0.31725,0.35636,0.35439,0.5412,0.46735,0.49937,0.53548,0.37067,0.3411,0.40055,0.36435,0.36258,0.33342,0.49253,0.33607,0.26057,0.3052,0.48659,0.52157,0.36469,0.43185,0.43912,0.37717,0.31738,0.32597
0.67545,0.70656,0.59776,0.48061,0.21486,0.39579,0.60564,0.55829,0.29626,0.39414,0.67342,0.62495,0.53799,0.568,0.58976,0.64637,1,0.8874,0.57856,0.64834,0.579,0.35684,0.51266,0.461,0.34399,0.36536,0.35645,0.34281,0.8651,0.82657,0.51196,0.49665,0.71733,0.71316,0.46155,0.45948,0.65899,0.60122,0.67853,0.59043,0.62411,0.44589,0.42047,0.39179,0.359,0.35587,0.51376,0.46407,0.31673,0.27918,0.30468,0.27692,0.35815,0.21761,0.63985,0.57777,0.78816,0.66311,0.48993,0.42749,0.55008,0.50922,0.75927,0.77586,0.46277,0.45017,0.44873,0.4386,0.58055,0.54423,0.50757,0.57376,0.60624,0.53302,0.43732,0.40796,0.54253,0.50726,0.84341,0.79095,0.85232,0.76079,0.70566,0.73586,0.57791,0.62459,0.49023,0.43531,0.61438,0.60314,0.39395,0.42598,0.45399,0.43755,0.59719,0.50847,0.61652,0.63224,0.55167,0.52662,0.48991,0.44267,0.52217,0.47781,0.57302,0.47709,0.36153,0.39852,0.6024,0.5957,0.55726,0.58631,0.55107,0.58093,0.51818,0.48396
0.67817,0.73465,0.60484,0.54326,0.29903,0.44611,0.60987,0.59944,0.32355,0.43114,0.66585,0.68734,0.55165,0.62396,0.58853,0.66465,0.8874,1,0.58867,0.65448,0.62686,0.37374,0.54428,0.50092,0.38857,0.4051,0.41542,0.39091,0.8579,0.86417,0.59324,0.58729,0.67499,0.68573,0.38647,0.46023,0.65669,0.64521,0.61086,0.61996,0.65062,0.51251,0.36826,0.32599,0.30263,0.28969,0.49119,0.42478,0.27351,0.22369,0.29688,0.26553,0.31362,0.21191,0.59224,0.57195,0.71118,0.62247,0.44059,0.39882,0.49146,0.47912,0.68358,0.74963,0.4082,0.42059,0.40111,0.38255,0.58098,0.54731,0.53354,0.57201,0.55315,0.50727,0.4383,0.38801,0.48131,0.47061,0.72317,0.8222,0.76853,0.7691,0.75177,0.76732,0.54103,0.63593,0.49175,0.50446,0.58212,0.62905,0.39642,0.43942,0.4648,0.42763,0.53136,0.39362,0.5728,0.53713,0.53624,0.4924,0.43964,0.42222,0.4894,0.46049,0.5561,0.40542,0.38984,0.36716,0.59045,0.52253,0.55524,0.56018,0.52972,0.56629,0.4706,0.52348
0.75467,0.65241,0.61575,0.55284,0.41721,0.46232,0.56959,0.54418,0.30629,0.41679,0.53573,0.50248,0.44539,0.42523,0.50424,0.50803,0.57856,0.58867,1,0.91845,0.47805,0.44376,0.5145,0.40339,0.30027,0.23707,0.32412,0.33098,0.61568,0.62904,0.40985,0.39046,0.75626,0.79252,0.40299,0.54045,0.66216,0.69029,0.4813,0.57656,0.64067,0.60823,0.32719,0.25152,0.24111,0.26261,0.40529,0.33739,0.23654,0.26196,0.31308,0.29594,0.30097,0.16622,0.43157,0.42578,0.66647,0.54396,0.47902,0.43267,0.47489,0.4676,0.54531,0.5665,0.33619,0.45581,0.43007,0.42431,0.61077,0.58777,0.60713,0.59689,0.61006,0.55099,0.61027,0.5229,0.55121,0.53133,0.36656,0.36674,0.4867,0.42955,0.65154,0.57788,0.39274,0.41173,0.56549,0.34703,0.48266,0.56266,0.59583,0.57989,0.65444,0.59405,0.52093,0.281,0.55503,0.43256,0.58641,0.56209,0.58771,0.61599,0.61399,0.6547,0.64461,0.53395,0.53587,0.53845,0.53426,0.46388,0.60422,0.64356,0.58273,0.6308,0.56847,0.41284
0.7943,0.74441,0.61222,0.57253,0.40184,0.49449,0.59154,0.57766,0.34012,0.41584,0.55686,0.53967,0.45557,0.45491,0.54105,0.53742,0.64834,0.65448,0.91845,1,0.50276,0.48502,0.53459,0.43491,0.34439,0.27155,0.30533,0.34586,0.66106,0.67637,0.3829,0.37368,0.81131,0.84215,0.43678,0.55987,0.67826,0.69706,0.51945,0.56619,0.66925,0.61609,0.40009,0.31581,0.32408,0.34138,0.46843,0.39674,0.306,0.32704,0.33892,0.31566,0.33784,0.20406,0.47054,0.46297,0.74592,0.65777,0.51671,0.47601,0.49049,0.48798,0.60511,0.63105,0.36445,0.46451,0.49978,0.48718,0.75284,0.72483,0.59017,0.57475,0.64098,0.6049,0.64124,0.56822,0.58566,0.56278,0.43926,0.44276,0.54762,0.48631,0.68707,0.62448,0.42591,0.4561,0.54328,0.35162,0.50992,0.58242,0.58757,0.57845,0.66563,0.59644,0.56841,0.33502,0.63369,0.48555,0.61052,0.59093,0.57956,0.62438,0.62782,0.65325,0.63938,0.57098,0.55963,0.54996,0.55296,0.53349,0.64263,0.68376,0.57802,0.66597,0.60915,0.39851
0.47342,0.498,0.59211,0.47606,0.35056,0.41612,0.53539,0.48015,0.32706,0.44,0.43693,0.42707,0.39748,0.44318,0.48819,0.61726,0.579,0.62686,0.47805,0.50276,1,0.71808,0.53361,0.52892,0.39036,0.44212,0.49025,0.45313,0.68507,0.64761,0.65063,0.57747,0.58772,0.57237,0.38988,0.43124,0.69412,0.61737,0.63129,0.66562,0.59722,0.53821,0.25397,0.21959,0.26692,0.26472,0.3196,0.31752,0.22562,0.22728,0.2339,0.25768,0.25322,0.12275,0.49344,0.47774,0.51859,0.47345,0.41365,0.38435,0.46589,0.46107,0.46546,0.51543,0.38208,0.45472,0.37142,0.3603,0.45065,0.41673,0.62014,0.63435,0.46588,0.40039,0.43816,0.4012,0.47073,0.45739,0.42233,0.48139,0.50493,0.47606,0.59887,0.6569,0.43126,0.49284,0.51375,0.39465,0.54436,0.59438,0.50346,0.52061,0.52883,0.55736,0.6454,0.45231,0.61791,0.55615,0.54419,0.49787,0.54547,0.52755,0.54777,0.51339,0.54626,0.49473,0.37257,0.50854,0.57228,0.59601,0.55906,0.55759,0.53874,0.49013,0.49849,0.44989
0.28193,0.29157,0.45935,0.32349,0.22505,0.25062,0.35704,0.26954,0.17449,0.22698,0.19215,0.14303,0.15772,0.14939,0.35132,0.49677,0.35684,0.37374,0.44376,0.48502,0.71808,1,0.38584,0.36929,0.22734,0.26115,0.25676,0.32362,0.50632,0.48201,0.44996,0.36792,0.54023,0.5608,0.30608,0.31948,0.66159,0.5438,0.57828,0.62692,0.58818,0.63432,0.13922,0.1041,0.15855,0.17558,0.16458,0.20043,0.088006,0.099448,0.068591,0.11869,0.14195,-0.035941,0.34442,0.32516,0.36413,0.32217,0.25146,0.21303,0.33342,0.34755,0.33582,0.3258,0.24305,0.34732,0.26456,0.28293,0.43308,0.40558,0.47314,0.53057,0.32644,0.24802,0.38037,0.36589,0.45839,0.45944,0.15691,0.22998,0.31896,0.27482,0.51372,0.58354,0.23195,0.26114,0.46392,0.17072,0.40874,0.41854,0.58845,0.58949,0.60423,0.62142,0.70699,0.45748,0.64457,0.53064,0.51353,0.48979,0.61651,0.59066,0.59859,0.5461,0.52876,0.6152,0.3914,0.56171,0.5553,0.62007,0.5681,0.60945,0.55898,0.45201,0.54843,0.38669
0.71795,0.60238,0.87486,0.80295,0.71819,0.78391,0.87314,0.77317,0.70092,0.71113,0.62178,0.60331,0.75615,0.70696,0.79293,0.73594,0.51266,0.54428,0.5145,0.53459,0.53361,0.38584,1,0.92587,0.83024,0.78289,0.68446,0.71685,0.48496,0.51531,0.56217,0.58545,0.64746,0.61665,0.68408,0.70276,0.51939,0.49663,0.5508,0.52075,0.42985,0.39378,0.55434,0.47605,0.4761,0.47211,0.61711,0.56124,0.53396,0.51669,0.617,0.57947,0.59647,0.4704,0.64156,0.64173,0.55814,0.54496,0.64987,0.63414,0.67092,0.69641,0.57239,0.6262,0.64582,0.67706,0.65547,0.6228,0.45301,0.49033,0.55511,0.57164,0.38269,0.39906,0.42583,0.43087,0.37705,0.34853,0.44071,0.38623,0.58654,0.58345,0.57529,0.55322,0.72408,0.65671,0.48904,0.37251,0.72078,0.7185,0.36497,0.33701,0.41453,0.37455,0.41453,0.26075,0.4727,0.35045,0.37446,0.35443,0.39991,0.40655,0.31907,0.33956,0.43504,0.33314,0.31468,0.27845,0.34159,0.41175,0.41309,0.39143,0.2957,0.34903,0.28855,0.18192
0.65201,0.57123,0.84167,0.8528,0.74162,0.82416,0.85729,0.81341,0.69693,0.76222,0.53832,0.5578,0.6965,0.67847,0.72406,0.69859,0.461,0.50092,0.40339,0.43491,0.52892,0.36929,0.92587,1,0.85864,0.87757,0.72198,0.75196,0.42658,0.46258,0.59562,0.63195,0.60067,0.57727,0.67554,0.71772,0.44704,0.46871,0.51154,0.50108,0.33957,0.33685,0.54471,0.48831,0.49752,0.49315,0.5985,0.55607,0.53723,0.52208,0.60727,0.56485,0.55508,0.4529,0.5992,0.62313,0.51803,0.52552,0.63304,0.63392,0.64348,0.7215,0.51774,0.60258,0.64135,0.70631,0.66411,0.64221,0.40102,0.4509,0.51706,0.54709,0.31958,0.3555,0.35762,0.39072,0.29771,0.29468,0.39589,0.35711,0.52612,0.52803,0.52088,0.47809,0.68159,0.64735,0.40456,0.34466,0.68967,0.72409,0.28464,0.24219,0.33522,0.27455,0.36743,0.24442,0.42525,0.30972,0.30508,0.27665,0.32696,0.30109,0.2326,0.24007,0.36634,0.23398,0.28403,0.21926,0.28078,0.36752,0.36184,0.32098,0.19504,0.27706,0.20835,0.13552
0.58497,0.51704,0.713,0.73973,0.78666,0.80408,0.74675,0.73175,0.72687,0.73691,0.45483,0.47356,0.63766,0.60461,0.68128,0.58901,0.34399,0.38857,0.30027,0.34439,0.39036,0.22734,0.83024,0.85864,1,0.86391,0.78153,0.80868,0.27168,0.33863,0.4646,0.50336,0.53271,0.44625,0.63875,0.67705,0.32524,0.34134,0.38574,0.39604,0.26953,0.22271,0.59654,0.53651,0.58832,0.58058,0.6212,0.58009,0.6337,0.63056,0.6661,0.63835,0.55873,0.54044,0.55306,0.6078,0.44583,0.51006,0.64805,0.67429,0.54503,0.64873,0.43011,0.5403,0.58909,0.62975,0.6928,0.66556,0.39432,0.44932,0.44039,0.41799,0.25705,0.32495,0.28877,0.37235,0.21854,0.2222,0.31895,0.27796,0.47434,0.46717,0.44892,0.35977,0.65086,0.60275,0.38473,0.31366,0.6236,0.66475,0.17972,0.13857,0.22019,0.18793,0.2512,0.14794,0.33748,0.20115,0.21136,0.19163,0.21823,0.23651,0.1296,0.18339,0.29462,0.13456,0.28244,0.1421,0.1948,0.25664,0.27109,0.19474,0.091065,0.25681,0.1352,0.018724
0.51967,0.49369,0.71196,0.72766,0.70335,0.77155,0.71257,0.70415,0.67717,0.75616,0.42244,0.42221,0.60888,0.57857,0.72941,0.65063,0.36536,0.4051,0.23707,0.27155,0.44212,0.26115,0.78289,0.87757,0.86391,1,0.80009,0.84359,0.31905,0.368,0.57257,0.61246,0.49204,0.4285,0.60056,0.61179,0.294,0.30731,0.42898,0.42961,0.22285,0.19398,0.52008,0.49455,0.53663,0.52986,0.54542,0.54284,0.5476,0.53348,0.57798,0.52116,0.51021,0.46228,0.55005,0.58711,0.43525,0.49173,0.55164,0.56992,0.50275,0.60273,0.41445,0.51943,0.58791,0.61055,0.61743,0.60627,0.35682,0.39033,0.3446,0.36734,0.18695,0.24881,0.20104,0.23507,0.13815,0.15231,0.31547,0.27562,0.45235,0.46578,0.48395,0.39796,0.61789,0.61313,0.38329,0.35271,0.5895,0.61068,0.12126,0.05292,0.14004,0.08837,0.25034,0.17905,0.31795,0.23917,0.13666,0.12065,0.16438,0.11577,0.054713,0.05583,0.22351,0.078635,0.13144,0.077967,0.16105,0.25681,0.21707,0.18347,0.062267,0.15125,0.061047,0.027407
0.53594,0.49331,0.6484,0.66095,0.71876,0.73008,0.65851,0.66873,0.60474,0.7477,0.42017,0.44447,0.57501,0.5579,0.61607,0.58437,0.35645,0.41542,0.32412,0.30533,0.49025,0.25676,0.68446,0.72198,0.78153,0.80009,1,0.86593,0.36444,0.4158,0.5497,0.54708,0.49701,0.41011,0.51251,0.58843,0.39338,0.44768,0.41672,0.52034,0.32592,0.32363,0.42901,0.37664,0.47845,0.46369,0.50837,0.44332,0.51907,0.51868,0.58404,0.56734,0.48644,0.44031,0.59858,0.61226,0.42546,0.47714,0.57248,0.59694,0.5034,0.58682,0.39246,0.51777,0.55579,0.60385,0.56249,0.53512,0.34644,0.36225,0.4604,0.46317,0.25979,0.30286,0.25597,0.29038,0.14732,0.14917,0.2521,0.23938,0.42827,0.41992,0.50759,0.39138,0.59799,0.59293,0.43675,0.38008,0.62931,0.68375,0.29421,0.25133,0.26825,0.27087,0.29246,0.19805,0.35564,0.29988,0.26812,0.22003,0.25731,0.27458,0.17851,0.20842,0.38666,0.10511,0.24894,0.17612,0.24415,0.28097,0.29596,0.26161,0.21537,0.27545,0.12294,0.15037
0.5485,0.49402,0.68543,0.66718,0.71374,0.7705,0.67516,0.67867,0.64843,0.7628,0.43182,0.42882,0.58489,0.53006,0.69786,0.60422,0.34281,0.39091,0.33098,0.34586,0.45313,0.32362,0.71685,0.75196,0.80868,0.84359,0.86593,1,0.35152,0.38992,0.54481,0.54322,0.49589,0.41553,0.49655,0.55162,0.37166,0.40195,0.39535,0.48617,0.34025,0.29861,0.42089,0.34442,0.45662,0.43821,0.47002,0.43525,0.50332,0.49032,0.55745,0.51224,0.46217,0.38592,0.55179,0.558,0.4248,0.46915,0.55625,0.56512,0.49135,0.56371,0.38201,0.48091,0.52225,0.58149,0.55331,0.52233,0.39419,0.3989,0.43349,0.44136,0.24158,0.27791,0.29278,0.30564,0.14801,0.14929,0.23343,0.20757,0.41378,0.40878,0.5092,0.41411,0.56235,0.54955,0.45449,0.35655,0.59863,0.63459,0.26836,0.20873,0.24152,0.23442,0.28749,0.15733,0.34834,0.26899,0.21702,0.18729,0.24811,0.25673,0.16465,0.19013,0.34647,0.16028,0.2087,0.1667,0.20212,0.26543,0.25802,0.2555,0.17124,0.23385,0.17986,0.095304
0.62242,0.66198,0.58839,0.49638,0.17759,0.35439,0.58426,0.55181,0.21599,0.37469,0.70123,0.66752,0.56731,0.61771,0.59186,0.70667,0.8651,0.8579,0.61568,0.66106,0.68507,0.50632,0.48496,0.42658,0.27168,0.31905,0.36444,0.35152,1,0.93579,0.63253,0.59809,0.67977,0.70179,0.35335,0.38422,0.77283,0.73234,0.73506,0.73386,0.73984,0.63031,0.27141,0.23797,0.23397,0.23173,0.3991,0.35214,0.1947,0.17908,0.23341,0.23472,0.27264,0.11992,0.62901,0.55289,0.66682,0.55455,0.40637,0.34139,0.52248,0.45887,0.69929,0.69684,0.38335,0.42461,0.32547,0.3237,0.5682,0.50302,0.55629,0.62195,0.54625,0.4509,0.41911,0.37394,0.48075,0.46545,0.64227,0.66247,0.73889,0.67109,0.81913,0.83651,0.52399,0.60246,0.57915,0.56168,0.60315,0.61639,0.47665,0.53436,0.52463,0.51906,0.69771,0.58364,0.64309,0.6999,0.61619,0.55683,0.52819,0.49482,0.58924,0.53347,0.68412,0.5135,0.38147,0.48007,0.68324,0.67043,0.58254,0.66322,0.65433,0.60657,0.57466,0.63094
0.66012,0.72324,0.57647,0.55374,0.22285,0.41242,0.58303,0.60865,0.19917,0.40033,0.69367,0.70889,0.5746,0.66845,0.60371,0.76921,0.82657,0.86417,0.62904,0.67637,0.64761,0.48201,0.51531,0.46258,0.33863,0.368,0.4158,0.38992,0.93579,1,0.64433,0.62192,0.6841,0.70897,0.37564,0.44037,0.72677,0.72565,0.7167,0.75578,0.72443,0.65238,0.37933,0.35182,0.32537,0.32757,0.50005,0.4521,0.29253,0.25736,0.30129,0.28616,0.29661,0.21189,0.63069,0.60947,0.68872,0.60836,0.43117,0.37778,0.48172,0.45966,0.65866,0.71898,0.37332,0.42743,0.37075,0.38649,0.58782,0.53317,0.54642,0.61322,0.53214,0.49025,0.43223,0.41919,0.44123,0.4466,0.63051,0.66538,0.72956,0.68272,0.86233,0.87904,0.51046,0.62142,0.57848,0.60342,0.55852,0.6238,0.39747,0.47137,0.45953,0.45236,0.65009,0.57467,0.60961,0.66534,0.55491,0.50949,0.45678,0.44451,0.52049,0.48342,0.6593,0.41151,0.39413,0.40838,0.66294,0.63156,0.5356,0.60647,0.61206,0.59126,0.49598,0.56523
0.38193,0.43761,0.54259,0.59028,0.40276,0.48515,0.52271,0.56187,0.33299,0.53878,0.39157,0.43137,0.40521,0.47949,0.47022,0.57327,0.51196,0.59324,0.40985,0.3829,0.65063,0.44996,0.56217,0.59562,0.4646,0.57257,0.5497,0.54481,0.63253,0.64433,1,0.91214,0.50122,0.55496,0.35404,0.45386,0.48587,0.51791,0.44634,0.56238,0.39396,0.40201,0.24886,0.22186,0.26711,0.2666,0.32445,0.29684,0.19391,0.16513,0.20255,0.15164,0.16306,0.099059,0.42131,0.42054,0.37387,0.35571,0.24602,0.22627,0.2848,0.33666,0.33696,0.40384,0.31846,0.36906,0.32414,0.33267,0.34898,0.3431,0.43755,0.48962,0.26915,0.25113,0.26489,0.28788,0.2961,0.31274,0.38621,0.44974,0.44278,0.43433,0.5857,0.58583,0.36081,0.45867,0.33294,0.42838,0.42847,0.52299,0.32435,0.32623,0.32637,0.30494,0.42985,0.29025,0.39327,0.36284,0.33685,0.28216,0.27706,0.27092,0.28534,0.2668,0.44286,0.23198,0.23778,0.23916,0.39615,0.3816,0.37581,0.36387,0.31975,0.31107,0.27869,0.38046
0.40306,0.44457,0.55348,0.61178,0.40989,0.47897,0.54601,0.56997,0.37142,0.53753,0.43229,0.45703,0.46288,0.52368,0.49871,0.56636,0.49665,0.58729,0.39046,0.37368,0.57747,0.36792,0.58545,0.63195,0.50336,0.61246,0.54708,0.54322,0.59809,0.62192,0.91214,1,0.46914,0.55287,0.37328,0.45613,0.45082,0.50257,0.4438,0.52519,0.36192,0.35018,0.26061,0.23952,0.25061,0.25123,0.33703,0.31093,0.18947,0.15914,0.20604,0.16024,0.179,0.11758,0.39608,0.40776,0.35664,0.34533,0.26081,0.23276,0.30234,0.33655,0.36388,0.4116,0.3318,0.38251,0.31814,0.32717,0.31277,0.31521,0.42906,0.48482,0.27176,0.25438,0.25315,0.27398,0.29403,0.30526,0.33463,0.42394,0.39212,0.40659,0.55394,0.54178,0.36657,0.44676,0.31925,0.42856,0.41433,0.48917,0.27003,0.24817,0.29333,0.23244,0.39214,0.25946,0.34969,0.33212,0.27995,0.22954,0.22936,0.21514,0.22423,0.19579,0.37097,0.18111,0.20612,0.19945,0.3824,0.35459,0.34796,0.3095,0.25188,0.25861,0.24185,0.37151
0.76888,0.74334,0.75023,0.62694,0.49391,0.59469,0.72892,0.67239,0.48288,0.53033,0.5352,0.51649,0.49291,0.50896,0.62237,0.61286,0.71733,0.67499,0.75626,0.81131,0.58772,0.54023,0.64746,0.60067,0.53271,0.49204,0.49701,0.49589,0.67977,0.6841,0.50122,0.46914,1,0.93513,0.7335,0.73731,0.72343,0.67799,0.70904,0.66614,0.63887,0.54436,0.61986,0.5811,0.61759,0.63605,0.64438,0.62435,0.54446,0.56118,0.54472,0.53796,0.52811,0.37193,0.71228,0.69383,0.83108,0.76605,0.71841,0.65706,0.69091,0.72693,0.76534,0.79137,0.63305,0.71483,0.77656,0.77783,0.81991,0.79397,0.62171,0.65399,0.65109,0.62959,0.61088,0.58374,0.61331,0.59585,0.56826,0.50609,0.73605,0.65299,0.69827,0.65862,0.63835,0.6684,0.57778,0.39026,0.70207,0.72523,0.59268,0.56829,0.64728,0.60053,0.70763,0.49303,0.79104,0.66671,0.65391,0.65746,0.67393,0.63058,0.66239,0.6432,0.69599,0.62795,0.54579,0.55821,0.60728,0.65868,0.74191,0.72992,0.60671,0.70859,0.6445,0.35604
0.73267,0.70626,0.71935,0.63525,0.44475,0.53339,0.69965,0.65276,0.43103,0.48108,0.52958,0.50994,0.46898,0.49063,0.58704,0.6084,0.71316,0.68573,0.79252,0.84215,0.57237,0.5608,0.61665,0.57727,0.44625,0.4285,0.41011,0.41553,0.70179,0.70897,0.55496,0.55287,0.93513,1,0.65998,0.6978,0.72536,0.68142,0.6731,0.62675,0.61744,0.54522,0.52468,0.48313,0.4799,0.51362,0.56852,0.54269,0.41396,0.42532,0.42021,0.41713,0.44521,0.27139,0.62534,0.60196,0.77515,0.67321,0.60834,0.54162,0.62323,0.64045,0.73586,0.74135,0.53568,0.62771,0.6541,0.67549,0.7359,0.71552,0.62328,0.65738,0.63999,0.58358,0.62163,0.57333,0.64426,0.62774,0.52778,0.49732,0.66812,0.57685,0.69633,0.65672,0.54768,0.578,0.52431,0.34019,0.63609,0.6562,0.61187,0.58594,0.68156,0.60942,0.69481,0.46801,0.75552,0.63093,0.66266,0.64884,0.67748,0.63663,0.67707,0.65133,0.6691,0.64373,0.53915,0.58475,0.61978,0.65668,0.73898,0.73274,0.62444,0.66642,0.65057,0.40211
0.57352,0.50786,0.67891,0.52949,0.47415,0.56349,0.65116,0.54554,0.4792,0.46583,0.42937,0.35445,0.49075,0.43067,0.5647,0.50162,0.46155,0.38647,0.40299,0.43678,0.38988,0.30608,0.68408,0.67554,0.63875,0.60056,0.51251,0.49655,0.35335,0.37564,0.35404,0.37328,0.7335,0.65998,1,0.86862,0.48205,0.43109,0.56919,0.43878,0.36266,0.29165,0.61568,0.60523,0.62595,0.64613,0.58563,0.57193,0.55123,0.57741,0.585,0.57676,0.55324,0.43494,0.62806,0.58965,0.59229,0.61031,0.68894,0.6375,0.71117,0.73271,0.60662,0.59501,0.81443,0.80877,0.84328,0.84542,0.53337,0.55127,0.49567,0.51102,0.47379,0.5069,0.44618,0.48754,0.51242,0.48524,0.45068,0.31903,0.58225,0.50765,0.39921,0.37179,0.70441,0.62034,0.40869,0.2827,0.65989,0.613,0.31867,0.28215,0.40417,0.35073,0.477,0.35568,0.58615,0.4423,0.40251,0.39227,0.47845,0.38871,0.40417,0.37994,0.49887,0.41201,0.36622,0.30153,0.36388,0.46851,0.52226,0.4501,0.35334,0.43704,0.38081,0.085614
0.6785,0.59611,0.67965,0.6635,0.60527,0.69369,0.67847,0.65162,0.47825,0.55835,0.46,0.44557,0.51913,0.48466,0.5496,0.49364,0.45948,0.46023,0.54045,0.55987,0.43124,0.31948,0.70276,0.71772,0.67705,0.61179,0.58843,0.55162,0.38422,0.44037,0.45386,0.45613,0.73731,0.6978,0.86862,1,0.5407,0.59897,0.5084,0.51855,0.4291,0.40293,0.64451,0.60369,0.61411,0.63895,0.66201,0.5963,0.55563,0.57197,0.60741,0.58774,0.52901,0.46998,0.5917,0.60666,0.58091,0.6055,0.65861,0.64826,0.63755,0.72988,0.51327,0.58615,0.68827,0.7771,0.82819,0.83676,0.56897,0.60568,0.58286,0.55779,0.50294,0.5593,0.50859,0.58452,0.55065,0.55142,0.41292,0.36302,0.54153,0.49924,0.50644,0.40879,0.6454,0.62977,0.38577,0.33835,0.63251,0.69136,0.3993,0.36089,0.49013,0.40245,0.45033,0.29023,0.56978,0.34516,0.46503,0.41154,0.45507,0.43857,0.3962,0.45391,0.59288,0.33954,0.5636,0.31341,0.42473,0.47559,0.60192,0.49011,0.37377,0.54852,0.35858,0.18515
0.63196,0.57256,0.64507,0.48056,0.27904,0.38331,0.58118,0.4952,0.24145,0.36427,0.59424,0.53468,0.49193,0.46297,0.50534,0.59437,0.65899,0.65669,0.66216,0.67826,0.69412,0.66159,0.51939,0.44704,0.32524,0.294,0.39338,0.37166,0.77283,0.72677,0.48587,0.45082,0.72343,0.72536,0.48205,0.5407,1,0.89595,0.8237,0.82595,0.84882,0.73152,0.29598,0.23349,0.25726,0.25483,0.42095,0.3713,0.22021,0.26205,0.32471,0.39263,0.39701,0.19623,0.67066,0.60132,0.632,0.51521,0.49816,0.45634,0.62221,0.58445,0.66502,0.65067,0.46692,0.56865,0.41044,0.42088,0.53209,0.48418,0.68225,0.7319,0.55863,0.47016,0.52302,0.51845,0.65261,0.64122,0.41304,0.43853,0.58585,0.52539,0.72474,0.67401,0.56866,0.60432,0.69135,0.49191,0.68191,0.72582,0.73434,0.7545,0.75752,0.72893,0.78188,0.54685,0.78309,0.711,0.76999,0.69519,0.75762,0.71071,0.77554,0.74222,0.84339,0.70624,0.55311,0.65518,0.75446,0.75349,0.77475,0.80865,0.80318,0.71707,0.72553,0.65795
0.68504,0.63157,0.59734,0.56675,0.33165,0.46594,0.56932,0.56235,0.1936,0.41071,0.60102,0.59743,0.50639,0.52033,0.44593,0.54922,0.60122,0.64521,0.69029,0.69706,0.61737,0.5438,0.49663,0.46871,0.34134,0.30731,0.44768,0.40195,0.73234,0.72565,0.51791,0.50257,0.67799,0.68142,0.43109,0.59897,0.89595,1,0.70833,0.84923,0.80425,0.78522,0.30736,0.23148,0.25744,0.24922,0.46233,0.35583,0.23681,0.26957,0.36185,0.39635,0.3428,0.2254,0.60891,0.58049,0.60643,0.53141,0.47728,0.45682,0.55924,0.56681,0.55555,0.60871,0.42816,0.57017,0.42192,0.4271,0.53935,0.50396,0.64896,0.68614,0.55255,0.4987,0.49951,0.54117,0.56335,0.57531,0.36994,0.41764,0.51883,0.48732,0.73519,0.62834,0.52577,0.61329,0.6267,0.55264,0.6181,0.75366,0.63916,0.67103,0.685,0.63408,0.64361,0.47423,0.65422,0.58474,0.68835,0.5808,0.5887,0.60371,0.63439,0.64312,0.83201,0.49072,0.60327,0.51535,0.7092,0.64348,0.70707,0.73048,0.71945,0.72472,0.61964,0.6592
0.5892,0.62644,0.65387,0.47386,0.20917,0.35989,0.61406,0.50496,0.27569,0.3501,0.59453,0.53977,0.5286,0.53464,0.59689,0.70613,0.67853,0.61086,0.4813,0.51945,0.63129,0.57828,0.5508,0.51154,0.38574,0.42898,0.41672,0.39535,0.73506,0.7167,0.44634,0.4438,0.70904,0.6731,0.56919,0.5084,0.8237,0.70833,1,0.8112,0.70463,0.57546,0.45277,0.44371,0.41887,0.4306,0.54237,0.55994,0.39271,0.41926,0.43558,0.49397,0.47712,0.34089,0.79076,0.73743,0.68732,0.61654,0.55611,0.51361,0.64809,0.61133,0.72773,0.70655,0.55728,0.60474,0.48911,0.52743,0.51607,0.46059,0.52608,0.6191,0.4871,0.42723,0.39779,0.41471,0.46914,0.46706,0.48744,0.41142,0.66259,0.57198,0.7186,0.72644,0.64483,0.6644,0.65283,0.49382,0.70235,0.66598,0.51905,0.54911,0.53906,0.53966,0.77153,0.70054,0.77127,0.79749,0.64457,0.63554,0.64465,0.53066,0.62015,0.54004,0.68732,0.5855,0.35428,0.52807,0.66721,0.75925,0.64286,0.70663,0.65484,0.5596,0.5607,0.519
0.61936,0.61946,0.61724,0.54442,0.293,0.43268,0.56013,0.5366,0.19002,0.38957,0.5712,0.56727,0.51216,0.54441,0.52691,0.67437,0.59043,0.61996,0.57656,0.56619,0.66562,0.62692,0.52075,0.50108,0.39604,0.42961,0.52034,0.48617,0.73386,0.75578,0.56238,0.52519,0.66614,0.62675,0.43878,0.51855,0.82595,0.84923,0.8112,1,0.77327,0.77645,0.37413,0.33283,0.37072,0.34975,0.49528,0.44984,0.33196,0.32568,0.40214,0.42734,0.36597,0.24578,0.71461,0.69591,0.6124,0.54368,0.47221,0.43178,0.51704,0.52084,0.55784,0.60228,0.44657,0.52891,0.44905,0.4694,0.53438,0.49662,0.5468,0.62275,0.45436,0.42189,0.3954,0.43617,0.41321,0.41616,0.39114,0.40347,0.5909,0.55198,0.7824,0.7527,0.57848,0.65372,0.67584,0.61522,0.66316,0.72431,0.54125,0.59898,0.55836,0.57817,0.69256,0.56342,0.67902,0.68346,0.61372,0.55306,0.54713,0.54047,0.55536,0.54508,0.74681,0.43945,0.47235,0.46502,0.66345,0.66662,0.63833,0.68382,0.65192,0.60854,0.5249,0.53142
0.60499,0.58987,0.53123,0.38004,0.20193,0.32216,0.47655,0.40998,0.14592,0.25465,0.60655,0.52345,0.46772,0.44135,0.48732,0.56753,0.62411,0.65062,0.64067,0.66925,0.59722,0.58818,0.42985,0.33957,0.26953,0.22285,0.32592,0.34025,0.73984,0.72443,0.39396,0.36192,0.63887,0.61744,0.36266,0.4291,0.84882,0.80425,0.70463,0.77327,1,0.80166,0.22699,0.15221,0.19222,0.16366,0.33848,0.28028,0.17488,0.1976,0.27444,0.30573,0.29599,0.13669,0.56748,0.50994,0.599,0.52831,0.41142,0.38558,0.47579,0.42598,0.58009,0.56999,0.37226,0.43304,0.32483,0.32254,0.53648,0.49086,0.60149,0.637,0.61471,0.51924,0.53702,0.51098,0.55147,0.52413,0.39984,0.428,0.55032,0.51034,0.73084,0.6566,0.48421,0.53231,0.69249,0.55335,0.56227,0.62727,0.61077,0.6446,0.64676,0.62519,0.65424,0.43672,0.66227,0.59303,0.64709,0.56028,0.60948,0.61363,0.66815,0.64117,0.75639,0.57258,0.49963,0.54138,0.68173,0.63026,0.64734,0.70932,0.71558,0.68022,0.63596,0.57855
0.52151,0.50701,0.4429,0.41496,0.22547,0.33486,0.40383,0.38945,0.076502,0.23828,0.47063,0.45321,0.37704,0.40124,0.41801,0.53245,0.44589,0.51251,0.60823,0.61609,0.53821,0.63432,0.39378,0.33685,0.22271,0.19398,0.32363,0.29861,0.63031,0.65238,0.40201,0.35018,0.54436,0.54522,0.29165,0.40293,0.73152,0.78522,0.57546,0.77645,0.80166,1,0.20241,0.12976,0.1589,0.13667,0.31188,0.22987,0.16106,0.17935,0.249,0.26059,0.23663,0.11895,0.4473,0.43651,0.46506,0.42665,0.34177,0.31516,0.36295,0.3669,0.40001,0.42916,0.26967,0.37385,0.28833,0.28667,0.48324,0.44931,0.50549,0.55235,0.49042,0.46026,0.43496,0.47694,0.4204,0.40976,0.25398,0.30523,0.41671,0.39574,0.68052,0.64271,0.37186,0.42008,0.58667,0.49548,0.42849,0.54517,0.52596,0.56504,0.55547,0.52484,0.55602,0.3916,0.53944,0.47753,0.50709,0.44133,0.48644,0.48828,0.53815,0.50553,0.67422,0.42508,0.43883,0.4124,0.5658,0.53478,0.51824,0.57924,0.56399,0.54088,0.50127,0.45915
0.56506,0.59556,0.53247,0.50031,0.51621,0.58236,0.56876,0.56595,0.47299,0.49039,0.3199,0.35154,0.3967,0.41857,0.46719,0.41555,0.42047,0.36826,0.32719,0.40009,0.25397,0.13922,0.55434,0.54471,0.59654,0.52008,0.42901,0.42089,0.27141,0.37933,0.24886,0.26061,0.61986,0.52468,0.61568,0.64451,0.29598,0.30736,0.45277,0.37413,0.22699,0.20241,1,0.94757,0.91999,0.90776,0.93269,0.92375,0.87963,0.82343,0.74139,0.6336,0.60592,0.67877,0.59926,0.71623,0.63709,0.69374,0.6398,0.64011,0.44101,0.54346,0.48052,0.58638,0.45111,0.51314,0.77402,0.77811,0.60987,0.62726,0.35066,0.35271,0.4067,0.50871,0.34572,0.47226,0.33473,0.32584,0.509,0.34626,0.55519,0.492,0.39396,0.3865,0.5015,0.49369,0.26364,0.23219,0.42121,0.46121,0.15199,0.1589,0.17526,0.18526,0.32413,0.31295,0.51772,0.37337,0.32527,0.41819,0.25603,0.26052,0.22684,0.26326,0.30272,0.22564,0.31203,0.1714,0.22457,0.37851,0.41005,0.33267,0.16517,0.38163,0.24008,-0.093991
