1,0.92572,0.89086,0.89201,0.7532,0.79678,0.91125,0.87917,0.40633,0.74022,0.8072,0.84255,0.83892,0.83287,0.50123,0.65044,0.69331,0.69372,0.94668,0.93229,0.37308,0.57749,0.86204,0.84315,0.71671,0.7691,0.5833,0.52378,0.58477,0.47226,0.65847,0.59093,0.72487,0.82221,0.59566,0.56867,0.45192,0.59169,0.56015,0.60542,0.39967,0.76316,0.42966,0.41579,0.47216,0.45316,0.62037,0.60587,0.58791,0.60371,0.59387,0.67329,0.69941,0.62257,0.63422,0.68567,0.88271,0.80992,0.52732,0.57789,0.64689,0.43732,0.60855,0.64728,0.21614,0.44647,0.52297,0.58185,0.80633,0.70625,0.65284,0.72592,0.55169,0.64079,0.47622,0.5682,0.48229,0.47315,0.55437,0.71509,0.61406,0.70118,0.73828,0.81938,0.64585,0.66914,0.48519,0.45798,0.63089,0.65545,0.49806,0.51828,0.56057,0.62635,0.547,0.51371,0.35084,0.39376,0.51722,0.48564,0.49526,0.62873,0.58071,0.53032,0.64796,0.54923,0.24211,0.33623,0.65729,0.60917,0.44434,0.35416,0.35929,0.48657,0.33024,0.51007
0.92572,1,0.82296,0.8281,0.68611,0.73589,0.84347,0.8192,0.32883,0.69419,0.73913,0.78482,0.74573,0.77153,0.4833,0.6235,0.72223,0.74885,0.89555,0.90168,0.35833,0.55681,0.79865,0.77672,0.7054,0.74524,0.57464,0.51793,0.59387,0.49867,0.65646,0.58811,0.75203,0.82046,0.61982,0.57784,0.42723,0.54673,0.53305,0.5777,0.37825,0.6919,0.53818,0.55336,0.56831,0.56452,0.66758,0.69037,0.63426,0.66303,0.61334,0.69394,0.66301,0.61375,0.58657,0.67536,0.90778,0.90749,0.52626,0.61466,0.59415,0.40023,0.62212,0.64128,0.21946,0.41923,0.5897,0.6363,0.84799,0.78925,0.59637,0.65557,0.51197,0.60902,0.40409,0.52749,0.41421,0.42117,0.59232,0.78116,0.63693,0.73595,0.72533,0.77394,0.62304,0.6504,0.47043,0.40481,0.54654,0.58006,0.43645,0.46736,0.46893,0.54482,0.49635,0.50652,0.36631,0.34834,0.46677,0.44859,0.42584,0.54492,0.51425,0.47655,0.59916,0.52178,0.2758,0.3222,0.60745,0.57359,0.4154,0.32197,0.31979,0.44012,0.30515,0.49648
0.89086,0.82296,1,0.97317,0.74074,0.8399,0.95711,0.92881,0.40343,0.77604,0.68237,0.76178,0.77253,0.83074,0.38905,0.65374,0.56234,0.54296,0.91902,0.89576,0.28972,0.53546,0.98452,0.9736,0.77933,0.84785,0.57205,0.54159,0.48215,0.37167,0.75545,0.68389,0.62939,0.78812,0.58332,0.56172,0.4521,0.60446,0.55212,0.59683,0.39854,0.75801,0.38836,0.36845,0.42186,0.38123,0.54476,0.54084,0.51873,0.55975,0.52131,0.62804,0.65441,0.57931,0.5873,0.61244,0.73916,0.65289,0.35581,0.39961,0.46227,0.34909,0.44414,0.48387,0.18538,0.39736,0.44378,0.53011,0.69874,0.57261,0.69795,0.74079,0.52207,0.59027,0.47301,0.56405,0.50181,0.50724,0.40596,0.58403,0.45699,0.52432,0.73378,0.75953,0.54934,0.55864,0.51574,0.43067,0.56192,0.58582,0.51833,0.48866,0.61865,0.65812,0.53706,0.49586,0.27762,0.36032,0.48511,0.43091,0.47982,0.62854,0.56558,0.51768,0.69325,0.61357,0.17893,0.33429,0.66309,0.62663,0.40655,0.3264,0.31709,0.4717,0.35611,0.55746
0.89201,0.8281,0.97317,1,0.729,0.84092,0.96275,0.96093,0.35497,0.8099,0.69636,0.79434,0.76942,0.86135,0.36535,0.67485,0.5971,0.56503,0.91512,0.90314,0.29136,0.54816,0.9717,0.96589,0.7362,0.83573,0.55952,0.53019,0.52674,0.40159,0.74597,0.69154,0.65334,0.81875,0.56948,0.56572,0.42604,0.59488,0.53892,0.59458,0.38484,0.74685,0.34063,0.34584,0.38764,0.34547,0.5031,0.51267,0.48506,0.5272,0.48814,0.58696,0.62878,0.55377,0.55406,0.59156,0.73803,0.66096,0.34179,0.42136,0.45939,0.39402,0.45123,0.53798,0.14198,0.39642,0.42212,0.52607,0.69501,0.56743,0.69752,0.73623,0.5198,0.59528,0.46768,0.56076,0.48093,0.48768,0.44416,0.59878,0.4546,0.52843,0.74204,0.77362,0.52379,0.55282,0.48832,0.40834,0.55666,0.59333,0.49816,0.44978,0.6035,0.61202,0.50902,0.48087,0.25873,0.33674,0.46425,0.39616,0.47024,0.59184,0.54353,0.48815,0.66181,0.55936,0.16002,0.29513,0.66634,0.61684,0.38973,0.30571,0.29146,0.43021,0.3046,0.5757
0.7532,0.68611,0.74074,0.729,1,0.91053,0.7426,0.74485,0.64597,0.7555,0.66657,0.75083,0.72409,0.7294,0.64285,0.68966,0.59196,0.61163,0.7209,0.75932,0.50355,0.69553,0.73182,0.72531,0.72784,0.74725,0.68086,0.6381,0.48431,0.49095,0.52626,0.46001,0.63955,0.67409,0.6136,0.68582,0.59418,0.69485,0.5605,0.62488,0.3112,0.69596,0.45797,0.31771,0.46526,0.43415,0.66465,0.62723,0.62744,0.6222,0.67135,0.68472,0.75406,0.50265,0.7876,0.72401,0.65303,0.57298,0.54219,0.61239,0.60534,0.548,0.5601,0.65167,0.27232,0.52342,0.53231,0.60093,0.68828,0.62491,0.44233,0.56607,0.46725,0.54364,0.53859,0.56077,0.53615,0.51412,0.44929,0.61001,0.58971,0.66768,0.62752,0.78563,0.62087,0.66248,0.56978,0.69027,0.82039,0.81095,0.71434,0.67097,0.74637,0.77923,0.60665,0.50782,0.45697,0.55156,0.71547,0.64756,0.63918,0.75116,0.72856,0.68581,0.62545,0.56396,0.38858,0.51578,0.55299,0.52305,0.59998,0.49074,0.47827,0.64528,0.55147,0.32823
0.79678,0.73589,0.8399,0.84092,0.91053,1,0.81625,0.8413,0.45919,0.85833,0.66927,0.80127,0.72812,0.83853,0.51988,0.71891,0.61203,0.62454,0.79752,0.81219,0.43996,0.66599,0.82864,0.82566,0.72423,0.81991,0.66547,0.66172,0.51387,0.477,0.59087,0.52263,0.64059,0.72331,0.60707,0.65768,0.57583,0.72219,0.59951,0.68792,0.32232,0.74525,0.43823,0.33245,0.43701,0.4047,0.62732,0.60415,0.58505,0.61553,0.59732,0.66647,0.72425,0.51405,0.74469,0.72282,0.67499,0.60342,0.45782,0.55328,0.52138,0.55978,0.5252,0.64365,0.19908,0.5067,0.47688,0.57799,0.71665,0.61949,0.54539,0.65231,0.48515,0.57073,0.53667,0.56778,0.54523,0.53484,0.45604,0.61772,0.55054,0.63874,0.70183,0.80743,0.58326,0.64489,0.5864,0.6588,0.78006,0.77714,0.66272,0.57632,0.7203,0.72615,0.61156,0.53175,0.38656,0.52011,0.64506,0.5739,0.59307,0.71325,0.68156,0.62815,0.63849,0.54649,0.34511,0.50025,0.59307,0.56489,0.5335,0.40384,0.39052,0.59319,0.51072,0.41207
0.91125,0.84347,0.95711,0.96275,0.7426,0.81625,1,0.95611,0.43959,0.7866,0.75034,0.82974,0.8282,0.87414,0.46488,0.68772,0.62498,0.59429,0.91996,0.90086,0.32444,0.57115,0.93841,0.91839,0.75887,0.83957,0.5798,0.52374,0.58868,0.46341,0.76241,0.70443,0.71012,0.84662,0.57144,0.57768,0.47734,0.60634,0.55958,0.60512,0.43337,0.74157,0.37155,0.38445,0.41685,0.39067,0.52599,0.54933,0.53496,0.55684,0.54934,0.63982,0.64857,0.60173,0.5913,0.63544,0.75823,0.68716,0.4268,0.48006,0.54145,0.39575,0.5233,0.57929,0.196,0.41539,0.47812,0.54999,0.70552,0.59136,0.7149,0.74322,0.54523,0.61591,0.47663,0.58177,0.50041,0.49796,0.48348,0.6174,0.52561,0.57961,0.7403,0.77454,0.57244,0.60279,0.47119,0.40296,0.57956,0.60956,0.4997,0.49916,0.56833,0.6221,0.51891,0.51225,0.30891,0.35565,0.47543,0.43887,0.49087,0.61904,0.54428,0.50727,0.66246,0.55551,0.19656,0.31244,0.68411,0.64179,0.40582,0.32742,0.32486,0.44672,0.32048,0.55815
0.87917,0.8192,0.92881,0.96093,0.74485,0.8413,0.95611,1,0.42468,0.84494,0.73329,0.85077,0.80595,0.90147,0.41654,0.66919,0.63266,0.59049,0.89437,0.891,0.36072,0.58579,0.922,0.90243,0.75088,0.85182,0.60471,0.53354,0.61278,0.49531,0.78158,0.72764,0.70307,0.84627,0.5572,0.57972,0.44229,0.59209,0.53776,0.59541,0.40842,0.71774,0.35114,0.35752,0.40219,0.36848,0.49985,0.5257,0.50605,0.53155,0.51273,0.59541,0.63803,0.57706,0.57287,0.62327,0.73177,0.67117,0.39933,0.48455,0.51762,0.50199,0.44386,0.58512,0.17105,0.4456,0.454,0.55983,0.67847,0.56332,0.68516,0.71705,0.56715,0.63212,0.50411,0.57319,0.48633,0.4885,0.50698,0.62342,0.51612,0.55141,0.70091,0.75943,0.53923,0.56843,0.42231,0.38824,0.58441,0.62929,0.51768,0.47677,0.58996,0.58649,0.49171,0.50288,0.28771,0.34236,0.47934,0.41747,0.49023,0.5739,0.53778,0.48591,0.64453,0.53436,0.17794,0.28895,0.68967,0.61533,0.39239,0.32729,0.31979,0.43823,0.32778,0.56176
0.40633,0.32883,0.40343,0.35497,0.64597,0.45919,0.43959,0.42468,1,0.45244,0.40483,0.46967,0.55837,0.40093,0.6908,0.46229,0.2979,0.33862,0.36317,0.38653,0.38917,0.43819,0.39091,0.39344,0.53455,0.4535,0.53051,0.42934,0.35298,0.41848,0.39703,0.37786,0.40461,0.39147,0.38796,0.45175,0.44667,0.41475,0.30982,0.31586,0.31931,0.36627,0.32698,0.21846,0.36682,0.33542,0.42886,0.44284,0.48853,0.41276,0.54525,0.48056,0.5227,0.42006,0.56237,0.47606,0.30502,0.27423,0.4849,0.4094,0.54667,0.37661,0.34267,0.40836,0.44893,0.39784,0.44231,0.41021,0.28233,0.28886,0.16975,0.19628,0.36684,0.36345,0.39345,0.40394,0.32656,0.291,0.28865,0.327,0.41935,0.39734,0.2895,0.39831,0.513,0.47684,0.28233,0.39602,0.57794,0.55167,0.55597,0.63061,0.5225,0.56997,0.33694,0.3177,0.38492,0.37945,0.53159,0.54402,0.47333,0.51181,0.49157,0.51744,0.43419,0.44388,0.29485,0.35858,0.34664,0.31234,0.43734,0.4667,0.47378,0.47983,0.41576,0.11807
0.74022,0.69419,0.77604,0.8099,0.7555,0.85833,0.7866,0.84494,0.45244,1,0.65935,0.80766,0.74133,0.84969,0.51001,0.75187,0.56279,0.57021,0.73996,0.75509,0.36365,0.54866,0.78333,0.77966,0.62621,0.74883,0.62844,0.56947,0.54435,0.48445,0.58821,0.5397,0.58471,0.68292,0.56427,0.56187,0.41874,0.54556,0.47625,0.59388,0.32184,0.58316,0.30875,0.29848,0.37749,0.33017,0.42938,0.47909,0.48057,0.5011,0.47304,0.5386,0.60621,0.50773,0.55736,0.58028,0.615,0.56163,0.37942,0.48229,0.49113,0.59959,0.42414,0.58799,0.25146,0.47462,0.39631,0.50983,0.59834,0.51341,0.49676,0.54729,0.42453,0.50002,0.39355,0.44371,0.37993,0.3614,0.45942,0.57346,0.46144,0.5198,0.68651,0.72489,0.55474,0.55741,0.45675,0.45093,0.67323,0.66607,0.52328,0.48035,0.60717,0.58158,0.43908,0.39042,0.2255,0.31545,0.44984,0.40152,0.45393,0.52379,0.52484,0.47053,0.53206,0.44838,0.20521,0.29801,0.58667,0.48886,0.34987,0.29021,0.30994,0.39517,0.29672,0.49164
0.8072,0.73913,0.68237,0.69636,0.66657,0.66927,0.75034,0.73329,0.40483,0.65935,1,0.8265,0.88232,0.78209,0.58159,0.56157,0.78172,0.76374,0.75253,0.79638,0.49892,0.60133,0.65396,0.62202,0.53403,0.58649,0.56852,0.44896,0.70647,0.68308,0.55516,0.51772,0.63012,0.67969,0.40929,0.4673,0.45625,0.5246,0.4979,0.52952,0.44699,0.62511,0.20368,0.18599,0.27415,0.27834,0.42306,0.40742,0.42775,0.43226,0.49251,0.52728,0.59286,0.56013,0.59762,0.59886,0.6542,0.62553,0.49543,0.53887,0.62871,0.43968,0.62268,0.67263,0.17829,0.33878,0.39968,0.41879,0.64154,0.57461,0.57841,0.62763,0.49899,0.6126,0.45274,0.46756,0.49398,0.44333,0.66229,0.75247,0.72263,0.73721,0.58129,0.73927,0.65896,0.60422,0.34176,0.41238,0.63756,0.59185,0.45179,0.51473,0.42454,0.52299,0.40794,0.41336,0.34767,0.31277,0.49721,0.46125,0.43511,0.53589,0.50661,0.45056,0.49689,0.34159,0.14632,0.30238,0.60467,0.42522,0.36999,0.38525,0.31157,0.43742,0.30507,0.47214
0.84255,0.78482,0.76178,0.79434,0.75083,0.80127,0.82974,0.85077,0.46967,0.80766,0.8265,1,0.87384,0.92056,0.57378,0.69803,0.70415,0.72477,0.80288,0.82323,0.42043,0.58711,0.74742,0.72424,0.61063,0.70525,0.58286,0.50339,0.71652,0.66662,0.61221,0.55542,0.68706,0.76726,0.49516,0.52719,0.46036,0.60329,0.51041,0.59752,0.42256,0.67304,0.2728,0.27792,0.32355,0.30224,0.45534,0.46806,0.48517,0.49352,0.51238,0.56826,0.60656,0.50612,0.57376,0.59048,0.69424,0.655,0.50417,0.6021,0.60513,0.55303,0.57518,0.74563,0.13123,0.42388,0.42695,0.50101,0.64574,0.583,0.54823,0.60346,0.51751,0.60798,0.4677,0.53324,0.44087,0.42609,0.5964,0.68518,0.62336,0.6759,0.65209,0.775,0.58883,0.61058,0.38128,0.41744,0.66976,0.66087,0.4804,0.47601,0.50676,0.5565,0.45506,0.472,0.30834,0.34096,0.48354,0.43152,0.47123,0.56298,0.52883,0.48535,0.54182,0.42935,0.21454,0.28932,0.58717,0.51442,0.37094,0.30794,0.33042,0.4299,0.29585,0.46581
0.83892,0.74573,0.77253,0.76942,0.72409,0.72812,0.8282,0.80595,0.55837,0.74133,0.88232,0.87384,1,0.87376,0.65111,0.66769,0.65751,0.68267,0.78559,0.80534,0.38594,0.51382,0.75278,0.7189,0.62064,0.64838,0.58078,0.42808,0.66661,0.61869,0.59358,0.51737,0.63024,0.70538,0.4749,0.48628,0.45279,0.56279,0.49249,0.57446,0.45244,0.63514,0.24474,0.24016,0.33887,0.31748,0.44726,0.45413,0.4826,0.47217,0.51231,0.57333,0.62483,0.53523,0.63189,0.6193,0.65005,0.60942,0.49292,0.50668,0.63814,0.46091,0.56171,0.66973,0.18799,0.35761,0.39826,0.43843,0.61473,0.55336,0.56374,0.61272,0.53586,0.60331,0.45479,0.5015,0.46141,0.40563,0.56586,0.65644,0.63129,0.67251,0.61415,0.7617,0.63587,0.59379,0.35232,0.40197,0.69385,0.62327,0.4755,0.51916,0.49223,0.59145,0.43069,0.4658,0.29376,0.31002,0.50145,0.45198,0.46297,0.58905,0.5265,0.48584,0.55286,0.43329,0.16813,0.30474,0.62073,0.5089,0.3578,0.35247,0.34982,0.42015,0.31056,0.4422
0.83287,0.77153,0.83074,0.86135,0.7294,0.83853,0.87414,0.90147,0.40093,0.84969,0.78209,0.92056,0.87376,1,0.50016,0.71466,0.66404,0.6508,0.82276,0.83069,0.38943,0.57467,0.82431,0.80039,0.6571,0.75558,0.58924,0.49338,0.67187,0.59105,0.66315,0.59672,0.6568,0.75734,0.51594,0.52898,0.46672,0.61934,0.53173,0.63815,0.4065,0.68483,0.30629,0.30919,0.35871,0.3308,0.46139,0.48452,0.48065,0.50349,0.48732,0.56063,0.60388,0.50577,0.59957,0.6282,0.66369,0.63556,0.4331,0.52085,0.54588,0.56401,0.5146,0.67766,0.14865,0.44519,0.40999,0.5073,0.65357,0.57079,0.62304,0.65777,0.52114,0.60689,0.47211,0.52023,0.45984,0.44477,0.54046,0.63109,0.58137,0.627,0.67923,0.77037,0.57082,0.59843,0.39615,0.43068,0.66622,0.65358,0.48639,0.44035,0.53516,0.5605,0.46694,0.51098,0.25964,0.3145,0.46466,0.40313,0.47832,0.56521,0.51783,0.45734,0.56062,0.44345,0.1795,0.31615,0.61176,0.53231,0.33043,0.26258,0.25366,0.38076,0.29191,0.49554
0.50123,0.4833,0.38905,0.36535,0.64285,0.51988,0.46488,0.41654,0.6908,0.51001,0.58159,0.57378,0.65111,0.50016,1,0.64633,0.44339,0.55142,0.42587,0.44945,0.48006,0.55677,0.37308,0.36938,0.51876,0.48058,0.63551,0.58383,0.52029,0.55756,0.38174,0.36622,0.52303,0.45946,0.52103,0.5547,0.58669,0.54837,0.44647,0.51241,0.39766,0.42713,0.38818,0.31748,0.47335,0.43904,0.4848,0.53273,0.56403,0.49241,0.6069,0.54956,0.52487,0.42343,0.63459,0.60918,0.46606,0.44579,0.55819,0.57898,0.65423,0.47761,0.60063,0.52881,0.50899,0.47665,0.54752,0.51229,0.48257,0.50639,0.25407,0.26583,0.41332,0.44443,0.41821,0.42086,0.37044,0.34041,0.40378,0.48593,0.60871,0.63348,0.50778,0.55442,0.71023,0.64963,0.4214,0.51504,0.68256,0.62464,0.53327,0.62549,0.43026,0.55856,0.48471,0.47193,0.50276,0.44995,0.51803,0.56295,0.46254,0.50753,0.49609,0.52668,0.45644,0.35951,0.35845,0.39819,0.35337,0.34576,0.47494,0.44662,0.45693,0.52932,0.49547,0.15123
0.65044,0.6235,0.65374,0.67485,0.68966,0.71891,0.68772,0.66919,0.46229,0.75187,0.56157,0.69803,0.66769,0.71466,0.64633,1,0.47071,0.50683,0.64192,0.61609,0.17327,0.4478,0.64433,0.66299,0.4936,0.60222,0.49275,0.50024,0.53117,0.4699,0.45187,0.45431,0.58328,0.63772,0.50988,0.49915,0.47328,0.53705,0.4161,0.51938,0.24979,0.55077,0.38536,0.37523,0.35457,0.30813,0.46225,0.52768,0.48953,0.45584,0.48958,0.51808,0.51871,0.39955,0.53243,0.54739,0.57857,0.48462,0.36475,0.42669,0.4162,0.33136,0.59266,0.61476,0.20523,0.33046,0.38061,0.4093,0.55907,0.54645,0.42486,0.40184,0.41067,0.47879,0.41479,0.50135,0.35895,0.3552,0.36968,0.42845,0.42688,0.52108,0.75294,0.77571,0.51863,0.56129,0.53334,0.49165,0.59176,0.57874,0.48509,0.41191,0.52745,0.52929,0.59664,0.50319,0.36697,0.45331,0.42367,0.40509,0.46681,0.52005,0.48604,0.45927,0.48568,0.37942,0.22916,0.35602,0.5011,0.58694,0.47124,0.32423,0.36007,0.46935,0.36421,0.41596
0.69331,0.72223,0.56234,0.5971,0.59196,0.61203,0.62498,0.63266,0.2979,0.56279,0.78172,0.70415,0.65751,0.66404,0.44339,0.47071,1,0.90406,0.65655,0.74815,0.51439,0.60285,0.54432,0.50894,0.51765,0.57698,0.53188,0.44976,0.83128,0.79189,0.58829,0.58192,0.77129,0.76015,0.4275,0.56069,0.43769,0.53058,0.46795,0.48715,0.40637,0.59179,0.33428,0.30879,0.37546,0.358,0.4829,0.49799,0.43132,0.45809,0.45968,0.48767,0.47839,0.49844,0.53796,0.55147,0.71826,0.6827,0.49963,0.53471,0.53254,0.3893,0.66861,0.68423,0.15149,0.34835,0.53062,0.54316,0.70931,0.67367,0.48456,0.54739,0.47498,0.60871,0.44329,0.50075,0.50224,0.51758,0.86434,0.9122,0.81024,0.821,0.52068,0.70365,0.52779,0.54486,0.23598,0.29224,0.4788,0.48407,0.44334,0.42543,0.38205,0.40892,0.38268,0.43684,0.43952,0.36233,0.52251,0.47348,0.43896,0.46439,0.47465,0.43804,0.4631,0.29602,0.20993,0.27937,0.54182,0.38087,0.4028,0.40183,0.26698,0.41049,0.29554,0.5009
0.69372,0.74885,0.54296,0.56503,0.61163,0.62454,0.59429,0.59049,0.33862,0.57021,0.76374,0.72477,0.68267,0.6508,0.55142,0.50683,0.90406,1,0.63978,0.73014,0.45811,0.55834,0.51787,0.48243,0.47033,0.51934,0.56,0.47426,0.76989,0.80385,0.47839,0.45475,0.68938,0.68588,0.45447,0.51415,0.45093,0.53427,0.48542,0.51514,0.3915,0.56693,0.36772,0.3473,0.40725,0.39971,0.51283,0.52242,0.49233,0.49938,0.47541,0.50728,0.49135,0.47085,0.53846,0.57098,0.74188,0.73944,0.52562,0.5804,0.54788,0.36685,0.67579,0.71987,0.14692,0.30178,0.50557,0.5154,0.70855,0.67552,0.39239,0.46508,0.42579,0.5683,0.38841,0.47808,0.41019,0.41517,0.7809,0.91986,0.78045,0.84638,0.53785,0.70744,0.56091,0.56063,0.33298,0.34862,0.53776,0.50293,0.40043,0.42097,0.34005,0.40363,0.40809,0.44442,0.43753,0.3596,0.50157,0.46768,0.38948,0.43288,0.45576,0.42203,0.42227,0.27713,0.23472,0.29416,0.47116,0.36964,0.39616,0.38743,0.30414,0.42608,0.30293,0.41124
0.94668,0.89555,0.91902,0.91512,0.7209,0.79752,0.91996,0.89437,0.36317,0.73996,0.75253,0.80288,0.78559,0.82276,0.42587,0.64192,0.65655,0.63978,1,0.96275,0.33254,0.5521,0.88353,0.86649,0.71016,0.77843,0.56503,0.52167,0.56618,0.46245,0.70808,0.6551,0.71981,0.84333,0.54563,0.55483,0.42739,0.58502,0.50247,0.55585,0.36708,0.75764,0.37259,0.35206,0.40285,0.38148,0.5449,0.55026,0.51102,0.54372,0.51528,0.60836,0.63388,0.58063,0.56375,0.60961,0.82552,0.74944,0.45748,0.50625,0.56117,0.39962,0.52876,0.59881,0.18403,0.40956,0.49758,0.55049,0.79818,0.69072,0.68957,0.76334,0.56791,0.64386,0.48038,0.60953,0.51398,0.52544,0.48876,0.6677,0.53568,0.61942,0.70678,0.77733,0.57008,0.60336,0.4465,0.40979,0.564,0.59654,0.49948,0.49311,0.5788,0.61116,0.53957,0.51886,0.33426,0.38743,0.50137,0.46545,0.4959,0.62299,0.56174,0.52435,0.61818,0.5603,0.24513,0.34603,0.6449,0.60935,0.43397,0.33069,0.31947,0.4647,0.32826,0.50697
0.93229,0.90168,0.89576,0.90314,0.75932,0.81219,0.90086,0.891,0.38653,0.75509,0.79638,0.82323,0.80534,0.83069,0.44945,0.61609,0.74815,0.73014,0.96275,1,0.41646,0.61199,0.8732,0.84692,0.71687,0.7738,0.61445,0.54503,0.62868,0.5661,0.72597,0.67244,0.75595,0.86756,0.5731,0.59624,0.44665,0.59712,0.52511,0.5712,0.40956,0.75098,0.32876,0.2968,0.39615,0.35651,0.52494,0.52373,0.49226,0.52276,0.51374,0.585,0.64414,0.57212,0.58966,0.60314,0.82438,0.76899,0.4651,0.52865,0.57466,0.43258,0.54755,0.64084,0.19478,0.42336,0.52384,0.57863,0.81808,0.72035,0.64689,0.74562,0.56306,0.65705,0.48877,0.60027,0.52282,0.53315,0.56216,0.75802,0.60159,0.68565,0.67664,0.79458,0.59376,0.60116,0.41974,0.41532,0.59673,0.599,0.52352,0.51953,0.58688,0.6256,0.49681,0.48767,0.35435,0.36959,0.55151,0.4861,0.51282,0.625,0.58667,0.5319,0.61806,0.53119,0.22755,0.3327,0.66054,0.56725,0.43959,0.37016,0.31676,0.46697,0.32309,0.52045
0.37308,0.35833,0.28972,0.29136,0.50355,0.43996,0.32444,0.36072,0.38917,0.36365,0.49892,0.42043,0.38594,0.38943,0.48006,0.17327,0.51439,0.45811,0.33254,0.41646,1,0.86381,0.30076,0.27059,0.53896,0.51824,0.64592,0.55197,0.38688,0.45355,0.53327,0.52355,0.42715,0.37316,0.40603,0.51873,0.45969,0.39333,0.4332,0.33754,0.36129,0.28671,0.25007,0.14268,0.36679,0.33117,0.38602,0.34245,0.38955,0.38162,0.46243,0.37409,0.46354,0.45134,0.53281,0.49589,0.32376,0.36198,0.44438,0.49777,0.55366,0.58206,0.27016,0.29249,0.45966,0.5723,0.55034,0.55253,0.42317,0.38649,0.25003,0.30935,0.30256,0.33734,0.34182,0.24636,0.37182,0.34531,0.45351,0.55342,0.58992,0.52546,0.19176,0.28424,0.5345,0.54205,0.2515,0.45785,0.49656,0.56272,0.4807,0.55226,0.39445,0.42654,0.20036,0.27012,0.32117,0.24039,0.45828,0.46345,0.37683,0.38024,0.39822,0.38958,0.37131,0.32212,0.17193,0.28364,0.32994,0.012499,0.2484,0.33244,0.26808,0.42442,0.37727,0.21763
0.57749,0.55681,0.53546,0.54816,0.69553,0.66599,0.57115,0.58579,0.43819,0.54866,0.60133,0.58711,0.51382,0.57467,0.55677,0.4478,0.60285,0.55834,0.5521,0.61199,0.86381,1,0.54965,0.53237,0.66465,0.69845,0.68056,0.66634,0.48369,0.52909,0.64352,0.63523,0.57936,0.57179,0.55938,0.66937,0.5988,0.59424,0.57182,0.53314,0.37761,0.50766,0.34709,0.24449,0.43052,0.38128,0.50069,0.48248,0.50078,0.47817,0.58482,0.50994,0.5784,0.49283,0.64674,0.62906,0.51417,0.48723,0.48392,0.55361,0.58526,0.56882,0.45288,0.42494,0.4326,0.60686,0.61893,0.64182,0.60107,0.51598,0.4314,0.49996,0.41746,0.49381,0.47171,0.44972,0.49504,0.48926,0.47095,0.62028,0.62742,0.63511,0.44847,0.54848,0.62065,0.6615,0.43808,0.60643,0.63081,0.70629,0.58419,0.6033,0.53874,0.57394,0.44109,0.48063,0.44219,0.40744,0.54768,0.5395,0.49701,0.53791,0.53165,0.51544,0.54377,0.47019,0.28537,0.39349,0.4668,0.29064,0.44065,0.41631,0.33545,0.53421,0.49051,0.36318
0.86204,0.79865,0.98452,0.9717,0.73182,0.82864,0.93841,0.922,0.39091,0.78333,0.65396,0.74742,0.75278,0.82431,0.37308,0.64433,0.54432,0.51787,0.88353,0.8732,0.30076,0.54965,1,0.98784,0.7887,0.85333,0.56204,0.54186,0.46308,0.34922,0.76588,0.68835,0.59973,0.76479,0.6003,0.56828,0.44577,0.60427,0.55738,0.60435,0.40549,0.74162,0.35256,0.33669,0.40178,0.34543,0.50874,0.50837,0.48299,0.52571,0.49518,0.58785,0.63135,0.53671,0.56717,0.58093,0.70795,0.62299,0.31817,0.36894,0.43224,0.35554,0.40135,0.44576,0.18702,0.40611,0.43217,0.5285,0.6694,0.53667,0.68526,0.73083,0.5023,0.56533,0.45983,0.54519,0.48098,0.49094,0.39,0.57069,0.42514,0.49452,0.73147,0.75268,0.53107,0.53165,0.51101,0.4224,0.55037,0.57648,0.51611,0.48072,0.62947,0.65801,0.51544,0.46678,0.24685,0.32609,0.46719,0.40168,0.45905,0.60661,0.55284,0.49396,0.69194,0.61313,0.16409,0.30749,0.66997,0.61547,0.3869,0.31244,0.29802,0.44846,0.33279,0.57714
0.84315,0.77672,0.9736,0.96589,0.72531,0.82566,0.91839,0.90243,0.39344,0.77966,0.62202,0.72424,0.7189,0.80039,0.36938,0.66299,0.50894,0.48243,0.86649,0.84692,0.27059,0.53237,0.98784,1,0.77411,0.84754,0.5414,0.56201,0.43098,0.31605,0.73471,0.67514,0.57246,0.74083,0.59425,0.57507,0.4578,0.6086,0.53767,0.59308,0.38502,0.73547,0.37763,0.35359,0.4108,0.35775,0.52679,0.5265,0.50177,0.53957,0.51328,0.6028,0.63883,0.52833,0.57229,0.58293,0.68947,0.59712,0.31711,0.36344,0.41636,0.34568,0.40787,0.43585,0.1948,0.414,0.42438,0.52277,0.64471,0.52625,0.67227,0.69988,0.50071,0.56392,0.47038,0.54993,0.48627,0.49486,0.35928,0.53191,0.40637,0.47651,0.73153,0.74318,0.52575,0.54294,0.53085,0.45636,0.55011,0.58795,0.5455,0.49001,0.65957,0.67192,0.5405,0.47241,0.27079,0.36136,0.48811,0.42629,0.48232,0.62598,0.57263,0.52447,0.7141,0.62963,0.16965,0.32943,0.63791,0.61733,0.41639,0.33632,0.32626,0.47804,0.36822,0.56265
0.71671,0.7054,0.77933,0.7362,0.72784,0.72423,0.75887,0.75088,0.53455,0.62621,0.53403,0.61063,0.62064,0.6571,0.51876,0.4936,0.51765,0.47033,0.71016,0.71687,0.53896,0.66465,0.7887,0.77411,1,0.93083,0.76093,0.74433,0.43942,0.39376,0.81854,0.73886,0.67329,0.70834,0.68483,0.74877,0.6089,0.66451,0.59178,0.6198,0.50764,0.66706,0.56943,0.46896,0.63959,0.5796,0.65556,0.68595,0.62246,0.64493,0.67789,0.69057,0.64985,0.51374,0.70178,0.68552,0.64134,0.64493,0.53936,0.56732,0.57952,0.52817,0.4011,0.37531,0.48723,0.67496,0.72031,0.77291,0.64566,0.59881,0.59424,0.6347,0.55803,0.60166,0.54342,0.56624,0.56296,0.57264,0.45004,0.59744,0.58899,0.58702,0.55038,0.6012,0.64276,0.64961,0.43109,0.49173,0.5678,0.63861,0.64702,0.66282,0.66436,0.70662,0.53025,0.54936,0.49883,0.46574,0.6018,0.61113,0.57828,0.63346,0.62321,0.5986,0.71475,0.68552,0.39796,0.45094,0.593,0.55759,0.52359,0.4633,0.42291,0.56819,0.52238,0.37094
0.7691,0.74524,0.84785,0.83573,0.74725,0.81991,0.83957,0.85182,0.4535,0.74883,0.58649,0.70525,0.64838,0.75558,0.48058,0.60222,0.57698,0.51934,0.77843,0.7738,0.51824,0.69845,0.85333,0.84754,0.93083,1,0.74114,0.76568,0.51889,0.44463,0.85027,0.80575,0.71318,0.78646,0.65958,0.75128,0.62075,0.69457,0.61582,0.65101,0.4807,0.70799,0.51586,0.44066,0.57714,0.52051,0.62389,0.65743,0.60168,0.63199,0.63667,0.68112,0.65738,0.56375,0.6814,0.70199,0.67165,0.64357,0.47606,0.55475,0.53265,0.55342,0.42743,0.44885,0.39355,0.65431,0.66524,0.74819,0.68415,0.61083,0.67807,0.71158,0.58329,0.63246,0.56194,0.60335,0.59424,0.61882,0.48009,0.61498,0.57581,0.592,0.63374,0.66655,0.61552,0.67827,0.46366,0.50387,0.57519,0.67709,0.6476,0.61471,0.67766,0.68104,0.57055,0.57161,0.47247,0.4887,0.58356,0.58179,0.5869,0.63589,0.62407,0.59698,0.72402,0.66754,0.36398,0.43431,0.6354,0.60311,0.52353,0.43419,0.41259,0.56529,0.50903,0.46194
0.5833,0.57464,0.57205,0.55952,0.68086,0.66547,0.5798,0.60471,0.53051,0.62844,0.56852,0.58286,0.58078,0.58924,0.63551,0.49275,0.53188,0.56,0.56503,0.61445,0.64592,0.68056,0.56204,0.5414,0.76093,0.74114,1,0.84445,0.48388,0.54134,0.65229,0.63544,0.60804,0.59341,0.59729,0.67153,0.58326,0.5714,0.55353,0.58043,0.51657,0.50664,0.45052,0.36835,0.55979,0.49728,0.52581,0.57375,0.56494,0.56537,0.57445,0.57796,0.53356,0.47551,0.62558,0.63013,0.52451,0.55343,0.58666,0.61833,0.60298,0.59191,0.39964,0.42289,0.50061,0.6192,0.64987,0.67792,0.56764,0.53157,0.34295,0.40863,0.4218,0.4863,0.48455,0.44501,0.43174,0.43504,0.48625,0.62349,0.61673,0.59694,0.46466,0.50587,0.67194,0.60845,0.40255,0.46686,0.60155,0.60416,0.58288,0.63796,0.52961,0.57528,0.39549,0.441,0.48993,0.41806,0.55156,0.58495,0.50593,0.49488,0.53575,0.51198,0.52304,0.47692,0.32206,0.38873,0.47148,0.33162,0.46143,0.4801,0.43304,0.51965,0.46734,0.23758
0.52378,0.51793,0.54159,0.53019,0.6381,0.66172,0.52374,0.53354,0.42934,0.56947,0.44896,0.50339,0.42808,0.49338,0.58383,0.50024,0.44976,0.47426,0.52167,0.54503,0.55197,0.66634,0.54186,0.56201,0.74433,0.76568,0.84445,1,0.40401,0.45466,0.60005,0.61759,0.55742,0.53937,0.5945,0.71605,0.69625,0.68234,0.54138,0.57879,0.47008,0.54916,0.50314,0.37165,0.56207,0.50243,0.56863,0.62613,0.58476,0.59643,0.63996,0.60986,0.5307,0.40955,0.64216,0.6216,0.49341,0.48281,0.55683,0.59854,0.51788,0.54701,0.44977,0.36652,0.51246,0.6517,0.65722,0.68872,0.53112,0.4829,0.38499,0.44111,0.45688,0.52741,0.5561,0.54181,0.54658,0.55827,0.40339,0.54219,0.56427,0.57124,0.48791,0.49763,0.65826,0.65581,0.43792,0.56694,0.56318,0.60111,0.67146,0.67677,0.61501,0.64414,0.52613,0.5475,0.63533,0.59875,0.63645,0.69078,0.59175,0.57206,0.60753,0.61655,0.60581,0.58558,0.45941,0.46217,0.40364,0.43144,0.64061,0.60063,0.53241,0.64171,0.62804,0.18669
0.58477,0.59387,0.48215,0.52674,0.48431,0.51387,0.58868,0.61278,0.35298,0.54435,0.70647,0.71652,0.66661,0.67187,0.52029,0.53117,0.83128,0.76989,0.56618,0.62868,0.38688,0.48369,0.46308,0.43098,0.43942,0.51889,0.48388,0.40401,1,0.87878,0.58269,0.59164,0.72946,0.72809,0.34439,0.49352,0.5176,0.54697,0.44133,0.50307,0.53044,0.51728,0.23032,0.24699,0.29121,0.25676,0.31208,0.39795,0.35728,0.35644,0.3845,0.39206,0.33457,0.38864,0.44202,0.46345,0.5802,0.52317,0.44211,0.47152,0.48884,0.38991,0.59281,0.64493,0.14157,0.30051,0.42029,0.44378,0.51372,0.49669,0.50166,0.4718,0.59115,0.63204,0.49572,0.55309,0.48273,0.46833,0.77999,0.71906,0.74356,0.68235,0.48421,0.62644,0.49289,0.46354,0.12826,0.20458,0.43897,0.43758,0.38097,0.37109,0.28508,0.31953,0.38974,0.51036,0.44703,0.35399,0.42721,0.40392,0.38651,0.37611,0.38585,0.37892,0.44783,0.28256,0.16235,0.2199,0.4635,0.41874,0.36863,0.35546,0.32537,0.36587,0.32492,0.41097
0.47226,0.49867,0.37167,0.40159,0.49095,0.477,0.46341,0.49531,0.41848,0.48445,0.68308,0.66662,0.61869,0.59105,0.55756,0.4699,0.79189,0.80385,0.46245,0.5661,0.45355,0.52909,0.34922,0.31605,0.39376,0.44463,0.54134,0.45466,0.87878,1,0.5127,0.53391,0.66821,0.62562,0.27233,0.46402,0.48548,0.49357,0.36888,0.43381,0.47174,0.43599,0.18243,0.1566,0.2559,0.23295,0.26554,0.33833,0.32935,0.3063,0.34309,0.32556,0.28771,0.30171,0.431,0.4024,0.46679,0.46131,0.47456,0.47154,0.4708,0.37133,0.55611,0.63675,0.15872,0.27962,0.41101,0.41358,0.46198,0.45744,0.36336,0.36491,0.49512,0.60255,0.46302,0.51482,0.4594,0.44729,0.72265,0.72965,0.73073,0.69538,0.3304,0.54646,0.46117,0.42056,0.067658,0.22957,0.43712,0.39146,0.37578,0.37079,0.25098,0.2874,0.31053,0.44645,0.48253,0.35588,0.46171,0.44937,0.38649,0.34084,0.37038,0.37436,0.33807,0.22877,0.19001,0.24961,0.35193,0.29123,0.37295,0.40629,0.3189,0.37536,0.34223,0.2822
0.65847,0.65646,0.75545,0.74597,0.52626,0.59087,0.76241,0.78158,0.39703,0.58821,0.55516,0.61221,0.59358,0.66315,0.38174,0.45187,0.58829,0.47839,0.70808,0.72597,0.53327,0.64352,0.76588,0.73471,0.81854,0.85027,0.65229,0.60005,0.58269,0.5127,1,0.94897,0.72807,0.7971,0.54072,0.62685,0.47832,0.52652,0.47164,0.46876,0.51613,0.5581,0.34376,0.32785,0.44467,0.3842,0.41123,0.47234,0.41697,0.45173,0.45851,0.47397,0.45371,0.51836,0.45824,0.48198,0.57291,0.55308,0.37681,0.38936,0.45089,0.42456,0.30946,0.32934,0.36025,0.50445,0.60573,0.63722,0.57861,0.5111,0.625,0.61777,0.58046,0.60429,0.4726,0.53669,0.52392,0.56745,0.49886,0.60232,0.51395,0.47955,0.48244,0.50748,0.48206,0.49114,0.22202,0.22037,0.3458,0.44685,0.4871,0.49576,0.48101,0.48254,0.37063,0.46106,0.38682,0.31922,0.41712,0.42172,0.42947,0.43509,0.43274,0.40104,0.59178,0.55374,0.22796,0.24796,0.60883,0.50113,0.38164,0.37654,0.30281,0.4062,0.35221,0.47859
0.59093,0.58811,0.68389,0.69154,0.46001,0.52263,0.70443,0.72764,0.37786,0.5397,0.51772,0.55542,0.51737,0.59672,0.36622,0.45431,0.58192,0.45475,0.6551,0.67244,0.52355,0.63523,0.68835,0.67514,0.73886,0.80575,0.63544,0.61759,0.59164,0.53391,0.94897,1,0.71321,0.78215,0.47094,0.62413,0.48075,0.49306,0.42235,0.38696,0.49073,0.52659,0.32596,0.3085,0.42687,0.36189,0.37808,0.45483,0.38788,0.41418,0.42221,0.42672,0.38147,0.49912,0.41605,0.43867,0.50839,0.4906,0.34931,0.36428,0.39969,0.40146,0.31406,0.32012,0.37023,0.48973,0.59542,0.62242,0.529,0.46414,0.61145,0.57872,0.5867,0.60354,0.49404,0.54713,0.54364,0.60333,0.47938,0.56622,0.48264,0.44395,0.42712,0.44519,0.46039,0.48812,0.17273,0.17953,0.28783,0.40118,0.50337,0.48741,0.48003,0.44613,0.38196,0.46215,0.44523,0.35504,0.43062,0.44686,0.46738,0.41787,0.43421,0.42454,0.57425,0.51202,0.21487,0.24452,0.56302,0.45819,0.40844,0.42177,0.33952,0.43376,0.37217,0.45849
0.72487,0.75203,0.62939,0.65334,0.63955,0.64059,0.71012,0.70307,0.40461,0.58471,0.63012,0.68706,0.63024,0.6568,0.52303,0.58328,0.77129,0.68938,0.71981,0.75595,0.42715,0.57936,0.59973,0.57246,0.67329,0.71318,0.60804,0.55742,0.72946,0.66821,0.72807,0.71321,1,0.93641,0.61404,0.75352,0.52074,0.59835,0.44041,0.50544,0.41669,0.64133,0.50186,0.44278,0.597,0.52503,0.5753,0.64139,0.56793,0.56652,0.58732,0.59501,0.50972,0.5005,0.59063,0.59274,0.72999,0.71018,0.59782,0.64425,0.60844,0.51913,0.65652,0.68631,0.34683,0.53273,0.73168,0.74385,0.745,0.73823,0.53635,0.58135,0.59741,0.67094,0.53241,0.61821,0.61506,0.63577,0.67976,0.73518,0.688,0.71223,0.52099,0.66477,0.56138,0.62819,0.2016,0.27274,0.50388,0.54698,0.57804,0.54772,0.52747,0.53225,0.50157,0.5635,0.58311,0.50315,0.59361,0.57894,0.60201,0.5655,0.56922,0.55834,0.54045,0.46089,0.43655,0.38977,0.5528,0.55529,0.56455,0.50047,0.43182,0.51771,0.40585,0.39977
0.82221,0.82046,0.78812,0.81875,0.67409,0.72331,0.84662,0.84627,0.39147,0.68292,0.67969,0.76726,0.70538,0.75734,0.45946,0.63772,0.76015,0.68588,0.84333,0.86756,0.37316,0.57179,0.76479,0.74083,0.70834,0.78646,0.59341,0.53937,0.72809,0.62562,0.7971,0.78215,0.93641,1,0.59961,0.70458,0.49358,0.61984,0.48613,0.54492,0.4603,0.72824,0.41824,0.38768,0.49185,0.4232,0.53213,0.58926,0.50781,0.5313,0.53151,0.58174,0.54978,0.55006,0.55573,0.58272,0.76073,0.71667,0.49658,0.56358,0.54462,0.46312,0.60386,0.68268,0.24513,0.46869,0.63031,0.67676,0.75634,0.7229,0.65496,0.69205,0.63665,0.70765,0.54471,0.65651,0.61712,0.64144,0.61808,0.7269,0.61564,0.66418,0.62053,0.7298,0.53389,0.59803,0.28597,0.28068,0.49728,0.55312,0.55929,0.51287,0.56552,0.55842,0.52441,0.55055,0.49754,0.46313,0.5638,0.52336,0.57944,0.58677,0.57432,0.54743,0.61488,0.51623,0.34999,0.35844,0.63273,0.63043,0.53044,0.44325,0.39097,0.50152,0.36714,0.50458
0.59566,0.61982,0.58332,0.56948,0.6136,0.60707,0.57144,0.5572,0.38796,0.56427,0.40929,0.49516,0.4749,0.51594,0.52103,0.50988,0.4275,0.45447,0.54563,0.5731,0.40603,0.55938,0.6003,0.59425,0.68483,0.65958,0.59729,0.5945,0.34439,0.27233,0.54072,0.47094,0.61404,0.59961,1,0.8241,0.52922,0.58078,0.53996,0.60865,0.34839,0.49891,0.54379,0.46056,0.68569,0.52058,0.57589,0.58354,0.58803,0.53403,0.61039,0.53572,0.53763,0.34814,0.60003,0.54248,0.64662,0.60032,0.50327,0.55947,0.60408,0.52643,0.46459,0.36095,0.60547,0.67394,0.77553,0.80933,0.59061,0.55935,0.33122,0.39811,0.29065,0.31522,0.31601,0.32316,0.36055,0.36304,0.32624,0.52848,0.4928,0.53143,0.60976,0.59282,0.65315,0.59274,0.55406,0.57016,0.58853,0.59145,0.52133,0.58592,0.57409,0.66036,0.42946,0.39253,0.31572,0.29294,0.42905,0.40753,0.4278,0.50169,0.42394,0.41626,0.57753,0.54517,0.33468,0.31697,0.43716,0.40091,0.38668,0.30747,0.31525,0.37807,0.40103,0.34844
0.56867,0.57784,0.56172,0.56572,0.68582,0.65768,0.57768,0.57972,0.45175,0.56187,0.4673,0.52719,0.48628,0.52898,0.5547,0.49915,0.56069,0.51415,0.55483,0.59624,0.51873,0.66937,0.56828,0.57507,0.74877,0.75128,0.67153,0.71605,0.49352,0.46402,0.62685,0.62413,0.75352,0.70458,0.8241,1,0.70132,0.74083,0.52482,0.60469,0.40325,0.59726,0.54949,0.39122,0.67084,0.53478,0.61234,0.65226,0.60881,0.58062,0.69367,0.62612,0.57958,0.38475,0.71807,0.63035,0.58144,0.53621,0.59804,0.65067,0.61426,0.61999,0.55497,0.45319,0.58837,0.75442,0.84162,0.8795,0.61831,0.6183,0.42789,0.49534,0.49637,0.50614,0.53653,0.53518,0.63533,0.63716,0.45461,0.58886,0.62867,0.63032,0.47515,0.56831,0.68041,0.69892,0.39772,0.56755,0.6473,0.69276,0.75636,0.73724,0.73709,0.74071,0.56693,0.58526,0.61704,0.57423,0.6882,0.67843,0.68843,0.67111,0.65007,0.66345,0.65417,0.58085,0.51287,0.46697,0.4815,0.48347,0.6309,0.56308,0.51499,0.60042,0.60022,0.31038
0.45192,0.42723,0.4521,0.42604,0.59418,0.57583,0.47734,0.44229,0.44667,0.41874,0.45625,0.46036,0.45279,0.46672,0.58669,0.47328,0.43769,0.45093,0.42739,0.44665,0.45969,0.5988,0.44577,0.4578,0.6089,0.62075,0.58326,0.69625,0.5176,0.48548,0.47832,0.48075,0.52074,0.49358,0.52922,0.70132,1,0.86096,0.70649,0.70627,0.55627,0.59528,0.43039,0.25867,0.41509,0.35119,0.50764,0.5404,0.49101,0.44493,0.6047,0.54436,0.49016,0.28461,0.72908,0.62401,0.40778,0.33782,0.48446,0.50001,0.45963,0.38978,0.48841,0.3437,0.42136,0.52026,0.57227,0.55521,0.50177,0.46919,0.48067,0.47328,0.53746,0.51141,0.64859,0.57437,0.68932,0.64871,0.40821,0.46063,0.588,0.55594,0.44531,0.49094,0.64607,0.63788,0.45072,0.59463,0.62535,0.62274,0.69412,0.69061,0.60209,0.66562,0.69098,0.67108,0.73599,0.70971,0.67776,0.71057,0.6427,0.63939,0.63525,0.63498,0.60728,0.53672,0.42867,0.53959,0.3676,0.53831,0.7082,0.63601,0.58623,0.68253,0.68299,0.15608
0.59169,0.54673,0.60446,0.59488,0.69485,0.72219,0.60634,0.59209,0.41475,0.54556,0.5246,0.60329,0.56279,0.61934,0.54837,0.53705,0.53058,0.53427,0.58502,0.59712,0.39333,0.59424,0.60427,0.6086,0.66451,0.69457,0.5714,0.68234,0.54697,0.49357,0.52652,0.49306,0.59835,0.61984,0.58078,0.74083,0.86096,1,0.71368,0.82154,0.51496,0.77423,0.39811,0.22752,0.41076,0.32298,0.54843,0.55968,0.47921,0.47125,0.60167,0.56688,0.57816,0.32221,0.75677,0.67395,0.50833,0.41343,0.47757,0.51429,0.48541,0.44438,0.55253,0.46211,0.31916,0.52792,0.56307,0.59038,0.59525,0.54663,0.54991,0.60421,0.59904,0.60543,0.70985,0.67355,0.71347,0.69435,0.42948,0.5327,0.58495,0.62327,0.56111,0.66465,0.62718,0.65002,0.46923,0.60916,0.70636,0.68632,0.72756,0.67041,0.68403,0.72256,0.72679,0.69622,0.66152,0.68897,0.71045,0.689,0.65795,0.71434,0.69311,0.69681,0.69644,0.61084,0.48819,0.56569,0.50733,0.64447,0.70422,0.5828,0.53544,0.65904,0.66029,0.28716
0.56015,0.53305,0.55212,0.53892,0.5605,0.59951,0.55958,0.53776,0.30982,0.47625,0.4979,0.51041,0.49249,0.53173,0.44647,0.4161,0.46795,0.48542,0.50247,0.52511,0.4332,0.57182,0.55738,0.53767,0.59178,0.61582,0.55353,0.54138,0.44133,0.36888,0.47164,0.42235,0.44041,0.48613,0.53996,0.52482,0.70649,0.71368,1,0.87626,0.64635,0.66405,0.32366,0.27451,0.35368,0.2988,0.43848,0.43533,0.43659,0.42079,0.44507,0.46613,0.48166,0.3376,0.59693,0.59544,0.51951,0.44656,0.38138,0.44134,0.41838,0.29803,0.39026,0.28132,0.22198,0.38696,0.43854,0.47706,0.50972,0.45085,0.4276,0.49076,0.377,0.36024,0.44021,0.3783,0.356,0.34559,0.45055,0.51044,0.50563,0.49256,0.64928,0.60537,0.51865,0.47833,0.61323,0.49217,0.53903,0.52772,0.4009,0.43569,0.35294,0.45833,0.5476,0.45204,0.37914,0.35438,0.40558,0.39564,0.29044,0.44093,0.36983,0.36197,0.53122,0.42161,0.14868,0.36197,0.48711,0.44966,0.3817,0.29794,0.3142,0.37967,0.36481,0.37313
0.60542,0.5777,0.59683,0.59458,0.62488,0.68792,0.60512,0.59541,0.31586,0.59388,0.52952,0.59752,0.57446,0.63815,0.51241,0.51938,0.48715,0.51514,0.55585,0.5712,0.33754,0.53314,0.60435,0.59308,0.6198,0.65101,0.58043,0.57879,0.50307,0.43381,0.46876,0.38696,0.50544,0.54492,0.60865,0.60469,0.70627,0.82154,0.87626,1,0.63203,0.70917,0.35302,0.2947,0.39241,0.31015,0.43962,0.47648,0.45602,0.42691,0.48425,0.48968,0.48461,0.28131,0.62814,0.6255,0.56348,0.477,0.43864,0.48642,0.47091,0.38946,0.4871,0.3842,0.27045,0.46547,0.48023,0.53355,0.56931,0.52748,0.43861,0.50691,0.41056,0.42594,0.49179,0.42373,0.41135,0.38956,0.44806,0.51997,0.54653,0.55907,0.68438,0.69535,0.56479,0.5298,0.55604,0.56632,0.64616,0.60544,0.45317,0.44734,0.43535,0.5169,0.57084,0.5262,0.39258,0.412,0.43192,0.41377,0.36702,0.48764,0.4203,0.41351,0.56886,0.47395,0.28433,0.40352,0.50166,0.52564,0.41696,0.29457,0.31342,0.38972,0.40516,0.34774
0.39967,0.37825,0.39854,0.38484,0.3112,0.32232,0.43337,0.40842,0.31931,0.32184,0.44699,0.42256,0.45244,0.4065,0.39766,0.24979,0.40637,0.3915,0.36708,0.40956,0.36129,0.37761,0.40549,0.38502,0.50764,0.4807,0.51657,0.47008,0.53044,0.47174,0.51613,0.49073,0.41669,0.4603,0.34839,0.40325,0.55627,0.51496,0.64635,0.63203,1,0.50147,0.15155,0.13708,0.24334,0.16122,0.19185,0.26691,0.2319,0.20254,0.30278,0.28196,0.28208,0.30108,0.36336,0.34949,0.34994,0.30892,0.31322,0.28847,0.34728,0.24844,0.25588,0.18121,0.26244,0.30786,0.36762,0.36487,0.31479,0.3042,0.35254,0.3554,0.4936,0.44367,0.4465,0.37554,0.35222,0.29603,0.45551,0.43683,0.48304,0.379,0.40016,0.37466,0.46064,0.33946,0.22987,0.20315,0.30498,0.32101,0.29424,0.39855,0.18238,0.31834,0.25489,0.25789,0.33774,0.20644,0.29132,0.32219,0.21769,0.27509,0.24594,0.24455,0.3882,0.36355,0.087856,0.19329,0.35736,0.31383,0.25929,0.29992,0.28874,0.24032,0.23503,0.18544
0.76316,0.6919,0.75801,0.74685,0.69596,0.74525,0.74157,0.71774,0.36627,0.58316,0.62511,0.67304,0.63514,0.68483,0.42713,0.55077,0.59179,0.56693,0.75764,0.75098,0.28671,0.50766,0.74162,0.73547,0.66706,0.70799,0.50664,0.54916,0.51728,0.43599,0.5581,0.52659,0.64133,0.72824,0.49891,0.59726,0.59528,0.77423,0.66405,0.70917,0.50147,1,0.36421,0.2602,0.37055,0.32897,0.54163,0.52605,0.47906,0.48681,0.52167,0.58659,0.62435,0.42706,0.65855,0.61535,0.63254,0.5573,0.44591,0.46658,0.47765,0.38096,0.53311,0.55424,0.17887,0.42458,0.46484,0.52187,0.65128,0.5812,0.66536,0.73175,0.64227,0.70262,0.65829,0.68432,0.6393,0.63457,0.4562,0.5652,0.51993,0.60723,0.67972,0.7794,0.56956,0.58889,0.49081,0.49656,0.61861,0.60007,0.61121,0.52642,0.63062,0.65448,0.66986,0.55923,0.48697,0.51942,0.64037,0.56666,0.60815,0.68946,0.68019,0.6188,0.67524,0.57943,0.37462,0.50209,0.55134,0.58875,0.55467,0.43316,0.41302,0.56584,0.45943,0.40347
0.42966,0.53818,0.38836,0.34063,0.45797,0.43823,0.37155,0.35114,0.32698,0.30875,0.20368,0.2728,0.24474,0.30629,0.38818,0.38536,0.33428,0.36772,0.37259,0.32876,0.25007,0.34709,0.35256,0.37763,0.56943,0.51586,0.45052,0.50314,0.23032,0.18243,0.34376,0.32596,0.50186,0.41824,0.54379,0.54949,0.43039,0.39811,0.32366,0.35302,0.15155,0.36421,1,0.91865,0.88189,0.8971,0.89129,0.91861,0.86073,0.8179,0.75853,0.74905,0.52797,0.47434,0.60132,0.67662,0.56551,0.61414,0.61555,0.56326,0.47267,0.34243,0.49448,0.34557,0.44042,0.49174,0.67373,0.6881,0.4794,0.53842,0.2353,0.19856,0.31077,0.35669,0.33062,0.33081,0.30755,0.30689,0.33169,0.42996,0.47233,0.47727,0.40792,0.37559,0.47032,0.57348,0.40689,0.44333,0.39388,0.48019,0.49028,0.45957,0.42998,0.44043,0.456,0.49104,0.50522,0.48322,0.48798,0.54371,0.45582,0.4436,0.4569,0.48465,0.47011,0.47531,0.4536,0.44007,0.21673,0.35258,0.46632,0.42248,0.45748,0.52105,0.52195,0.11016
