1,0.89937,0.67464,0.64944,0.7456,0.68084,0.77262,0.71877,0.73592,0.80905,0.86882,0.80915,0.88532,0.77224,0.62885,0.76724,0.77586,0.8041,0.82807,0.84731,0.40815,0.22835,0.49514,0.54287,0.51323,0.43067,0.63144,0.53727,0.76251,0.82439,0.36315,0.37312,0.76033,0.73062,0.39633,0.45238,0.35842,0.46332,0.11217,0.39558,0.12162,0.11559,0.73824,0.72883,0.63528,0.64142,0.63282,0.74966,0.64566,0.64543,0.63977,0.68348,0.57264,0.56935,0.50069,0.6529,0.91263,0.83853,0.66305,0.6907,0.76416,0.70732,0.80082,0.71774,0.54709,0.60233,0.68938,0.72192,0.8285,0.80559,0.33118,0.2817,0.19565,0.20477,0.10138,0.077203,0.16306,0.2085,0.67727,0.76318,0.83655,0.83573,0.72283,0.80275,0.78673,0.80567,0.50148,0.59676,0.55203,0.67116,0.36229,0.45161,0.31776,0.33185,0.31876,0.19756,0.29901,0.26182,0.19443,0.49626,0.30684,0.22778,0.18457,0.16839,0.036798,0.14268,0.10696,0.11594,0.03531,0.16264,0.29932,0.41531,0.24876,0.14763,0.086812,-0.01453
0.89937,1,0.63853,0.70284,0.76221,0.71431,0.70965,0.76993,0.76011,0.82551,0.77589,0.83224,0.82393,0.81259,0.69414,0.80036,0.78107,0.8579,0.81667,0.87808,0.46232,0.31994,0.51449,0.57931,0.57689,0.52024,0.6913,0.6058,0.77288,0.82627,0.44043,0.46171,0.79306,0.76452,0.45711,0.50935,0.44428,0.56731,0.15616,0.4533,0.15342,0.21025,0.76507,0.75907,0.71023,0.7287,0.70462,0.77289,0.7435,0.74209,0.7243,0.74906,0.60604,0.5644,0.57349,0.71093,0.93861,0.9536,0.74164,0.77676,0.75161,0.72971,0.79088,0.74316,0.55982,0.60112,0.74037,0.79875,0.87433,0.89513,0.3631,0.34269,0.24099,0.26901,0.18528,0.19705,0.21044,0.27244,0.70897,0.79994,0.82048,0.85075,0.68694,0.79074,0.77349,0.81698,0.46977,0.58421,0.57439,0.6851,0.43623,0.49823,0.36863,0.35918,0.36967,0.22435,0.40544,0.33611,0.31032,0.57337,0.36886,0.29441,0.26401,0.24679,0.13787,0.24665,0.2025,0.21019,0.1013,0.20842,0.36373,0.45612,0.25211,0.2243,0.18452,0.038472
0.67464,0.63853,1,0.93261,0.78315,0.74734,0.95991,0.87591,0.76513,0.64481,0.64456,0.56795,0.77855,0.74058,0.80134,0.63981,0.49105,0.44538,0.85697,0.79717,0.50671,0.42564,0.93746,0.93208,0.70282,0.66769,0.61558,0.61718,0.53393,0.5328,0.53559,0.55849,0.53948,0.52833,0.40071,0.25906,0.60679,0.63787,0.427,0.58969,0.38031,0.29494,0.50638,0.46559,0.49142,0.46203,0.52649,0.50375,0.59457,0.56247,0.58302,0.54073,0.46964,0.38244,0.62904,0.61539,0.54266,0.53805,0.56579,0.59291,0.58741,0.57618,0.64536,0.50666,0.59049,0.60561,0.56454,0.57278,0.43503,0.50474,0.45567,0.4784,0.49845,0.37376,0.4538,0.34758,0.20028,0.22379,0.45522,0.45815,0.56926,0.48671,0.58996,0.58767,0.64788,0.52694,0.67651,0.66934,0.67889,0.66196,0.61365,0.70533,0.63731,0.64744,0.54774,0.40626,0.57548,0.53537,0.54896,0.64227,0.57019,0.57717,0.54224,0.55064,0.45018,0.51194,0.41239,0.50069,0.3609,0.46191,0.55154,0.64751,0.54229,0.53861,0.51813,0.373
0.64944,0.70284,0.93261,1,0.74039,0.79285,0.89343,0.95248,0.76224,0.6805,0.5961,0.64171,0.73176,0.81498,0.82707,0.69769,0.50035,0.46635,0.8473,0.83166,0.52134,0.46534,0.91455,0.95555,0.71958,0.70798,0.64259,0.66702,0.57452,0.56861,0.61801,0.66114,0.58716,0.60536,0.44199,0.28879,0.6388,0.67319,0.40011,0.59529,0.40342,0.35708,0.47096,0.41985,0.48036,0.47337,0.50496,0.44633,0.59115,0.55637,0.5683,0.51818,0.45499,0.31111,0.65063,0.62555,0.56417,0.61602,0.61677,0.65803,0.59189,0.64694,0.65519,0.59234,0.57157,0.61259,0.58084,0.62716,0.476,0.58762,0.48531,0.5045,0.48148,0.39152,0.48083,0.38807,0.20759,0.23264,0.47478,0.45753,0.54796,0.49676,0.57697,0.59217,0.60675,0.5392,0.6335,0.66003,0.67793,0.65863,0.61892,0.67962,0.62694,0.61703,0.56458,0.41159,0.61072,0.55171,0.57148,0.63703,0.57819,0.593,0.54872,0.57905,0.49758,0.5677,0.40198,0.54181,0.41647,0.45291,0.53824,0.58928,0.45619,0.54492,0.54582,0.42765
0.7456,0.76221,0.78315,0.74039,1,0.81234,0.80597,0.75476,0.8501,0.79311,0.70161,0.63259,0.8054,0.78515,0.72975,0.71231,0.5511,0.59796,0.83592,0.80788,0.5435,0.45029,0.70288,0.68735,0.70341,0.56798,0.64575,0.58382,0.56539,0.64141,0.40603,0.42491,0.65864,0.59287,0.36609,0.31018,0.48784,0.5575,0.30078,0.5183,0.2851,0.23528,0.62831,0.6019,0.64349,0.62218,0.59855,0.61409,0.67789,0.67941,0.63978,0.66067,0.54459,0.54661,0.57078,0.64228,0.72875,0.71138,0.64061,0.66877,0.63275,0.61357,0.63703,0.54309,0.55588,0.56153,0.65503,0.65541,0.64425,0.6622,0.29984,0.30357,0.28655,0.24692,0.2643,0.20506,0.09293,0.13788,0.49222,0.55262,0.6302,0.62784,0.68778,0.69605,0.6961,0.65905,0.62236,0.65925,0.55937,0.62056,0.46748,0.60795,0.47775,0.49515,0.40268,0.25787,0.44707,0.40134,0.38741,0.58907,0.44537,0.41491,0.37715,0.38467,0.30076,0.34804,0.28058,0.31151,0.16604,0.22526,0.37426,0.51395,0.40541,0.388,0.33134,0.24075
0.68084,0.71431,0.74734,0.79285,0.81234,1,0.75512,0.822,0.71685,0.81469,0.5885,0.62412,0.70868,0.79443,0.69751,0.75255,0.51032,0.49873,0.79606,0.78116,0.54,0.47161,0.68985,0.7184,0.72519,0.65752,0.66028,0.65413,0.55883,0.66508,0.50646,0.5312,0.69019,0.68381,0.44664,0.41229,0.57841,0.62165,0.4023,0.59349,0.35852,0.29712,0.59375,0.55801,0.61808,0.6289,0.58702,0.58488,0.64297,0.65806,0.57763,0.60861,0.51158,0.4577,0.64853,0.66471,0.6662,0.69022,0.69029,0.7124,0.61109,0.72315,0.65122,0.59694,0.56139,0.62268,0.66551,0.69173,0.60687,0.69997,0.43899,0.46236,0.34167,0.31393,0.35445,0.32573,0.19565,0.27376,0.49179,0.52774,0.58366,0.54916,0.69091,0.69547,0.60664,0.59216,0.63483,0.6738,0.61324,0.64893,0.59641,0.6784,0.58543,0.59325,0.57521,0.4186,0.62014,0.57387,0.5288,0.68201,0.57859,0.56419,0.51777,0.54194,0.44989,0.52881,0.37825,0.48513,0.40672,0.45323,0.53449,0.61246,0.48391,0.52511,0.46881,0.36561
0.77262,0.70965,0.95991,0.89343,0.80597,0.75512,1,0.88626,0.82458,0.71338,0.73511,0.66877,0.85309,0.78133,0.75592,0.68071,0.59592,0.55125,0.87181,0.83488,0.50625,0.40467,0.85226,0.86626,0.66607,0.61399,0.62096,0.61058,0.64046,0.6248,0.53436,0.5498,0.62849,0.61068,0.41436,0.34118,0.56749,0.61382,0.35483,0.54957,0.34732,0.28884,0.57426,0.54577,0.52916,0.51675,0.54591,0.5911,0.62262,0.59465,0.63121,0.59478,0.527,0.45612,0.61006,0.63395,0.63508,0.60705,0.59083,0.61964,0.66182,0.63482,0.70153,0.58734,0.6194,0.63414,0.62177,0.63422,0.52252,0.57349,0.4786,0.48521,0.50306,0.40034,0.40726,0.32009,0.24936,0.27473,0.52033,0.55357,0.64879,0.57732,0.61823,0.651,0.69613,0.60004,0.60292,0.63978,0.67858,0.67527,0.58252,0.6644,0.58361,0.58092,0.48823,0.34273,0.50573,0.47088,0.47562,0.63022,0.52223,0.50202,0.46665,0.45851,0.34759,0.43204,0.34787,0.41239,0.28508,0.42055,0.52675,0.63032,0.51309,0.45633,0.41585,0.27675
0.71877,0.76993,0.87591,0.95248,0.75476,0.822,0.88626,1,0.79016,0.73248,0.64102,0.76643,0.77065,0.88054,0.81813,0.77106,0.60598,0.57483,0.84825,0.87207,0.55053,0.49187,0.81702,0.87459,0.72034,0.68359,0.66953,0.67147,0.69897,0.70409,0.65065,0.68688,0.69826,0.71595,0.44474,0.36708,0.64685,0.69844,0.38808,0.61066,0.43526,0.41267,0.53545,0.48997,0.53756,0.53644,0.56105,0.52894,0.6269,0.59485,0.61731,0.57265,0.52774,0.37164,0.69209,0.67577,0.6448,0.68251,0.66239,0.70595,0.67287,0.72978,0.71847,0.717,0.59084,0.65361,0.6458,0.69867,0.54418,0.65958,0.54033,0.55538,0.52539,0.4761,0.48248,0.43353,0.2807,0.31636,0.55821,0.56261,0.63848,0.59274,0.61913,0.68165,0.64749,0.61076,0.57157,0.65689,0.70899,0.69996,0.65632,0.7001,0.62434,0.59727,0.59062,0.41272,0.63715,0.55997,0.59304,0.68389,0.59674,0.59181,0.54933,0.57027,0.48789,0.57384,0.40872,0.5424,0.42126,0.48501,0.55343,0.61014,0.45981,0.53654,0.52743,0.41316
0.73592,0.76011,0.76513,0.76224,0.8501,0.71685,0.82458,0.79016,1,0.78933,0.70075,0.67571,0.82444,0.80185,0.77056,0.77577,0.61236,0.61102,0.78609,0.78969,0.60531,0.49237,0.67292,0.73261,0.66402,0.63139,0.67368,0.69025,0.67881,0.67606,0.59185,0.61307,0.71513,0.68065,0.4955,0.4253,0.48948,0.55817,0.25283,0.49381,0.27185,0.30617,0.63203,0.60178,0.61894,0.63392,0.53881,0.60707,0.66091,0.64966,0.64383,0.63469,0.50711,0.4788,0.52754,0.6083,0.70186,0.6849,0.60868,0.65237,0.66075,0.68233,0.64768,0.5784,0.61262,0.63687,0.68023,0.70823,0.58863,0.62651,0.41846,0.42008,0.36309,0.37475,0.28573,0.28692,0.12278,0.15767,0.53149,0.60383,0.65972,0.66572,0.67643,0.7219,0.66896,0.67142,0.49036,0.58505,0.56654,0.62218,0.45585,0.56931,0.44442,0.43993,0.40314,0.31003,0.40387,0.36697,0.34346,0.54666,0.40185,0.38187,0.30334,0.32111,0.26558,0.34175,0.18433,0.28049,0.21286,0.27068,0.38028,0.48425,0.30425,0.30697,0.26926,0.19681
0.80905,0.82551,0.64481,0.6805,0.79311,0.81469,0.71338,0.73248,0.78933,1,0.73708,0.69232,0.81142,0.78816,0.66235,0.8177,0.60202,0.65276,0.77519,0.78592,0.47807,0.37456,0.53925,0.61033,0.56337,0.54338,0.64188,0.6196,0.64905,0.75117,0.44373,0.46716,0.70054,0.67879,0.36651,0.4396,0.35707,0.48866,0.15584,0.4358,0.14431,0.17814,0.68883,0.67086,0.66273,0.6881,0.59056,0.67567,0.68763,0.68726,0.63637,0.67268,0.5215,0.56956,0.50053,0.64374,0.79693,0.78774,0.66618,0.70092,0.66949,0.71402,0.69423,0.63617,0.53403,0.5629,0.66774,0.71459,0.7514,0.78278,0.34204,0.31339,0.17516,0.20754,0.093747,0.12683,0.059517,0.13837,0.52682,0.61334,0.68553,0.73761,0.77106,0.77322,0.69004,0.75499,0.52634,0.63518,0.51214,0.6484,0.39159,0.49767,0.36447,0.37378,0.35186,0.29454,0.3457,0.3235,0.24775,0.52467,0.35926,0.2879,0.24587,0.23183,0.14345,0.22253,0.122,0.20635,0.13579,0.21681,0.29936,0.42547,0.26712,0.21824,0.16164,0.046859
0.86882,0.77589,0.64456,0.5961,0.70161,0.5885,0.73511,0.64102,0.70075,0.73708,1,0.77408,0.92938,0.78307,0.57372,0.73326,0.7978,0.79729,0.78822,0.7803,0.37901,0.2474,0.53053,0.54666,0.45486,0.37708,0.52776,0.47647,0.74767,0.78243,0.34478,0.37778,0.60862,0.59045,0.25972,0.31532,0.23223,0.32765,0.0047939,0.21931,0.046616,0.020158,0.64586,0.62699,0.493,0.48568,0.54072,0.66423,0.49114,0.47839,0.49306,0.5307,0.45369,0.49108,0.35352,0.49003,0.7821,0.68732,0.4409,0.49692,0.57,0.49827,0.73939,0.58551,0.43515,0.38265,0.47488,0.51269,0.68701,0.61392,0.31281,0.25459,0.20457,0.16975,0.050603,-0.03115,0.078489,0.11491,0.74077,0.74758,0.83032,0.82449,0.68075,0.74638,0.72266,0.73825,0.41942,0.51312,0.40086,0.50773,0.19995,0.32639,0.17914,0.18994,0.15823,0.064047,0.15288,0.089398,0.087258,0.35134,0.13981,0.086218,0.028834,0.029186,-0.099334,-0.015055,-0.069783,-0.050452,-0.08208,0.082493,0.22456,0.2839,0.10884,0.015468,-0.039121,-0.054737
0.80915,0.83224,0.56795,0.64171,0.63259,0.62412,0.66877,0.76643,0.67571,0.69232,0.77408,1,0.76612,0.86269,0.6085,0.78968,0.81066,0.83919,0.73739,0.81772,0.48498,0.39208,0.43505,0.5024,0.48053,0.35667,0.57463,0.5195,0.84136,0.85107,0.47322,0.52148,0.72085,0.72458,0.30934,0.42359,0.34023,0.44121,0.078669,0.32972,0.24413,0.32471,0.58472,0.58815,0.48356,0.48551,0.5413,0.6203,0.54137,0.50775,0.5749,0.56702,0.51238,0.4279,0.47389,0.52599,0.76319,0.74212,0.50731,0.5742,0.6035,0.60124,0.7241,0.78004,0.41292,0.44161,0.51578,0.60078,0.63588,0.65652,0.44694,0.39977,0.39038,0.43874,0.2499,0.22869,0.26735,0.29281,0.75123,0.77217,0.76553,0.77998,0.59632,0.76033,0.61874,0.68713,0.29071,0.45472,0.4652,0.54996,0.35199,0.39191,0.25188,0.24181,0.29436,0.15348,0.31567,0.2249,0.26687,0.44828,0.28693,0.23423,0.19871,0.20552,0.092232,0.20543,0.12686,0.16068,0.12823,0.24975,0.3116,0.33824,0.17783,0.16477,0.14538,0.071763
0.88532,0.82393,0.77855,0.73176,0.8054,0.70868,0.85309,0.77065,0.82444,0.81142,0.92938,0.76612,1,0.8415,0.74272,0.78167,0.71533,0.72747,0.84933,0.83803,0.45992,0.33131,0.66722,0.6883,0.57202,0.51729,0.61646,0.57204,0.74968,0.77651,0.42761,0.45827,0.6716,0.63651,0.35198,0.36505,0.40438,0.48743,0.19093,0.40482,0.16599,0.14854,0.68042,0.66141,0.59768,0.58377,0.59818,0.70292,0.63255,0.61237,0.62471,0.63644,0.54268,0.53335,0.50454,0.61333,0.7993,0.74688,0.60197,0.64045,0.70386,0.64353,0.78533,0.6387,0.58123,0.55026,0.61735,0.64012,0.70597,0.69832,0.36154,0.33858,0.28023,0.24219,0.18919,0.12706,0.11508,0.16283,0.65874,0.69549,0.81044,0.78422,0.75296,0.78642,0.79259,0.74549,0.55579,0.6217,0.55846,0.63399,0.37954,0.49485,0.34875,0.36394,0.32434,0.23636,0.33006,0.27487,0.24621,0.50183,0.31166,0.26635,0.22232,0.21491,0.08724,0.16884,0.11472,0.14408,0.080154,0.24406,0.34733,0.43248,0.27339,0.19782,0.14266,0.064364
0.77224,0.81259,0.74058,0.81498,0.78515,0.79443,0.78133,0.88054,0.80185,0.78816,0.78307,0.86269,0.8415,1,0.7922,0.89176,0.73457,0.71177,0.85486,0.88365,0.61714,0.54424,0.6828,0.72748,0.6992,0.58186,0.67015,0.66274,0.78463,0.8265,0.62761,0.68123,0.74122,0.73933,0.37661,0.36167,0.51165,0.57845,0.24901,0.48157,0.36158,0.37418,0.601,0.55282,0.5586,0.54305,0.57046,0.58014,0.56385,0.54134,0.52624,0.5181,0.45469,0.37664,0.57843,0.5933,0.73364,0.71901,0.55933,0.61263,0.58698,0.63717,0.71907,0.68959,0.48444,0.49755,0.57829,0.62851,0.637,0.67548,0.45383,0.4294,0.39906,0.40155,0.34018,0.29193,0.18732,0.21056,0.70401,0.68783,0.73767,0.74251,0.70873,0.78911,0.64006,0.68565,0.50139,0.62929,0.56834,0.59374,0.44413,0.54442,0.40382,0.39549,0.45468,0.32479,0.47427,0.3846,0.40029,0.55022,0.39159,0.38706,0.32683,0.36395,0.30945,0.3797,0.19741,0.31758,0.28402,0.33829,0.40025,0.42582,0.25203,0.34766,0.33434,0.30281
0.62885,0.69414,0.80134,0.82707,0.72975,0.69751,0.75592,0.81813,0.77056,0.66235,0.57372,0.6085,0.74272,0.7922,1,0.7281,0.46945,0.49723,0.75007,0.74599,0.55533,0.47479,0.79318,0.80188,0.76705,0.7145,0.73235,0.69243,0.56117,0.56299,0.60561,0.6331,0.59895,0.55947,0.49489,0.34972,0.63039,0.68897,0.4168,0.58126,0.34958,0.35431,0.54733,0.50889,0.55927,0.52597,0.55603,0.48472,0.61387,0.57008,0.61026,0.52542,0.40847,0.26546,0.62126,0.60477,0.57088,0.61712,0.6143,0.61145,0.60729,0.58878,0.64747,0.55665,0.6376,0.58928,0.6233,0.63743,0.4988,0.60326,0.44191,0.4796,0.44153,0.42943,0.5308,0.48175,0.26861,0.27299,0.4402,0.50305,0.55635,0.54993,0.60687,0.61911,0.65868,0.5414,0.62012,0.62631,0.67247,0.63068,0.58184,0.65686,0.56861,0.57876,0.58534,0.45035,0.62936,0.51876,0.53156,0.58375,0.5176,0.55005,0.51728,0.54041,0.49092,0.53024,0.44147,0.52276,0.38131,0.47056,0.52069,0.53773,0.40251,0.50481,0.54213,0.41776
0.76724,0.80036,0.63981,0.69769,0.71231,0.75255,0.68071,0.77106,0.77577,0.8177,0.73326,0.78968,0.78167,0.89176,0.7281,1,0.7395,0.69919,0.80267,0.84836,0.65333,0.57111,0.54401,0.62306,0.63932,0.57883,0.66891,0.71253,0.80393,0.86712,0.61871,0.66059,0.78413,0.77561,0.41581,0.45351,0.48828,0.58386,0.34783,0.57713,0.36779,0.42857,0.68938,0.63522,0.65352,0.65032,0.61147,0.67171,0.62795,0.61743,0.56735,0.58656,0.46599,0.4663,0.62694,0.67681,0.77704,0.7384,0.59061,0.63978,0.57767,0.66813,0.74039,0.6925,0.47499,0.51227,0.62258,0.68534,0.65481,0.69564,0.4627,0.44064,0.29114,0.37235,0.23859,0.29494,0.090946,0.12588,0.70434,0.72248,0.78699,0.80006,0.84169,0.90635,0.66604,0.78098,0.56722,0.71609,0.57982,0.68488,0.46775,0.57337,0.41154,0.42136,0.53418,0.41403,0.51218,0.47009,0.40671,0.61162,0.42953,0.41313,0.33039,0.37073,0.32781,0.40466,0.17645,0.3211,0.3807,0.39457,0.40677,0.46227,0.24694,0.35033,0.30911,0.28308
0.77586,0.78107,0.49105,0.50035,0.5511,0.51032,0.59592,0.60598,0.61236,0.60202,0.7978,0.81066,0.71533,0.73457,0.46945,0.7395,1,0.91,0.70589,0.78131,0.45006,0.33163,0.36166,0.41959,0.44521,0.36041,0.51544,0.49792,0.88116,0.86822,0.50298,0.53264,0.76395,0.76151,0.37573,0.47379,0.28877,0.3613,0.016565,0.231,0.13643,0.19926,0.67718,0.64978,0.54352,0.55058,0.59527,0.68755,0.5012,0.49341,0.4822,0.51896,0.43397,0.43507,0.39223,0.47129,0.80235,0.72296,0.45766,0.4955,0.54992,0.49652,0.73072,0.63609,0.36992,0.37519,0.53595,0.59151,0.6888,0.63701,0.40537,0.34776,0.30418,0.33167,0.12101,0.12394,0.27517,0.29082,0.91539,0.89736,0.89634,0.85824,0.56612,0.75986,0.60212,0.70186,0.2427,0.4043,0.38119,0.46799,0.24522,0.33831,0.17042,0.13733,0.22986,0.087748,0.24367,0.16015,0.20379,0.40868,0.15631,0.12055,0.045515,0.068679,0.00043372,0.098307,0.0107,0.031745,0.04615,0.18555,0.30933,0.32059,0.099821,0.065587,0.030763,-0.016287
0.8041,0.8579,0.44538,0.46635,0.59796,0.49873,0.55125,0.57483,0.61102,0.65276,0.79729,0.83919,0.72747,0.71177,0.49723,0.69919,0.91,1,0.66664,0.7516,0.38065,0.26489,0.32249,0.36901,0.4338,0.32986,0.57198,0.47016,0.80257,0.84779,0.39115,0.40935,0.7101,0.68716,0.32171,0.44896,0.25966,0.38244,-0.050495,0.21498,0.069533,0.15278,0.70905,0.71737,0.56619,0.58415,0.63415,0.72918,0.54031,0.5482,0.56888,0.60461,0.529,0.51875,0.39945,0.52209,0.85656,0.80653,0.47852,0.52447,0.58785,0.49322,0.72455,0.65297,0.38959,0.37087,0.53886,0.60354,0.74627,0.68946,0.34713,0.28717,0.26954,0.32126,0.10924,0.1053,0.25195,0.294,0.83215,0.89362,0.84703,0.87404,0.52309,0.73275,0.66193,0.72975,0.20736,0.37795,0.39394,0.4977,0.24018,0.30111,0.14223,0.12369,0.19682,0.059928,0.19789,0.10899,0.15733,0.39055,0.14234,0.073615,0.032687,0.032843,-0.073179,0.0455,0.027259,-0.0063019,-0.061132,0.091441,0.23619,0.28896,0.0893,0.012846,-0.010861,-0.093109
0.82807,0.81667,0.85697,0.8473,0.83592,0.79606,0.87181,0.84825,0.78609,0.77519,0.78822,0.73739,0.84933,0.85486,0.75007,0.80267,0.70589,0.66664,1,0.96448,0.55547,0.46516,0.76158,0.77481,0.64701,0.57604,0.62781,0.61223,0.72452,0.75067,0.53404,0.56822,0.73367,0.72418,0.389,0.36351,0.50472,0.55506,0.31074,0.50483,0.35331,0.28853,0.61751,0.58213,0.58745,0.56564,0.58405,0.60439,0.61831,0.59889,0.55661,0.55757,0.4287,0.40556,0.54469,0.57581,0.77176,0.72556,0.5893,0.61972,0.59308,0.61647,0.71931,0.59824,0.50087,0.53341,0.61249,0.649,0.69294,0.70252,0.39133,0.40173,0.3881,0.32282,0.3279,0.26349,0.16068,0.19848,0.66504,0.64715,0.74808,0.69258,0.75129,0.76884,0.66083,0.64788,0.62727,0.67012,0.54087,0.58842,0.43409,0.5576,0.44907,0.45516,0.44545,0.34539,0.4623,0.40467,0.39066,0.55149,0.39609,0.38688,0.33629,0.3591,0.28361,0.3484,0.22157,0.2916,0.27158,0.34555,0.44305,0.51228,0.36818,0.36361,0.33296,0.22412
0.84731,0.87808,0.79717,0.83166,0.80788,0.78116,0.83488,0.87207,0.78969,0.78592,0.7803,0.81772,0.83803,0.88365,0.74599,0.84836,0.78131,0.7516,0.96448,1,0.57612,0.49013,0.69544,0.74018,0.64761,0.59128,0.65892,0.63946,0.81626,0.82621,0.59729,0.63094,0.81508,0.81173,0.4092,0.42829,0.50291,0.56535,0.28757,0.50582,0.37312,0.34749,0.66774,0.63435,0.63827,0.62899,0.63207,0.65493,0.66493,0.64378,0.61177,0.61555,0.48725,0.43365,0.57645,0.61775,0.83186,0.79865,0.64302,0.676,0.65488,0.66282,0.77959,0.6952,0.49195,0.54215,0.66076,0.71294,0.74959,0.76903,0.41143,0.42211,0.40069,0.38101,0.3178,0.2961,0.20293,0.24135,0.72454,0.72388,0.81179,0.77117,0.7442,0.81067,0.68147,0.70958,0.5585,0.64067,0.55431,0.6241,0.44939,0.54745,0.41797,0.40581,0.45232,0.32253,0.47105,0.40136,0.40565,0.57208,0.38766,0.37053,0.32371,0.34328,0.27887,0.35664,0.21925,0.29253,0.28009,0.3436,0.4308,0.49425,0.3094,0.33609,0.312,0.20382
0.40815,0.46232,0.50671,0.52134,0.5435,0.54,0.50625,0.55053,0.60531,0.47807,0.37901,0.48498,0.45992,0.61714,0.55533,0.65333,0.45006,0.38065,0.55547,0.57612,1,0.91926,0.45997,0.49918,0.62344,0.58209,0.58227,0.67643,0.52344,0.4745,0.65154,0.67673,0.58279,0.55652,0.4818,0.40454,0.46075,0.48775,0.37434,0.47668,0.57226,0.56197,0.41088,0.39041,0.41703,0.43576,0.27495,0.33228,0.36154,0.40101,0.34101,0.34496,0.18692,0.21056,0.37967,0.37425,0.40366,0.36544,0.31584,0.33206,0.29891,0.40532,0.35297,0.31623,0.41444,0.39978,0.47099,0.49968,0.3167,0.36619,0.44515,0.45131,0.47654,0.49167,0.42858,0.45243,0.19777,0.20649,0.37589,0.44407,0.37041,0.41799,0.52377,0.51812,0.29563,0.39489,0.2918,0.36471,0.35522,0.3751,0.35491,0.49377,0.41744,0.43123,0.39204,0.32099,0.39372,0.34876,0.32404,0.41895,0.42946,0.44336,0.36676,0.41299,0.4447,0.45021,0.2859,0.40362,0.39548,0.3356,0.35512,0.32985,0.25546,0.37068,0.37359,0.40103
0.22835,0.31994,0.42564,0.46534,0.45029,0.47161,0.40467,0.49187,0.49237,0.37456,0.2474,0.39208,0.33131,0.54424,0.47479,0.57111,0.33163,0.26489,0.46516,0.49013,0.91926,1,0.42032,0.45288,0.57052,0.53947,0.49326,0.63683,0.42176,0.38024,0.62489,0.67221,0.46998,0.45191,0.38443,0.29036,0.474,0.49153,0.44876,0.48745,0.66612,0.68285,0.27031,0.24248,0.30225,0.31346,0.16474,0.19336,0.25586,0.28078,0.24555,0.22059,0.11298,0.11122,0.37677,0.3087,0.25944,0.2245,0.18763,0.21892,0.16877,0.30431,0.25553,0.24296,0.33389,0.3018,0.33916,0.38181,0.14895,0.22328,0.37343,0.40937,0.47757,0.49127,0.4344,0.46086,0.16111,0.16989,0.28498,0.31633,0.26344,0.3001,0.44274,0.44791,0.19634,0.27282,0.25447,0.34122,0.3294,0.31949,0.34699,0.44805,0.40141,0.39285,0.41318,0.36015,0.41258,0.36345,0.3699,0.37706,0.42447,0.46313,0.38449,0.45219,0.52254,0.51007,0.31592,0.43063,0.49151,0.37974,0.33191,0.27359,0.22266,0.40863,0.43983,0.47301
0.49514,0.51449,0.93746,0.91455,0.70288,0.68985,0.85226,0.81702,0.67292,0.53925,0.53053,0.43505,0.66722,0.6828,0.79318,0.54401,0.36166,0.32249,0.76158,0.69544,0.45997,0.42032,1,0.96707,0.7301,0.70865,0.56848,0.59101,0.40597,0.38929,0.56959,0.59663,0.42566,0.43192,0.3809,0.16372,0.56588,0.56603,0.38858,0.49805,0.36557,0.2548,0.40631,0.34172,0.41227,0.36606,0.47276,0.36155,0.49198,0.45969,0.48062,0.43147,0.3893,0.27432,0.55732,0.49656,0.39336,0.42584,0.45634,0.48529,0.46374,0.46002,0.55824,0.39217,0.53099,0.50463,0.44424,0.45222,0.30841,0.39014,0.43554,0.45375,0.49567,0.33302,0.49251,0.34144,0.15446,0.16445,0.35245,0.30601,0.42234,0.33682,0.47669,0.44294,0.51361,0.37951,0.62846,0.57091,0.58369,0.52807,0.54475,0.64287,0.58552,0.58688,0.51462,0.37289,0.55638,0.47818,0.54514,0.54019,0.49663,0.54363,0.51209,0.54522,0.48363,0.50656,0.38885,0.50054,0.35225,0.40699,0.47763,0.52666,0.44134,0.51301,0.53273,0.4492
0.54287,0.57931,0.93208,0.95555,0.68735,0.7184,0.86626,0.87459,0.73261,0.61033,0.54666,0.5024,0.6883,0.72748,0.80188,0.62306,0.41959,0.36901,0.77481,0.74018,0.49918,0.45288,0.96707,1,0.7275,0.75023,0.59892,0.65918,0.49015,0.46031,0.656,0.68907,0.51789,0.53939,0.44738,0.25637,0.59643,0.60366,0.38463,0.53294,0.38168,0.31079,0.45868,0.39231,0.47023,0.45178,0.49257,0.40614,0.55621,0.52418,0.53637,0.48376,0.41895,0.29815,0.58856,0.54698,0.45767,0.49531,0.53101,0.56939,0.52334,0.56192,0.60399,0.46988,0.55175,0.57653,0.52785,0.55959,0.3667,0.46814,0.4743,0.49494,0.4905,0.36726,0.47445,0.37419,0.16362,0.18026,0.40524,0.36502,0.47955,0.40508,0.51831,0.51256,0.53953,0.46696,0.61799,0.60406,0.60609,0.59358,0.5672,0.65917,0.59308,0.57579,0.53911,0.3852,0.56635,0.49785,0.54974,0.57865,0.5152,0.55302,0.5048,0.54343,0.49071,0.53262,0.36166,0.51434,0.39807,0.41908,0.48768,0.5368,0.40571,0.50105,0.52213,0.43849
0.51323,0.57689,0.70282,0.71958,0.70341,0.72519,0.66607,0.72034,0.66402,0.56337,0.45486,0.48053,0.57202,0.6992,0.76705,0.63932,0.44521,0.4338,0.64701,0.64761,0.62344,0.57052,0.7301,0.7275,1,0.87238,0.84011,0.81753,0.48192,0.5088,0.73897,0.71319,0.67716,0.64472,0.61346,0.40166,0.61661,0.63549,0.40849,0.53229,0.42087,0.3609,0.58496,0.52839,0.5827,0.55796,0.58924,0.51616,0.53221,0.55807,0.55728,0.5366,0.49905,0.38333,0.64036,0.59706,0.51466,0.53466,0.55439,0.55914,0.53301,0.57462,0.58259,0.48221,0.60723,0.63406,0.65676,0.64546,0.45659,0.5225,0.54419,0.56804,0.50323,0.45244,0.52944,0.42337,0.31978,0.33171,0.38771,0.47409,0.44952,0.45812,0.49915,0.51173,0.54854,0.50442,0.4951,0.51196,0.63394,0.57538,0.58933,0.67758,0.59332,0.56056,0.63808,0.38205,0.66223,0.54345,0.58187,0.62254,0.52817,0.56894,0.50223,0.55789,0.56413,0.59213,0.46624,0.54689,0.43591,0.47632,0.50414,0.53291,0.38522,0.51431,0.54376,0.49855
0.43067,0.52024,0.66769,0.70798,0.56798,0.65752,0.61399,0.68359,0.63139,0.54338,0.37708,0.35667,0.51729,0.58186,0.7145,0.57883,0.36041,0.32986,0.57604,0.59128,0.58209,0.53947,0.70865,0.75023,0.87238,1,0.78209,0.86568,0.44783,0.44599,0.78122,0.75721,0.61885,0.63135,0.64919,0.4264,0.57989,0.59086,0.41158,0.51213,0.37456,0.31361,0.54346,0.49704,0.5304,0.54295,0.51198,0.47622,0.51511,0.52995,0.52377,0.51301,0.4198,0.32904,0.54407,0.55502,0.44639,0.47622,0.54053,0.53821,0.48852,0.58627,0.50677,0.40259,0.62403,0.64829,0.61879,0.63203,0.40413,0.49187,0.54299,0.58216,0.47564,0.43064,0.4637,0.42279,0.26157,0.30177,0.29784,0.4069,0.38203,0.38144,0.50098,0.4545,0.47807,0.46152,0.47703,0.46426,0.56359,0.561,0.52321,0.5877,0.55539,0.50481,0.58143,0.36731,0.60771,0.51087,0.50019,0.54671,0.47839,0.51061,0.43608,0.48003,0.50866,0.53638,0.38399,0.50123,0.4376,0.46647,0.47947,0.48408,0.30531,0.41908,0.46607,0.41949
0.63144,0.6913,0.61558,0.64259,0.64575,0.66028,0.62096,0.66953,0.67368,0.64188,0.52776,0.57463,0.61646,0.67015,0.73235,0.66891,0.51544,0.57198,0.62781,0.65892,0.58227,0.49326,0.56848,0.59892,0.84011,0.78209,1,0.86072,0.53827,0.57591,0.64356,0.61689,0.68825,0.66365,0.5555,0.43352,0.51616,0.59332,0.28793,0.48136,0.25951,0.28652,0.67256,0.6673,0.58499,0.61308,0.60732,0.6368,0.56706,0.61027,0.62534,0.62297,0.55698,0.46972,0.58282,0.64809,0.62566,0.65413,0.5807,0.59422,0.56739,0.59687,0.59671,0.52892,0.62409,0.63468,0.6611,0.68036,0.5869,0.64322,0.50843,0.50294,0.40209,0.40928,0.38031,0.35675,0.27457,0.30947,0.43188,0.58583,0.51903,0.58231,0.54198,0.57071,0.6367,0.61787,0.39696,0.45052,0.62579,0.63533,0.52603,0.56303,0.49154,0.48177,0.53737,0.35363,0.54134,0.45733,0.41065,0.57505,0.45142,0.44568,0.37465,0.40824,0.35495,0.43956,0.35425,0.40057,0.2907,0.39674,0.42879,0.48937,0.30522,0.34077,0.35087,0.27686
0.53727,0.6058,0.61718,0.66702,0.58382,0.65413,0.61058,0.67147,0.69025,0.6196,0.47647,0.5195,0.57204,0.66274,0.69243,0.71253,0.49792,0.47016,0.61223,0.63946,0.67643,0.63683,0.59101,0.65918,0.81753,0.86568,0.86072,1,0.55343,0.56084,0.76479,0.77243,0.68363,0.68654,0.62195,0.463,0.54291,0.5864,0.35328,0.52001,0.3598,0.41907,0.61466,0.58404,0.53443,0.56899,0.50549,0.55474,0.52355,0.54558,0.56634,0.55777,0.46627,0.43223,0.55237,0.59937,0.5507,0.55435,0.4898,0.52328,0.45677,0.58298,0.52721,0.44956,0.56754,0.61833,0.6028,0.64846,0.48132,0.53945,0.54385,0.53108,0.42759,0.43914,0.37434,0.39058,0.21217,0.23328,0.42394,0.55507,0.48245,0.53148,0.58554,0.5835,0.52401,0.57715,0.41067,0.47692,0.56434,0.59995,0.4731,0.53125,0.47474,0.45038,0.53425,0.33909,0.52766,0.4578,0.39515,0.53898,0.44489,0.45502,0.34641,0.40866,0.41089,0.48612,0.2819,0.41165,0.40505,0.40505,0.42398,0.44369,0.23259,0.33776,0.35305,0.37143
0.76251,0.77288,0.53393,0.57452,0.56539,0.55883,0.64046,0.69897,0.67881,0.64905,0.74767,0.84136,0.74968,0.78463,0.56117,0.80393,0.88116,0.80257,0.72452,0.81626,0.52344,0.42176,0.40597,0.49015,0.48192,0.44783,0.53827,0.55343,1,0.90692,0.62393,0.63982,0.80458,0.82038,0.35179,0.44967,0.38884,0.43181,0.14747,0.37359,0.29469,0.35352,0.61986,0.58378,0.53268,0.54311,0.53294,0.63482,0.52193,0.51287,0.50028,0.53363,0.45742,0.42789,0.44966,0.51963,0.77182,0.70037,0.50262,0.55014,0.57869,0.56654,0.71272,0.66789,0.35866,0.40835,0.5481,0.61541,0.64711,0.64188,0.4482,0.41354,0.36087,0.4166,0.16892,0.21344,0.18133,0.21595,0.80823,0.79595,0.83339,0.79179,0.69816,0.80741,0.57814,0.68278,0.28716,0.46612,0.41223,0.50889,0.28556,0.3616,0.19519,0.17676,0.31556,0.23538,0.31214,0.2563,0.23826,0.44387,0.19425,0.16423,0.093159,0.116,0.077256,0.17588,0.0057697,0.10115,0.15724,0.25523,0.30685,0.34275,0.11631,0.12634,0.076966,0.085997
0.82439,0.82627,0.5328,0.56861,0.64141,0.66508,0.6248,0.70409,0.67606,0.75117,0.78243,0.85107,0.77651,0.8265,0.56299,0.86712,0.86822,0.84779,0.75067,0.82621,0.4745,0.38024,0.38929,0.46031,0.5088,0.44599,0.57591,0.56084,0.90692,1,0.51021,0.53438,0.78898,0.79427,0.29784,0.4072,0.38227,0.48628,0.18809,0.44854,0.27704,0.31944,0.6867,0.65572,0.5937,0.60301,0.63016,0.72682,0.56678,0.57011,0.53666,0.60675,0.55403,0.55373,0.54776,0.63979,0.84343,0.77951,0.56268,0.6176,0.62133,0.63253,0.76491,0.72372,0.38346,0.43697,0.56974,0.63512,0.71453,0.70788,0.39666,0.35303,0.27234,0.3565,0.10552,0.15793,0.11093,0.17695,0.80901,0.8368,0.88167,0.88036,0.77382,0.89247,0.67779,0.7884,0.41105,0.59178,0.49423,0.62018,0.34327,0.41799,0.23871,0.24765,0.38678,0.31827,0.36429,0.32627,0.27003,0.52527,0.28226,0.22848,0.16195,0.18318,0.10474,0.21335,0.060269,0.14747,0.17187,0.26862,0.29672,0.37531,0.16024,0.17925,0.10749,0.10399
0.36315,0.44043,0.53559,0.61801,0.40603,0.50646,0.53436,0.65065,0.59185,0.44373,0.34478,0.47322,0.42761,0.62761,0.60561,0.61871,0.50298,0.39115,0.53404,0.59729,0.65154,0.62489,0.56959,0.656,0.73897,0.78122,0.64356,0.76479,0.62393,0.51021,1,0.9697,0.69385,0.74848,0.58098,0.47737,0.46897,0.43128,0.22019,0.32652,0.43572,0.43504,0.44657,0.38459,0.4057,0.42974,0.37034,0.34579,0.34506,0.34946,0.34158,0.31036,0.26462,0.18098,0.35889,0.31092,0.37957,0.35538,0.3247,0.32948,0.31595,0.43219,0.42375,0.37337,0.37251,0.42746,0.48914,0.52095,0.34644,0.39371,0.56801,0.60945,0.59724,0.59486,0.4872,0.48154,0.34197,0.33544,0.43937,0.45893,0.4036,0.3904,0.38575,0.42886,0.24742,0.35254,0.16503,0.25257,0.34478,0.32642,0.33945,0.42035,0.33831,0.27321,0.46956,0.29627,0.4287,0.30677,0.3704,0.36749,0.24803,0.32058,0.2241,0.29472,0.39804,0.4437,0.18211,0.37697,0.39515,0.3975,0.36296,0.33065,0.14015,0.26263,0.33893,0.3623
0.37312,0.46171,0.55849,0.66114,0.42491,0.5312,0.5498,0.68688,0.61307,0.46716,0.37778,0.52148,0.45827,0.68123,0.6331,0.66059,0.53264,0.40935,0.56822,0.63094,0.67673,0.67221,0.59663,0.68907,0.71319,0.75721,0.61689,0.77243,0.63982,0.53438,0.9697,1,0.67713,0.73775,0.55753,0.44452,0.47825,0.44814,0.23241,0.34327,0.45381,0.47673,0.43336,0.36509,0.39808,0.40924,0.3568,0.32843,0.34742,0.33161,0.32989,0.29374,0.22165,0.13423,0.36999,0.3099,0.38099,0.37023,0.31657,0.3373,0.31731,0.43954,0.44665,0.39898,0.37519,0.4199,0.46228,0.51155,0.33827,0.39569,0.56616,0.587,0.57923,0.59089,0.47548,0.47231,0.32512,0.31754,0.48166,0.47174,0.43261,0.41811,0.41921,0.47403,0.25098,0.36396,0.20912,0.29688,0.35079,0.33561,0.32908,0.41473,0.33201,0.26602,0.4655,0.31099,0.43454,0.30248,0.37445,0.3605,0.25655,0.33486,0.22904,0.31597,0.408,0.4547,0.16924,0.38395,0.41892,0.39482,0.36309,0.30804,0.11022,0.26522,0.35059,0.38866
0.76033,0.79306,0.53948,0.58716,0.65864,0.69019,0.62849,0.69826,0.71513,0.70054,0.60862,0.72085,0.6716,0.74122,0.59895,0.78413,0.76395,0.7101,0.73367,0.81508,0.58279,0.46998,0.42566,0.51789,0.67716,0.61885,0.68825,0.68363,0.80458,0.78898,0.69385,0.67713,1,0.96593,0.66946,0.67069,0.51172,0.51655,0.26721,0.45749,0.37503,0.39793,0.78137,0.75048,0.77338,0.79069,0.68473,0.73243,0.69343,0.71227,0.66412,0.68557,0.54806,0.50655,0.54918,0.59102,0.82222,0.76967,0.6881,0.67777,0.68522,0.72436,0.70831,0.65048,0.54468,0.64934,0.83402,0.85704,0.76834,0.77311,0.41488,0.43485,0.35066,0.40327,0.26917,0.33274,0.30822,0.34651,0.67394,0.74013,0.76033,0.72969,0.66493,0.76855,0.61468,0.71735,0.36946,0.47431,0.48092,0.57252,0.41391,0.50386,0.34445,0.27097,0.46857,0.25326,0.45736,0.37091,0.36142,0.54391,0.30019,0.2829,0.23083,0.25404,0.28238,0.34315,0.20743,0.25758,0.30471,0.32221,0.39067,0.43087,0.21034,0.2434,0.24319,0.18331
0.73062,0.76452,0.52833,0.60536,0.59287,0.68381,0.61068,0.71595,0.68065,0.67879,0.59045,0.72458,0.63651,0.73933,0.55947,0.77561,0.76151,0.68716,0.72418,0.81173,0.55652,0.45191,0.43192,0.53939,0.64472,0.63135,0.66365,0.68654,0.82038,0.79427,0.74848,0.73775,0.96593,1,0.64095,0.67326,0.48036,0.47266,0.21694,0.4204,0.35902,0.37363,0.73405,0.69699,0.69069,0.72288,0.6285,0.67528,0.60947,0.63615,0.57763,0.62173,0.4925,0.45552,0.49121,0.53177,0.78134,0.73075,0.6198,0.63069,0.62113,0.70673,0.68184,0.64153,0.47846,0.6187,0.7575,0.80207,0.73254,0.74134,0.44817,0.45366,0.36226,0.41999,0.26474,0.32466,0.29394,0.33994,0.67838,0.72714,0.73313,0.69157,0.63849,0.72946,0.5327,0.66626,0.31966,0.43215,0.42536,0.52333,0.36259,0.44177,0.3053,0.23436,0.45367,0.24212,0.42189,0.33327,0.31795,0.48681,0.26042,0.25319,0.18711,0.21974,0.25031,0.32545,0.14161,0.23936,0.30554,0.30669,0.35639,0.39053,0.16488,0.20147,0.20863,0.17958
0.39633,0.45711,0.40071,0.44199,0.36609,0.44664,0.41436,0.44474,0.4955,0.36651,0.25972,0.30934,0.35198,0.37661,0.49489,0.41581,0.37573,0.32171,0.389,0.4092,0.4818,0.38443,0.3809,0.44738,0.61346,0.64919,0.5555,0.62195,0.35179,0.29784,0.58098,0.55753,0.66946,0.64095,1,0.77241,0.54199,0.50346,0.28313,0.38488,0.25474,0.31731,0.54584,0.5239,0.53862,0.57338,0.4326,0.43857,0.46019,0.47551,0.52769,0.4469,0.32542,0.24096,0.39711,0.37463,0.42686,0.43121,0.48826,0.42155,0.46786,0.53235,0.37961,0.30701,0.69539,0.6742,0.74798,0.73661,0.40373,0.46998,0.40613,0.46721,0.34706,0.35914,0.41173,0.45578,0.49322,0.48581,0.31819,0.48388,0.35778,0.35696,0.28164,0.36236,0.42723,0.3986,0.26762,0.27007,0.44371,0.4004,0.44272,0.50086,0.48647,0.39009,0.42127,0.15273,0.47739,0.36802,0.37163,0.40758,0.38096,0.3977,0.35109,0.35711,0.42668,0.44492,0.37997,0.3863,0.35022,0.35839,0.48305,0.41772,0.32288,0.32842,0.38873,0.26826
0.45238,0.50935,0.25906,0.28879,0.31018,0.41229,0.34118,0.36708,0.4253,0.4396,0.31532,0.42359,0.36505,0.36167,0.34972,0.45351,0.47379,0.44896,0.36351,0.42829,0.40454,0.29036,0.16372,0.25637,0.40166,0.4264,0.43352,0.463,0.44967,0.4072,0.47737,0.44452,0.67069,0.67326,0.77241,1,0.35302,0.36561,0.12405,0.24854,0.099392,0.22065,0.60637,0.62337,0.55969,0.61338,0.44697,0.53271,0.47236,0.47363,0.51709,0.44412,0.28222,0.26849,0.25839,0.29927,0.50874,0.48218,0.42614,0.3585,0.42409,0.48061,0.38812,0.36038,0.52617,0.53403,0.68095,0.70249,0.50855,0.53602,0.44122,0.48869,0.27662,0.36605,0.27916,0.39432,0.55618,0.57048,0.40921,0.56743,0.44585,0.43193,0.27762,0.42154,0.36926,0.41159,0.10924,0.17193,0.29667,0.31788,0.31031,0.35714,0.30371,0.21658,0.31724,0.11386,0.31813,0.23052,0.21988,0.33008,0.23055,0.21015,0.19148,0.15485,0.20119,0.25892,0.21266,0.22581,0.25914,0.34488,0.43726,0.39391,0.26546,0.16162,0.18941,0.034251
0.35842,0.44428,0.60679,0.6388,0.48784,0.57841,0.56749,0.64685,0.48948,0.35707,0.23223,0.34023,0.40438,0.51165,0.63039,0.48828,0.28877,0.25966,0.50472,0.50291,0.46075,0.474,0.56588,0.59643,0.61661,0.57989,0.51616,0.54291,0.38884,0.38227,0.46897,0.47825,0.51172,0.48036,0.54199,0.35302,1,0.9233,0.78824,0.85929,0.66101,0.62947,0.37291,0.32813,0.49356,0.50414,0.40832,0.3643,0.52714,0.54281,0.51758,0.45108,0.40898,0.22198,0.81203,0.70682,0.40213,0.4406,0.6045,0.58633,0.47758,0.54431,0.40644,0.36793,0.56108,0.61281,0.63107,0.63186,0.29152,0.44581,0.35853,0.44454,0.40816,0.36746,0.54793,0.53407,0.33875,0.35351,0.29463,0.32992,0.34699,0.29589,0.42637,0.47457,0.53452,0.42144,0.61526,0.66048,0.77485,0.65791,0.74728,0.73906,0.71933,0.66469,0.76982,0.57619,0.8116,0.80533,0.72971,0.76594,0.68945,0.71875,0.68668,0.72149,0.7664,0.80215,0.62204,0.7119,0.70597,0.6127,0.68102,0.69629,0.56632,0.74175,0.75581,0.65479
0.46332,0.56731,0.63787,0.67319,0.5575,0.62165,0.61382,0.69844,0.55817,0.48866,0.32765,0.44121,0.48743,0.57845,0.68897,0.58386,0.3613,0.38244,0.55506,0.56535,0.48775,0.49153,0.56603,0.60366,0.63549,0.59086,0.59332,0.5864,0.43181,0.48628,0.43128,0.44814,0.51655,0.47266,0.50346,0.36561,0.9233,1,0.73604,0.89305,0.57394,0.58812,0.43595,0.41005,0.52136,0.53699,0.4752,0.45435,0.59656,0.59415,0.61051,0.52848,0.489,0.30378,0.85802,0.8121,0.49006,0.5486,0.67433,0.66691,0.58736,0.62949,0.51404,0.50768,0.64666,0.65436,0.66631,0.68567,0.37515,0.53298,0.42328,0.50243,0.40851,0.40379,0.52894,0.54439,0.34818,0.38,0.32442,0.41728,0.42372,0.43304,0.47108,0.56985,0.64883,0.52976,0.63094,0.72909,0.85924,0.78839,0.82491,0.80632,0.78519,0.75732,0.78298,0.62378,0.8429,0.84101,0.75757,0.83925,0.79039,0.77978,0.76002,0.76728,0.75518,0.81192,0.68617,0.75711,0.64101,0.64046,0.71893,0.76019,0.6332,0.76829,0.76734,0.6121
0.11217,0.15616,0.427,0.40011,0.30078,0.4023,0.35483,0.38808,0.25283,0.15584,0.0047939,0.078669,0.19093,0.24901,0.4168,0.34783,0.016565,-0.050495,0.31074,0.28757,0.37434,0.44876,0.38858,0.38463,0.40849,0.41158,0.28793,0.35328,0.14747,0.18809,0.22019,0.23241,0.26721,0.21694,0.28313,0.12405,0.78824,0.73604,1,0.85525,0.72401,0.60902,0.17468,0.12944,0.33449,0.30351,0.24917,0.20517,0.37558,0.3769,0.36136,0.31153,0.27072,0.1662,0.73187,0.59293,0.14538,0.17139,0.44175,0.40983,0.30028,0.37883,0.25365,0.22092,0.40351,0.44834,0.40109,0.38386,0.017429,0.17794,0.14386,0.26272,0.2016,0.18414,0.40996,0.42385,0.076627,0.090481,0.064657,0.045589,0.15512,0.081204,0.43487,0.37431,0.3695,0.24278,0.70386,0.63739,0.65059,0.58099,0.63235,0.61802,0.60371,0.59955,0.72805,0.63485,0.73936,0.80653,0.65772,0.652,0.65414,0.68849,0.68416,0.72427,0.77886,0.74906,0.63264,0.66485,0.77244,0.62289,0.54252,0.56717,0.48898,0.72247,0.72131,0.65295
0.39558,0.4533,0.58969,0.59529,0.5183,0.59349,0.54957,0.61066,0.49381,0.4358,0.21931,0.32972,0.40482,0.48157,0.58126,0.57713,0.231,0.21498,0.50483,0.50582,0.47668,0.48745,0.49805,0.53294,0.53229,0.51213,0.48136,0.52001,0.37359,0.44854,0.32652,0.34327,0.45749,0.4204,0.38488,0.24854,0.85929,0.89305,0.85525,1,0.65423,0.66286,0.38362,0.34058,0.51808,0.51918,0.42145,0.40972,0.57339,0.58937,0.53588,0.52364,0.4776,0.36846,0.87108,0.82042,0.41818,0.4555,0.63057,0.64245,0.50068,0.59961,0.43279,0.43111,0.51581,0.59917,0.59294,0.60684,0.27972,0.43711,0.26555,0.32445,0.24157,0.25653,0.37,0.43294,0.061431,0.10788,0.22545,0.2865,0.36279,0.34633,0.58968,0.59671,0.5857,0.51328,0.72831,0.80683,0.80797,0.7934,0.76573,0.75276,0.71412,0.73084,0.79897,0.70896,0.79874,0.87648,0.70009,0.81013,0.7775,0.7667,0.74124,0.75942,0.75609,0.79308,0.60343,0.71168,0.70207,0.59276,0.56553,0.68071,0.58155,0.76198,0.71734,0.62669
0.12162,0.15342,0.38031,0.40342,0.2851,0.35852,0.34732,0.43526,0.27185,0.14431,0.046616,0.24413,0.16599,0.36158,0.34958,0.36779,0.13643,0.069533,0.35331,0.37312,0.57226,0.66612,0.36557,0.38168,0.42087,0.37456,0.25951,0.3598,0.29469,0.27704,0.43572,0.45381,0.37503,0.35902,0.25474,0.099392,0.66101,0.57394,0.72401,0.65423,1,0.82855,0.094684,0.054707,0.23577,0.22079,0.089184,0.064787,0.22732,0.24743,0.22101,0.20414,0.16131,0.054699,0.50898,0.34972,0.15088,0.11563,0.23193,0.23786,0.18513,0.27905,0.1907,0.21293,0.21084,0.28665,0.30109,0.31927,0.028524,0.11462,0.16078,0.26235,0.46562,0.45701,0.4674,0.49984,0.12165,0.12105,0.1163,0.069254,0.1463,0.10776,0.38789,0.35452,0.15913,0.17654,0.38293,0.39937,0.39556,0.33013,0.41235,0.4259,0.39867,0.36527,0.49115,0.46816,0.48039,0.50064,0.45788,0.40789,0.437,0.46563,0.46986,0.51981,0.64711,0.6057,0.41828,0.51267,0.6253,0.3857,0.29496,0.29913,0.26322,0.497,0.54078,0.58864
0.11559,0.21025,0.29494,0.35708,0.23528,0.29712,0.28884,0.41267,0.30617,0.17814,0.020158,0.32471,0.14854,0.37418,0.35431,0.42857,0.19926,0.15278,0.28853,0.34749,0.56197,0.68285,0.2548,0.31079,0.3609,0.31361,0.28652,0.41907,0.35352,0.31944,0.43504,0.47673,0.39793,0.37363,0.31731,0.22065,0.62947,0.58812,0.60902,0.66286,0.82855,1,0.15357,0.13065,0.29668,0.29867,0.13216,0.13895,0.30557,0.309,0.31414,0.25949,0.23019,0.12584,0.53377,0.38763,0.19283,0.18326,0.24155,0.27745,0.19447,0.30677,0.22254,0.27698,0.23872,0.28801,0.34343,0.38583,0.032913,0.15574,0.19984,0.2702,0.42461,0.50342,0.41894,0.54459,0.15372,0.14431,0.18586,0.18732,0.20809,0.21579,0.35956,0.41914,0.21906,0.27676,0.2631,0.39379,0.43029,0.39015,0.4507,0.42272,0.37314,0.32366,0.46363,0.43988,0.45946,0.48509,0.46415,0.42953,0.43463,0.44912,0.44219,0.47757,0.59923,0.59135,0.37914,0.48806,0.61408,0.38498,0.30252,0.30118,0.24313,0.45808,0.5017,0.5097
0.73824,0.76507,0.50638,0.47096,0.62831,0.59375,0.57426,0.53545,0.63203,0.68883,0.64586,0.58472,0.68042,0.601,0.54733,0.68938,0.67718,0.70905,0.61751,0.66774,0.41088,0.27031,0.40631,0.45868,0.58496,0.54346,0.67256,0.61466,0.61986,0.6867,0.44657,0.43336,0.78137,0.73405,0.54584,0.60637,0.37291,0.43595,0.17468,0.38362,0.094684,0.15357,1,0.96921,0.90044,0.89391,0.89588,0.94088,0.78886,0.82,0.73727,0.79225,0.62755,0.7031,0.54252,0.65752,0.80996,0.7779,0.63958,0.64717,0.62734,0.60439,0.68359,0.53621,0.51985,0.57365,0.75063,0.76718,0.76405,0.74281,0.3359,0.29628,0.15771,0.18331,0.083132,0.15713,0.18096,0.20335,0.61061,0.74011,0.76477,0.73928,0.62211,0.71458,0.69292,0.75719,0.41075,0.45859,0.44985,0.60403,0.37348,0.47071,0.2672,0.23077,0.40861,0.17695,0.38771,0.30106,0.27542,0.5482,0.23457,0.19267,0.14533,0.15657,0.096985,0.17059,0.14606,0.13227,0.1218,0.21317,0.30192,0.41783,0.15827,0.14989,0.10957,0.049728
