1,0.77824,0.72992,0.43288,0.47872,0.45867,0.70728,0.50697,0.45271,0.23204,0.72917,0.61972,0.64058,0.60102,0.59645,0.5416,0.55471,0.50202,0.69541,0.78068,0.48714,0.41662,0.60387,0.37468,0.51349,0.27914,0.30245,0.32143,0.48861,0.50943,0.22488,0.16137,0.73502,0.6559,0.27047,0.18731,0.50998,0.39005,0.56172,0.55133,0.51101,0.44365,0.6755,0.64694,0.49244,0.40737,0.50043,0.58722,0.42836,0.40315,0.49577,0.46076,0.31332,0.3392,0.62521,0.67176,0.78409,0.73396,0.71106,0.48448,0.68147,0.25444,0.48773,0.48143,0.35353,0.25659,0.70266,0.68367,0.74172,0.70695,0.40495,0.33884,0.29602,0.3904,0.31896,0.25006,0.40647,0.44429,0.5269,0.4915,0.69391,0.69628,0.53293,0.60577,0.70664,0.69636,0.45962,0.37876,0.741,0.61645,0.26325,0.41041,0.30388,0.49713,0.52693,0.256,0.66284,0.46001,0.36031,0.52604,0.60115,0.58324,0.46796,0.49647,0.13681,0.31894,0.33016,0.36708,0.32322,0.38336,0.56282,0.42796,0.33083,0.22517,0.12782,-0.0062076
0.77824,1,0.66825,0.52137,0.57718,0.59106,0.72635,0.60233,0.54683,0.40169,0.73074,0.72517,0.62057,0.61118,0.58226,0.6205,0.53306,0.56672,0.69145,0.70693,0.42847,0.383,0.55351,0.40091,0.50994,0.27637,0.27804,0.32782,0.53856,0.50966,0.2507,0.1959,0.61607,0.52079,0.21912,0.06909,0.42479,0.52728,0.54728,0.58493,0.37253,0.40556,0.62264,0.66739,0.4977,0.57059,0.55979,0.63199,0.46426,0.54007,0.49715,0.43884,0.29746,0.45776,0.54806,0.66882,0.70856,0.75996,0.61705,0.48531,0.55625,0.3096,0.29132,0.45012,0.29307,0.24298,0.47199,0.4871,0.6322,0.59506,0.36104,0.38964,0.391,0.39629,0.26653,0.20001,0.31012,0.45329,0.46714,0.49044,0.71218,0.6987,0.58116,0.68272,0.69107,0.74795,0.65053,0.46223,0.58373,0.60066,0.3347,0.46687,0.40006,0.5291,0.45142,0.2101,0.53479,0.37037,0.39883,0.57654,0.57891,0.46751,0.435,0.33685,0.23015,0.28319,0.20355,0.17107,0.23959,0.2271,0.5367,0.44643,0.38824,0.30102,0.12948,0.20001
0.72992,0.66825,1,0.58848,0.68379,0.58986,0.83928,0.585,0.61152,0.39055,0.58302,0.55927,0.63619,0.57051,0.68681,0.60428,0.2954,0.20897,0.71534,0.63984,0.49641,0.48436,0.79062,0.61751,0.64632,0.43176,0.37416,0.36107,0.44941,0.37312,0.53008,0.41184,0.69991,0.62626,0.35279,0.3314,0.50327,0.45581,0.53543,0.5226,0.39416,0.48013,0.61665,0.57419,0.46205,0.47638,0.51018,0.55216,0.45008,0.49613,0.6285,0.5208,0.3513,0.44375,0.6378,0.64179,0.50491,0.62003,0.68477,0.55575,0.69148,0.41706,0.31443,0.28595,0.52589,0.41693,0.64075,0.61089,0.66419,0.61819,0.5769,0.51171,0.41339,0.40465,0.36128,0.2827,0.41942,0.51755,0.32776,0.28784,0.495,0.5729,0.46193,0.50691,0.70298,0.67728,0.39551,0.28935,0.67088,0.63763,0.39019,0.5951,0.47024,0.65396,0.50372,0.19077,0.58413,0.33578,0.42846,0.51323,0.63304,0.62651,0.37638,0.44851,0.2169,0.35525,0.30429,0.37791,0.17395,0.3175,0.54645,0.4461,0.41742,0.32291,0.098011,-0.067973
0.43288,0.52137,0.58848,1,0.69462,0.80616,0.69866,0.85347,0.65637,0.78704,0.47923,0.56682,0.60282,0.63255,0.58719,0.71798,0.22335,0.11706,0.48769,0.46437,0.14855,0.22994,0.46487,0.69924,0.29852,0.26505,0.13431,0.12318,0.38737,0.37798,0.38226,0.52915,0.46994,0.55431,0.070588,0.068438,0.089897,0.25082,0.09692,0.142,0.054772,0.22398,0.37535,0.37967,0.30327,0.46267,0.42131,0.38976,0.42816,0.3959,0.44468,0.35028,0.34798,0.37514,0.39504,0.37311,0.33139,0.30162,0.52641,0.49083,0.59464,0.81254,0.40832,0.47281,0.28041,0.60464,0.23813,0.29948,0.39409,0.27993,0.5005,0.58529,0.36901,0.47329,0.38191,0.24412,0.36863,0.50261,0.28456,0.23537,0.36057,0.35468,0.40925,0.44964,0.47634,0.47128,0.31949,0.19954,0.50728,0.58778,0.58723,0.49134,0.7265,0.47145,0.18917,0.15082,0.23141,0.13873,0.44914,0.34554,0.65821,0.38328,0.29155,0.24875,0.10865,0.27712,0.20866,0.18732,0.030677,0.1579,0.37708,0.27898,0.31724,0.23037,0.043828,0.010108
0.47872,0.57718,0.68379,0.69462,1,0.77682,0.73026,0.72856,0.81906,0.7441,0.46296,0.52749,0.54171,0.53866,0.59135,0.62887,0.29367,0.18149,0.48128,0.42365,0.30744,0.2936,0.55049,0.56419,0.43296,0.23859,0.23924,0.1676,0.41631,0.33612,0.43639,0.48466,0.52731,0.55003,0.16229,0.21855,0.17577,0.27551,0.18828,0.18632,0.23918,0.27186,0.43885,0.43068,0.41711,0.56515,0.46023,0.45121,0.48222,0.5273,0.49954,0.39804,0.36504,0.45015,0.38013,0.4339,0.40511,0.46418,0.66022,0.57716,0.67708,0.66547,0.3819,0.45619,0.37339,0.46823,0.41318,0.39043,0.45985,0.38152,0.56668,0.60789,0.45284,0.45319,0.34693,0.41675,0.33543,0.53325,0.23704,0.22898,0.4264,0.43245,0.40054,0.3906,0.52752,0.52262,0.34712,0.16895,0.52514,0.63147,0.55158,0.60379,0.64625,0.60209,0.23296,-0.021773,0.3214,0.077308,0.3936,0.42772,0.65125,0.49831,0.3431,0.36401,0.05707,0.34638,0.2272,0.26258,0.011247,0.0010332,0.42229,0.28624,0.25607,0.16186,-0.071448,0.04924
0.45867,0.59106,0.58986,0.80616,0.77682,1,0.70164,0.8189,0.67713,0.78735,0.48414,0.59608,0.59295,0.57826,0.52005,0.68887,0.29132,0.16823,0.43487,0.40889,0.26672,0.30008,0.44237,0.60862,0.28608,0.23085,0.085454,0.11945,0.44187,0.37035,0.29577,0.40151,0.43634,0.47826,0.065879,0.12091,0.11291,0.31211,0.15357,0.22849,0.093891,0.24039,0.36699,0.39217,0.36367,0.5424,0.39764,0.39711,0.46342,0.50268,0.47765,0.32837,0.36048,0.38914,0.36731,0.37788,0.35171,0.36148,0.57646,0.51933,0.61644,0.70806,0.24844,0.357,0.24322,0.52052,0.23534,0.278,0.3656,0.27815,0.50624,0.57294,0.43168,0.50117,0.3452,0.34315,0.2925,0.45649,0.28453,0.20142,0.40545,0.34694,0.46951,0.49341,0.44392,0.47964,0.40805,0.15674,0.45432,0.51138,0.57974,0.52967,0.69503,0.52801,0.30765,0.069861,0.31652,0.11045,0.4427,0.40841,0.60556,0.43275,0.31294,0.29514,0.092725,0.25588,0.19169,0.1857,0.041532,0.089082,0.43545,0.31127,0.32553,0.26483,0.079342,0.10122
0.70728,0.72635,0.83928,0.69866,0.73026,0.70164,1,0.79137,0.81548,0.57823,0.6984,0.70329,0.80692,0.73133,0.71383,0.70509,0.3812,0.29879,0.62746,0.5944,0.27723,0.29312,0.62549,0.50673,0.45895,0.207,0.15558,0.15228,0.55575,0.48736,0.31876,0.28876,0.66004,0.61043,0.13637,0.092126,0.36359,0.43172,0.35753,0.38179,0.39337,0.42086,0.49759,0.51393,0.39102,0.49694,0.48271,0.51545,0.42483,0.48768,0.53885,0.45779,0.30702,0.43684,0.53725,0.58339,0.49118,0.54453,0.61887,0.46264,0.78524,0.54717,0.43033,0.49471,0.37839,0.37136,0.43548,0.42565,0.58968,0.48363,0.59514,0.61348,0.50191,0.51065,0.39693,0.32286,0.42761,0.54864,0.32519,0.30056,0.54405,0.53947,0.52626,0.58588,0.69215,0.64383,0.46402,0.20217,0.72037,0.58719,0.50995,0.69854,0.63523,0.73578,0.40617,0.15944,0.48121,0.27279,0.46843,0.57778,0.73164,0.60394,0.44252,0.394,0.18665,0.3434,0.19764,0.21785,0.12878,0.19287,0.55045,0.44399,0.46275,0.37215,0.13054,0.031396
0.50697,0.60233,0.585,0.85347,0.72856,0.8189,0.79137,1,0.77277,0.84088,0.62728,0.7218,0.72074,0.74725,0.55903,0.70658,0.40481,0.30893,0.53223,0.50913,0.09344,0.13788,0.32579,0.47419,0.13644,-0.0043333,-0.028658,-0.054046,0.62661,0.59754,0.30064,0.39163,0.55175,0.60338,-0.12883,-0.087237,0.094822,0.26751,0.098539,0.1261,0.17564,0.23683,0.33042,0.38274,0.26839,0.47323,0.37415,0.38268,0.35054,0.35349,0.37204,0.27278,0.19589,0.33495,0.35597,0.37196,0.39375,0.28449,0.48371,0.32676,0.63039,0.73252,0.5159,0.63692,0.10621,0.38167,0.19706,0.23128,0.45799,0.26156,0.5472,0.62625,0.50274,0.53556,0.37943,0.34202,0.38299,0.53313,0.36917,0.27551,0.53948,0.43253,0.57851,0.56223,0.42442,0.41922,0.37345,0.056137,0.49052,0.47186,0.51433,0.48008,0.68005,0.50441,0.16437,0.16703,0.18028,0.15321,0.35945,0.37225,0.71927,0.36592,0.3494,0.21352,0.057302,0.22922,0.1334,0.10368,0.033621,0.08323,0.37448,0.27226,0.30994,0.22296,0.03607,0.15072
0.45271,0.54683,0.61152,0.65637,0.81906,0.67713,0.81548,0.77277,1,0.76001,0.55566,0.64565,0.72204,0.70505,0.62426,0.63809,0.3284,0.26865,0.48751,0.39641,0.13513,0.11497,0.40897,0.38295,0.26682,0.0056535,0.030044,-0.014234,0.53206,0.42687,0.30456,0.35416,0.49633,0.49906,-0.093803,-0.044345,0.11544,0.24958,0.083683,0.090548,0.26375,0.2564,0.30374,0.33005,0.26889,0.44048,0.39873,0.38598,0.33509,0.38837,0.3766,0.28941,0.24834,0.39672,0.37498,0.38785,0.31756,0.30195,0.48548,0.33358,0.65434,0.58429,0.48649,0.57194,0.23202,0.27052,0.22069,0.1887,0.42435,0.27074,0.55706,0.60823,0.52799,0.46086,0.30318,0.38683,0.35258,0.53473,0.25322,0.23124,0.4607,0.4352,0.40874,0.47537,0.5196,0.47807,0.31534,0.10168,0.57193,0.50346,0.52009,0.60142,0.63213,0.60784,0.1159,0.0013322,0.21252,0.058889,0.37253,0.46476,0.65293,0.4508,0.35029,0.26098,0.077612,0.29725,0.16423,0.15454,-0.060864,-0.057268,0.37186,0.27372,0.32681,0.18382,-0.011211,0.055063
0.23204,0.40169,0.39055,0.78704,0.7441,0.78735,0.57823,0.84088,0.76001,1,0.34496,0.52626,0.55443,0.56917,0.49422,0.67984,0.17261,0.074699,0.37625,0.251,0.0011568,0.0041437,0.20244,0.45376,0.034157,-0.00054106,-0.049052,-0.066166,0.39295,0.35477,0.26297,0.42965,0.29997,0.38161,-0.22391,-0.17496,-0.13956,0.095174,-0.09982,-0.066316,0.031664,0.10487,0.17818,0.22528,0.20767,0.43924,0.30999,0.27886,0.31373,0.3412,0.27086,0.18594,0.25652,0.33567,0.20085,0.19666,0.18144,0.11547,0.37692,0.31272,0.45274,0.73869,0.32311,0.47463,0.031904,0.39338,-0.011412,0.017396,0.27997,0.1368,0.42681,0.5425,0.39631,0.42404,0.20008,0.30947,0.13258,0.37097,0.16195,0.11307,0.28072,0.21393,0.39108,0.3408,0.28906,0.2746,0.22124,-0.067919,0.31668,0.42293,0.49291,0.36112,0.63506,0.32805,-0.045408,0.01831,-0.034117,-0.063942,0.22318,0.16747,0.51326,0.17473,0.15449,0.032021,-0.065661,0.097107,-0.0060206,0.010505,-0.089631,-0.13997,0.16443,0.10383,0.13564,0.049678,-0.086196,0.072483
0.72917,0.73074,0.58302,0.47923,0.46296,0.48414,0.6984,0.62728,0.55566,0.34496,1,0.8071,0.80753,0.77034,0.67639,0.60879,0.57866,0.52012,0.64188,0.66728,0.29126,0.22582,0.46829,0.28383,0.35058,0.0454,0.12239,0.073254,0.66111,0.63584,0.22271,0.17527,0.5806,0.54812,0.016803,-0.075911,0.37159,0.37127,0.38552,0.35266,0.425,0.40455,0.40832,0.45335,0.29039,0.3371,0.3671,0.43323,0.25706,0.27811,0.28436,0.26118,0.14084,0.26999,0.49557,0.5344,0.54354,0.49008,0.44493,0.27628,0.54467,0.29997,0.56166,0.53827,0.18418,0.070992,0.32687,0.30689,0.54102,0.40713,0.38024,0.41241,0.3848,0.41231,0.26319,0.17502,0.3538,0.40963,0.47297,0.46664,0.68137,0.61008,0.64137,0.73983,0.62417,0.55418,0.50399,0.39079,0.57379,0.4588,0.28791,0.40988,0.37209,0.4566,0.3563,0.27598,0.4238,0.40389,0.36441,0.53495,0.54747,0.40432,0.4464,0.3105,0.17893,0.29185,0.13492,0.060274,0.20707,0.23717,0.44159,0.34175,0.356,0.2373,0.15189,0.1551
0.61972,0.72517,0.55927,0.56682,0.52749,0.59608,0.70329,0.7218,0.64565,0.52626,0.8071,1,0.77826,0.86295,0.60332,0.69825,0.49786,0.48968,0.61355,0.57468,0.24385,0.1145,0.35773,0.29075,0.22065,-0.044619,0.014232,0.010875,0.71963,0.67145,0.20066,0.17981,0.47379,0.46806,-0.089927,-0.14435,0.24398,0.40855,0.24849,0.28184,0.32197,0.32566,0.30112,0.33075,0.18644,0.31938,0.33753,0.35283,0.21588,0.25688,0.27177,0.218,0.15923,0.302,0.45117,0.45159,0.44854,0.41652,0.45533,0.28137,0.53839,0.43284,0.41955,0.56399,0.092875,0.15396,0.19047,0.21547,0.52072,0.37193,0.39572,0.43591,0.45052,0.49648,0.2718,0.2116,0.33294,0.49758,0.47379,0.41268,0.63745,0.51949,0.59418,0.71713,0.50748,0.56207,0.46153,0.28265,0.55814,0.46425,0.34476,0.37846,0.45773,0.41661,0.23472,0.23379,0.24488,0.28633,0.33183,0.47562,0.56176,0.33058,0.45792,0.20741,0.21513,0.26968,0.053067,0.090343,0.10408,0.1293,0.38544,0.27111,0.36815,0.29715,0.16953,0.22777
0.64058,0.62057,0.63619,0.60282,0.54171,0.59295,0.80692,0.72074,0.72204,0.55443,0.80753,0.77826,1,0.84397,0.81109,0.75189,0.3466,0.24382,0.57226,0.53242,0.15541,0.18886,0.45358,0.39113,0.25351,0.049443,0.041779,0.01789,0.58196,0.49898,0.2072,0.23062,0.50773,0.48607,-0.1007,-0.1211,0.2441,0.31262,0.24839,0.2636,0.32145,0.3645,0.31679,0.35026,0.21675,0.30601,0.29847,0.36757,0.24313,0.29214,0.30971,0.25826,0.14735,0.27914,0.42993,0.41986,0.35948,0.35599,0.43354,0.28932,0.65954,0.50012,0.50208,0.4969,0.22234,0.20689,0.20318,0.21089,0.48641,0.35393,0.41552,0.44891,0.34985,0.39515,0.28016,0.23333,0.29363,0.4043,0.30087,0.24368,0.49894,0.44349,0.55919,0.62343,0.61791,0.49517,0.37529,0.179,0.67866,0.44583,0.33169,0.45313,0.47037,0.49866,0.27139,0.2665,0.2867,0.2976,0.31473,0.44028,0.52178,0.42144,0.33078,0.24062,0.16144,0.21611,0.038203,0.081567,0.12861,0.18352,0.38813,0.28708,0.34395,0.25238,0.12727,0.017114
0.60102,0.61118,0.57051,0.63255,0.53866,0.57826,0.73133,0.74725,0.70505,0.56917,0.77034,0.86295,0.84397,1,0.67756,0.73637,0.41246,0.36157,0.55706,0.52653,0.17921,0.10723,0.39963,0.39847,0.19445,0.028235,0.093803,0.045939,0.63668,0.59849,0.22415,0.23606,0.5336,0.5177,-0.10729,-0.10256,0.22226,0.33596,0.19073,0.22298,0.3307,0.35183,0.27928,0.3047,0.146,0.24687,0.30794,0.33075,0.15852,0.19309,0.26618,0.19956,0.13763,0.24761,0.45854,0.40634,0.34743,0.27456,0.40891,0.21013,0.5736,0.49974,0.52854,0.56774,0.15832,0.23849,0.20627,0.24525,0.49233,0.33138,0.43803,0.48169,0.44099,0.50549,0.34549,0.2505,0.38706,0.48492,0.36484,0.32023,0.54218,0.44701,0.5357,0.61279,0.50939,0.5089,0.32622,0.22773,0.62899,0.45576,0.41016,0.41366,0.52139,0.44196,0.1886,0.22458,0.22584,0.24632,0.3126,0.4086,0.58372,0.358,0.32899,0.17081,0.20245,0.26217,0.055944,0.13778,0.0729,0.16073,0.37606,0.27889,0.36793,0.24316,0.10351,0.096614
0.59645,0.58226,0.68681,0.58719,0.59135,0.52005,0.71383,0.55903,0.62426,0.49422,0.67639,0.60332,0.81109,0.67756,1,0.82173,0.18934,0.122,0.61982,0.57058,0.32246,0.31579,0.6778,0.54967,0.51923,0.35436,0.28098,0.226,0.38061,0.34233,0.39907,0.39427,0.47388,0.47419,0.17267,0.092587,0.28947,0.30631,0.32191,0.29178,0.34489,0.36728,0.42853,0.41413,0.29254,0.37033,0.34605,0.39838,0.30726,0.37078,0.33626,0.34089,0.21977,0.32858,0.38708,0.40078,0.40529,0.4695,0.49807,0.46963,0.56356,0.46191,0.4146,0.373,0.43005,0.31553,0.30195,0.31644,0.47146,0.40199,0.40313,0.42554,0.26185,0.35197,0.22118,0.20213,0.25406,0.34819,0.20417,0.20183,0.38539,0.42771,0.55579,0.53901,0.662,0.51084,0.44253,0.27122,0.5807,0.50689,0.33778,0.47652,0.43668,0.50714,0.33753,0.2071,0.40207,0.28772,0.3347,0.42091,0.42029,0.47276,0.26348,0.24645,0.18331,0.30279,0.14706,0.21527,0.18923,0.19972,0.40895,0.35809,0.31948,0.29925,0.054053,-0.073465
0.5416,0.6205,0.60428,0.71798,0.62887,0.68887,0.70509,0.70658,0.63809,0.67984,0.60879,0.69825,0.75189,0.73637,0.82173,1,0.27951,0.17917,0.61611,0.53021,0.24576,0.2715,0.52211,0.55365,0.36437,0.25516,0.16231,0.13213,0.48153,0.49343,0.34278,0.43499,0.47355,0.51021,0.034534,-0.020834,0.16236,0.3137,0.21038,0.25279,0.28666,0.32366,0.34212,0.34471,0.22508,0.38679,0.33962,0.37243,0.26831,0.31208,0.31516,0.21378,0.21877,0.29755,0.35877,0.35085,0.38144,0.3726,0.45079,0.37839,0.53674,0.56053,0.3722,0.44168,0.21817,0.33518,0.14691,0.18778,0.4062,0.32719,0.43912,0.51201,0.39264,0.49338,0.27488,0.26764,0.26041,0.44479,0.27974,0.25285,0.44167,0.37094,0.6279,0.59883,0.5036,0.45489,0.47848,0.15227,0.4943,0.46455,0.46479,0.49913,0.61482,0.53253,0.33525,0.25803,0.38314,0.30766,0.42817,0.4643,0.55883,0.44314,0.33469,0.21385,0.20763,0.27875,0.11688,0.15883,0.25673,0.21005,0.47914,0.44225,0.41392,0.40385,0.084289,0.076952
0.55471,0.53306,0.2954,0.22335,0.29367,0.29132,0.3812,0.40481,0.3284,0.17261,0.57866,0.49786,0.3466,0.41246,0.18934,0.27951,1,0.85048,0.50178,0.6483,0.35275,0.27107,0.23571,0.058238,0.21632,-0.017656,0.080605,0.10958,0.72833,0.78136,0.20268,0.15747,0.64887,0.65921,0.087287,0.10597,0.39989,0.32011,0.38294,0.33711,0.49035,0.3518,0.42044,0.44174,0.29355,0.33472,0.39529,0.43335,0.16601,0.14195,0.154,0.12524,0.057202,0.26132,0.41157,0.46215,0.68993,0.44141,0.25388,0.062187,0.2712,0.059663,0.58179,0.58004,0.022895,-0.025367,0.38517,0.37136,0.45152,0.35842,0.4079,0.33937,0.49262,0.43617,0.3642,0.24519,0.41706,0.48553,0.78144,0.70779,0.82664,0.68817,0.53519,0.57183,0.29405,0.34972,0.36203,0.22872,0.27677,0.26763,0.19714,0.2558,0.2376,0.31903,0.26941,0.22646,0.43199,0.40352,0.35851,0.49818,0.50625,0.29755,0.47913,0.40589,0.10495,0.3273,0.13035,0.098978,0.36338,0.31082,0.4937,0.4133,0.22958,0.24393,0.19835,0.25934
0.50202,0.56672,0.20897,0.11706,0.18149,0.16823,0.29879,0.30893,0.26865,0.074699,0.52012,0.48968,0.24382,0.36157,0.122,0.17917,0.85048,1,0.48345,0.614,0.32686,0.20621,0.19364,-0.03419,0.21688,-0.058704,0.081149,0.13241,0.64098,0.72312,0.12083,0.046582,0.55104,0.52247,0.08975,0.021997,0.38969,0.36712,0.36342,0.33479,0.48701,0.28334,0.42025,0.45997,0.27042,0.32135,0.40179,0.44366,0.14384,0.16629,0.078085,0.13365,0.026868,0.24393,0.34154,0.4343,0.67122,0.458,0.18757,0.015636,0.14504,-0.048089,0.48632,0.55262,0.0063265,-0.12005,0.35598,0.34814,0.48067,0.37076,0.27358,0.26239,0.45166,0.33364,0.31591,0.12752,0.40467,0.44881,0.71788,0.74782,0.80582,0.71393,0.44253,0.56741,0.26546,0.35097,0.39204,0.34039,0.2102,0.22244,0.1805,0.22365,0.16653,0.28193,0.21482,0.15671,0.37178,0.3242,0.34648,0.48861,0.42036,0.22045,0.44782,0.2907,0.10596,0.31232,0.17666,0.092531,0.24936,0.23014,0.43892,0.40138,0.30316,0.25102,0.25611,0.33958
0.69541,0.69145,0.71534,0.48769,0.48128,0.43487,0.62746,0.53223,0.48751,0.37625,0.64188,0.61355,0.57226,0.55706,0.61982,0.61611,0.50178,0.48345,1,0.80743,0.45073,0.39822,0.58416,0.40608,0.49824,0.27539,0.29429,0.28801,0.57109,0.59264,0.48201,0.37762,0.74151,0.69168,0.15287,0.052125,0.42205,0.41997,0.45558,0.4552,0.45809,0.44923,0.59362,0.59211,0.38799,0.44116,0.51203,0.56936,0.31832,0.33894,0.38806,0.34113,0.21992,0.40454,0.55143,0.60147,0.64241,0.57604,0.47103,0.34398,0.35378,0.19858,0.40296,0.42971,0.25245,0.14755,0.48394,0.47118,0.73321,0.63396,0.53716,0.48896,0.4583,0.40299,0.3119,0.21965,0.4154,0.52354,0.4312,0.45847,0.63539,0.65065,0.54932,0.59886,0.55565,0.5622,0.47521,0.32796,0.4644,0.50838,0.35512,0.47372,0.37476,0.52988,0.35702,0.1945,0.50684,0.34547,0.48664,0.56243,0.53528,0.52639,0.40326,0.41469,0.1574,0.36613,0.32973,0.25178,0.22885,0.22586,0.56594,0.55273,0.42131,0.34206,0.18437,0.08444
0.78068,0.70693,0.63984,0.46437,0.42365,0.40889,0.5944,0.50913,0.39641,0.251,0.66728,0.57468,0.53242,0.52653,0.57058,0.53021,0.6483,0.614,0.80743,1,0.491,0.45523,0.55034,0.35333,0.46891,0.22177,0.24485,0.22186,0.58066,0.67761,0.39052,0.26969,0.76996,0.79103,0.20433,0.16963,0.49913,0.3655,0.5089,0.48073,0.46429,0.4402,0.63869,0.60583,0.45756,0.43482,0.52389,0.58105,0.38771,0.32607,0.3971,0.3864,0.25777,0.38933,0.57971,0.63154,0.74769,0.67373,0.50881,0.39885,0.40557,0.2103,0.49812,0.52728,0.20673,0.1065,0.57778,0.5672,0.70807,0.64225,0.47596,0.40487,0.42786,0.46703,0.35947,0.23243,0.44926,0.48187,0.61602,0.57075,0.73642,0.76376,0.59821,0.63258,0.5396,0.52657,0.41093,0.35329,0.50884,0.49766,0.28558,0.37885,0.27908,0.44669,0.36834,0.21338,0.60577,0.38064,0.483,0.52115,0.54465,0.50525,0.45051,0.46764,0.033278,0.30854,0.33335,0.32692,0.26724,0.3471,0.58274,0.50782,0.33647,0.35445,0.12233,0.050074
0.48714,0.42847,0.49641,0.14855,0.30744,0.26672,0.27723,0.09344,0.13513,0.0011568,0.29126,0.24385,0.15541,0.17921,0.32246,0.24576,0.35275,0.32686,0.45073,0.491,1,0.67572,0.65002,0.47143,0.64008,0.55678,0.62917,0.57213,0.21672,0.18689,0.494,0.37283,0.47449,0.47148,0.50881,0.50208,0.60379,0.54114,0.61903,0.62284,0.45686,0.46439,0.41117,0.39172,0.26631,0.26247,0.32254,0.34895,0.23342,0.35156,0.33911,0.30706,0.28785,0.25037,0.43851,0.48246,0.45975,0.516,0.46779,0.40898,0.25381,-0.008386,0.052549,-0.030283,0.43805,0.29946,0.51137,0.5301,0.46053,0.48828,0.47293,0.3208,0.28284,0.29431,0.25646,0.26443,0.38317,0.36843,0.34188,0.46259,0.35933,0.42649,0.1663,0.2513,0.44297,0.48582,0.30718,0.36753,0.34443,0.47953,0.1902,0.35312,0.21423,0.43445,0.43276,0.049592,0.54477,0.24306,0.34582,0.4211,0.32818,0.50619,0.2474,0.45828,0.16612,0.41231,0.25001,0.48653,0.20059,0.24383,0.51696,0.35858,0.28537,0.22976,0.20083,0.12495
0.41662,0.383,0.48436,0.22994,0.2936,0.30008,0.29312,0.13788,0.11497,0.0041437,0.22582,0.1145,0.18886,0.10723,0.31579,0.2715,0.27107,0.20621,0.39822,0.45523,0.67572,1,0.53816,0.42552,0.53106,0.50995,0.38917,0.50563,0.24525,0.16611,0.35609,0.24477,0.50256,0.42018,0.49921,0.49609,0.59209,0.4896,0.64482,0.65477,0.39625,0.65054,0.41481,0.35747,0.31943,0.31784,0.31547,0.37792,0.28993,0.31049,0.34832,0.29295,0.25297,0.21779,0.42984,0.44541,0.44795,0.42242,0.40454,0.35976,0.29121,0.090732,0.14601,0.026413,0.35638,0.24242,0.50014,0.51111,0.3987,0.42454,0.46744,0.43273,0.30866,0.33643,0.37761,0.27615,0.33954,0.32397,0.22189,0.28361,0.34666,0.35019,0.31761,0.35542,0.38863,0.34631,0.36164,0.25055,0.36781,0.37378,0.2418,0.38175,0.25685,0.48056,0.55592,0.21085,0.61125,0.37514,0.41418,0.44788,0.36287,0.52611,0.24498,0.42163,0.20166,0.40531,0.33631,0.45057,0.22769,0.46479,0.58131,0.52445,0.29709,0.26663,0.12233,-0.042686
0.60387,0.55351,0.79062,0.46487,0.55049,0.44237,0.62549,0.32579,0.40897,0.20244,0.46829,0.35773,0.45358,0.39963,0.6778,0.52211,0.23571,0.19364,0.58416,0.55034,0.65002,0.53816,1,0.78638,0.85789,0.73898,0.66437,0.63204,0.21488,0.16914,0.59585,0.53944,0.5699,0.52276,0.64802,0.56529,0.61817,0.58749,0.61232,0.58986,0.44836,0.48722,0.57327,0.54492,0.38126,0.40188,0.42275,0.46223,0.33636,0.46037,0.47737,0.4354,0.33078,0.36581,0.48746,0.5636,0.48423,0.59337,0.58958,0.60409,0.55288,0.34176,0.21897,0.080026,0.76161,0.56697,0.60657,0.61168,0.52606,0.54909,0.51563,0.44804,0.28551,0.31924,0.32114,0.24341,0.4837,0.5172,0.27971,0.3756,0.35664,0.44465,0.25529,0.3274,0.68018,0.63655,0.42961,0.43446,0.5201,0.6297,0.40541,0.60761,0.47421,0.63695,0.49695,0.10812,0.61904,0.27405,0.43888,0.55321,0.4831,0.61169,0.36386,0.44885,0.37434,0.53297,0.32627,0.42311,0.23584,0.28597,0.62936,0.50032,0.41872,0.31275,0.20339,0.065326
0.37468,0.40091,0.61751,0.69924,0.56419,0.60862,0.50673,0.47419,0.38295,0.45376,0.28383,0.29075,0.39113,0.39847,0.54967,0.55365,0.058238,-0.03419,0.40608,0.35333,0.47143,0.42552,0.78638,1,0.6129,0.75052,0.57739,0.54909,0.077442,0.044093,0.53358,0.66163,0.41094,0.43413,0.46984,0.48095,0.32469,0.44031,0.34567,0.37818,0.14965,0.32807,0.41077,0.38686,0.28276,0.35291,0.35179,0.33949,0.31214,0.40465,0.42281,0.33745,0.3177,0.30587,0.34707,0.38514,0.24396,0.32991,0.47851,0.54394,0.49493,0.60173,0.14015,0.016805,0.64021,0.78923,0.36517,0.43727,0.36824,0.37831,0.45557,0.43633,0.23918,0.30588,0.30278,0.25658,0.40184,0.47875,0.18729,0.2147,0.15808,0.19092,0.15738,0.18721,0.49637,0.48546,0.33347,0.35212,0.39275,0.5854,0.50292,0.50437,0.6169,0.49985,0.34583,0.14106,0.34937,0.13608,0.39184,0.36309,0.45551,0.47394,0.19654,0.31751,0.31507,0.35637,0.22068,0.3174,0.1487,0.24823,0.46414,0.36352,0.35664,0.24913,0.07046,-0.0045183
0.51349,0.50994,0.64632,0.29852,0.43296,0.28608,0.45895,0.13644,0.26682,0.034157,0.35058,0.22065,0.25351,0.19445,0.51923,0.36437,0.21632,0.21688,0.49824,0.46891,0.64008,0.53106,0.85789,0.6129,1,0.75226,0.73793,0.68682,0.11708,0.086536,0.53529,0.39129,0.48806,0.41163,0.7315,0.56902,0.63605,0.56525,0.63872,0.57945,0.42732,0.44744,0.58147,0.56452,0.39844,0.40412,0.45509,0.49486,0.35609,0.46851,0.44342,0.42767,0.31863,0.38654,0.43632,0.54562,0.48103,0.61611,0.50202,0.56078,0.40453,0.16649,0.15566,0.049776,0.77527,0.46492,0.63021,0.62637,0.46273,0.52808,0.40022,0.32455,0.17816,0.20349,0.28273,0.18833,0.40729,0.42638,0.21627,0.36301,0.3266,0.43556,0.16043,0.24008,0.65391,0.63629,0.46247,0.52173,0.40528,0.5838,0.32661,0.52952,0.34288,0.55149,0.50275,0.070236,0.65402,0.30119,0.41763,0.55231,0.39506,0.58183,0.3659,0.47092,0.40628,0.59109,0.30754,0.3999,0.2216,0.29417,0.63296,0.52539,0.37856,0.28752,0.23904,0.069671
0.27914,0.27637,0.43176,0.26505,0.23859,0.23085,0.207,-0.0043333,0.0056535,-0.00054106,0.0454,-0.044619,0.049443,0.028235,0.35436,0.25516,-0.017656,-0.058704,0.27539,0.22177,0.55678,0.50995,0.73898,0.75052,0.75226,1,0.77151,0.79256,-0.18293,-0.1948,0.44552,0.45181,0.27464,0.2145,0.74936,0.65095,0.44212,0.41742,0.47613,0.48261,0.21685,0.29541,0.43632,0.40752,0.28894,0.23831,0.27186,0.31,0.22884,0.33419,0.30207,0.26843,0.19576,0.21637,0.22731,0.31662,0.28904,0.40615,0.31944,0.46259,0.23344,0.13277,-0.051477,-0.23872,0.71748,0.62489,0.43972,0.5088,0.25473,0.36808,0.25085,0.19119,0.043689,0.086169,0.22192,0.13931,0.24691,0.24215,0.086149,0.16789,0.033815,0.13605,0.0040405,-0.031948,0.42828,0.4224,0.30685,0.44346,0.1923,0.41882,0.22527,0.3314,0.27892,0.34358,0.36451,0.082197,0.43725,0.19647,0.24294,0.29141,0.14163,0.40373,0.061392,0.30384,0.36423,0.38297,0.24011,0.3354,0.23188,0.2805,0.43223,0.36387,0.2343,0.19088,0.078857,-0.071924
0.30245,0.27804,0.37416,0.13431,0.23924,0.085454,0.15558,-0.028658,0.030044,-0.049052,0.12239,0.014232,0.041779,0.093803,0.28098,0.16231,0.080605,0.081149,0.29429,0.24485,0.62917,0.38917,0.66437,0.57739,0.73793,0.77151,1,0.84901,-0.07791,-0.083836,0.50109,0.44402,0.34556,0.28265,0.69025,0.5873,0.53579,0.52947,0.50592,0.5028,0.34481,0.3286,0.36343,0.37854,0.17407,0.17517,0.27035,0.30069,0.13606,0.2978,0.26475,0.25828,0.16652,0.22933,0.30373,0.37155,0.31519,0.42889,0.30922,0.39259,0.21059,0.053972,0.051437,-0.10213,0.6585,0.4807,0.47294,0.52218,0.35452,0.43141,0.25264,0.15824,0.061993,0.081453,0.23553,0.14447,0.33308,0.30209,0.093765,0.29576,0.095901,0.20347,-0.064221,-0.067416,0.41658,0.43524,0.25524,0.43537,0.24013,0.5055,0.182,0.3184,0.21279,0.33865,0.23624,0.030685,0.35971,0.1752,0.18021,0.29891,0.2179,0.37373,0.076759,0.26728,0.31889,0.37818,0.19324,0.43881,0.20044,0.17364,0.38018,0.30703,0.24577,0.091933,0.085486,0.082583
0.32143,0.32782,0.36107,0.12318,0.1676,0.11945,0.15228,-0.054046,-0.014234,-0.066166,0.073254,0.010875,0.01789,0.045939,0.226,0.13213,0.10958,0.13241,0.28801,0.22186,0.57213,0.50563,0.63204,0.54909,0.68682,0.79256,0.84901,1,-0.033445,-0.079126,0.40458,0.34224,0.34182,0.21771,0.74661,0.60627,0.59583,0.61153,0.57458,0.60036,0.37025,0.42836,0.38926,0.38533,0.2032,0.21999,0.25705,0.30462,0.13267,0.31693,0.26209,0.24882,0.16642,0.20756,0.29135,0.36108,0.36999,0.44499,0.31979,0.37817,0.21369,0.019122,0.0015192,-0.1789,0.64118,0.50554,0.47459,0.53708,0.36032,0.4615,0.21925,0.20174,0.05204,0.066276,0.23439,0.084316,0.27453,0.29328,0.097885,0.26502,0.1562,0.20168,-0.052256,-0.021775,0.40298,0.44425,0.30151,0.39578,0.2179,0.43349,0.19627,0.31036,0.21343,0.34187,0.30701,0.09865,0.36083,0.21635,0.16917,0.32774,0.207,0.32046,0.073908,0.21457,0.36127,0.37268,0.18674,0.39432,0.23581,0.2648,0.40893,0.38685,0.24048,0.15351,0.16503,0.042319
0.48861,0.53856,0.44941,0.38737,0.41631,0.44187,0.55575,0.62661,0.53206,0.39295,0.66111,0.71963,0.58196,0.63668,0.38061,0.48153,0.72833,0.64098,0.57109,0.58066,0.21672,0.24525,0.21488,0.077442,0.11708,-0.18293,-0.07791,-0.033445,1,0.87564,0.37372,0.26193,0.58034,0.60201,-0.11044,-0.1015,0.32943,0.41308,0.29381,0.28833,0.46172,0.39594,0.23793,0.28112,0.12318,0.28865,0.23801,0.28231,0.065027,0.093917,0.12341,0.033447,-0.052423,0.17128,0.36694,0.35772,0.48627,0.30247,0.25418,0.058859,0.37379,0.22296,0.54009,0.58803,-0.057411,-0.060269,0.19326,0.18063,0.4804,0.27925,0.50563,0.56676,0.56773,0.52161,0.41006,0.2694,0.42092,0.54343,0.58614,0.49582,0.7467,0.54188,0.61397,0.70872,0.25895,0.2976,0.31959,0.062994,0.32954,0.20681,0.22057,0.31748,0.31446,0.42565,0.23685,0.26606,0.25637,0.33996,0.33589,0.4781,0.56912,0.31472,0.4203,0.21918,0.1403,0.30469,0.099431,0.099119,0.17181,0.23067,0.43838,0.37671,0.29927,0.28984,0.23405,0.27591
0.50943,0.50966,0.37312,0.37798,0.33612,0.37035,0.48736,0.59754,0.42687,0.35477,0.63584,0.67145,0.49898,0.59849,0.34233,0.49343,0.78136,0.72312,0.59264,0.67761,0.18689,0.16611,0.16914,0.044093,0.086536,-0.1948,-0.083836,-0.079126,0.87564,1,0.28907,0.20512,0.62045,0.66166,-0.13921,-0.13268,0.29451,0.29285,0.22672,0.19485,0.46168,0.33692,0.30353,0.32249,0.1717,0.27119,0.29421,0.34537,0.10308,0.075974,0.10664,0.041927,-0.018534,0.19922,0.35438,0.3476,0.55122,0.32529,0.2199,0.032156,0.25729,0.16995,0.58037,0.65955,-0.12594,-0.11496,0.19842,0.1896,0.46755,0.28308,0.4391,0.45297,0.56584,0.54073,0.41971,0.25331,0.40655,0.50674,0.63803,0.56893,0.77472,0.60966,0.66163,0.72678,0.21906,0.24523,0.28864,0.074494,0.25622,0.19027,0.19624,0.24602,0.2794,0.3226,0.20673,0.28564,0.28596,0.3711,0.35095,0.44657,0.54056,0.26187,0.4702,0.2459,0.07036,0.26579,0.12067,0.068923,0.23865,0.26996,0.40633,0.38371,0.2945,0.33534,0.2374,0.22361
0.22488,0.2507,0.53008,0.38226,0.43639,0.29577,0.31876,0.30064,0.30456,0.26297,0.22271,0.20066,0.2072,0.22415,0.39907,0.34278,0.20268,0.12083,0.48201,0.39052,0.494,0.35609,0.59585,0.53358,0.53529,0.44552,0.50109,0.40458,0.37372,0.28907,1,0.8366,0.43861,0.54012,0.36761,0.37602,0.35702,0.3757,0.32488,0.23291,0.20265,0.2288,0.28868,0.29443,0.11068,0.24512,0.25501,0.257,0.093845,0.18092,0.26261,0.1292,0.13289,0.227,0.26702,0.27589,0.23567,0.26159,0.29885,0.30375,0.22286,0.20084,0.18987,0.092429,0.40809,0.31289,0.28503,0.28533,0.30906,0.23464,0.56859,0.55167,0.3274,0.31905,0.30243,0.33093,0.44826,0.52239,0.19901,0.26708,0.25885,0.29858,0.16687,0.17546,0.27277,0.28316,0.14886,0.17657,0.11825,0.33682,0.19989,0.32136,0.25385,0.37684,0.17267,0.10132,0.25213,0.19633,0.29145,0.34875,0.34784,0.3734,0.20908,0.20803,0.21022,0.35811,0.21642,0.35012,0.067127,0.17078,0.39395,0.27318,0.25021,0.20766,0.14205,0.15605
0.16137,0.1959,0.41184,0.52915,0.48466,0.40151,0.28876,0.39163,0.35416,0.42965,0.17527,0.17981,0.23062,0.23606,0.39427,0.43499,0.15747,0.046582,0.37762,0.26969,0.37283,0.24477,0.53944,0.66163,0.39129,0.45181,0.44402,0.34224,0.26193,0.20512,0.8366,1,0.34366,0.51002,0.31211,0.34262,0.14845,0.27975,0.12489,0.072149,0.098676,0.090231,0.22982,0.24844,0.085179,0.23364,0.20064,0.19529,0.084187,0.15176,0.1926,0.028279,0.10909,0.17834,0.11043,0.13951,0.18221,0.14008,0.25679,0.25843,0.26699,0.37811,0.2299,0.12346,0.41312,0.48014,0.15781,0.18729,0.19727,0.11745,0.51717,0.51756,0.30562,0.29609,0.29974,0.29581,0.47181,0.54961,0.22991,0.22756,0.17076,0.13315,0.1354,0.11093,0.21354,0.19045,0.18584,0.10667,0.10192,0.33781,0.28617,0.33279,0.4038,0.36206,0.11934,0.1567,0.154,0.17823,0.2994,0.33907,0.39785,0.33826,0.22343,0.16843,0.25392,0.32216,0.21805,0.23794,0.1628,0.12161,0.32193,0.21004,0.2659,0.15423,0.090415,0.15306
0.73502,0.61607,0.69991,0.46994,0.52731,0.43634,0.66004,0.55175,0.49633,0.29997,0.5806,0.47379,0.50773,0.5336,0.47388,0.47355,0.64887,0.55104,0.74151,0.76996,0.47449,0.50256,0.5699,0.41094,0.48806,0.27464,0.34556,0.34182,0.58034,0.62045,0.43861,0.34366,1,0.89386,0.29415,0.31597,0.54073,0.43161,0.53553,0.52073,0.56612,0.57209,0.66415,0.67187,0.50224,0.52454,0.59103,0.63795,0.40174,0.406,0.51409,0.47144,0.29276,0.44932,0.63558,0.69813,0.69328,0.5642,0.50825,0.2988,0.49189,0.25516,0.58903,0.51211,0.32944,0.24006,0.70495,0.69688,0.73244,0.64374,0.5858,0.50748,0.53129,0.52123,0.47071,0.39459,0.55872,0.58358,0.53432,0.55398,0.74777,0.72824,0.52484,0.54679,0.57258,0.58638,0.38215,0.24813,0.55144,0.5498,0.37432,0.50597,0.42098,0.5747,0.45422,0.23126,0.61232,0.42319,0.45645,0.58281,0.70455,0.57383,0.48735,0.50116,0.15431,0.43608,0.34571,0.38759,0.36312,0.39307,0.65253,0.6008,0.40344,0.33128,0.1263,0.02062
0.6559,0.52079,0.62626,0.55431,0.55003,0.47826,0.61043,0.60338,0.49906,0.38161,0.54812,0.46806,0.48607,0.5177,0.47419,0.51021,0.65921,0.52247,0.69168,0.79103,0.47148,0.42018,0.52276,0.43413,0.41163,0.2145,0.28265,0.21771,0.60201,0.66166,0.54012,0.51002,0.89386,1,0.22089,0.29273,0.42535,0.31922,0.37933,0.34412,0.4635,0.40071,0.57983,0.56109,0.41455,0.44878,0.5244,0.54297,0.34972,0.30889,0.42766,0.36902,0.27824,0.39906,0.52223,0.5811,0.60921,0.48784,0.47611,0.29584,0.47931,0.33474,0.61666,0.56752,0.27299,0.25418,0.60287,0.59162,0.61314,0.53005,0.61682,0.54281,0.5305,0.55436,0.46936,0.40952,0.60761,0.62272,0.59817,0.57125,0.6807,0.68248,0.50447,0.5092,0.46305,0.46179,0.31128,0.19724,0.46771,0.51656,0.36527,0.46886,0.44265,0.51981,0.32507,0.15517,0.53635,0.34867,0.44489,0.52114,0.69797,0.53895,0.48547,0.48362,0.064983,0.40114,0.34809,0.38557,0.29383,0.31958,0.60013,0.46992,0.33009,0.32437,0.15072,0.10568
0.27047,0.21912,0.35279,0.070588,0.16229,0.065879,0.13637,-0.12883,-0.093803,-0.22391,0.016803,-0.089927,-0.1007,-0.10729,0.17267,0.034534,0.087287,0.08975,0.15287,0.20433,0.50881,0.49921,0.64802,0.46984,0.7315,0.74936,0.69025,0.74661,-0.11044,-0.13921,0.36761,0.31211,0.29415,0.22089,1,0.81276,0.57028,0.49771,0.54986,0.51059,0.29994,0.2834,0.47364,0.45685,0.31096,0.30619,0.30443,0.32232,0.2228,0.33118,0.28917,0.29952,0.21005,0.21823,0.21144,0.34144,0.35215,0.45635,0.30375,0.38989,0.23244,0.011261,0.011719,-0.17007,0.73867,0.49996,0.61234,0.64946,0.26418,0.39406,0.19883,0.14731,0.021599,0.080946,0.24461,0.059064,0.33156,0.29425,0.14599,0.22685,0.12695,0.20419,-0.071538,-0.041901,0.39723,0.42374,0.28633,0.36467,0.14245,0.33629,0.13296,0.30524,0.14699,0.33858,0.35215,0.05344,0.47756,0.21567,0.17995,0.33034,0.1999,0.38561,0.18008,0.30168,0.43235,0.48108,0.24655,0.36319,0.29991,0.29619,0.46612,0.39073,0.1679,0.15437,0.16759,0.071632
0.18731,0.06909,0.3314,0.068438,0.21855,0.12091,0.092126,-0.087237,-0.044345,-0.17496,-0.075911,-0.14435,-0.1211,-0.10256,0.092587,-0.020834,0.10597,0.021997,0.052125,0.16963,0.50208,0.49609,0.56529,0.48095,0.56902,0.65095,0.5873,0.60627,-0.1015,-0.13268,0.37602,0.34262,0.31597,0.29273,0.81276,1,0.49649,0.35235,0.42922,0.38162,0.23398,0.25197,0.38685,0.33045,0.30506,0.28198,0.27486,0.26041,0.26752,0.32197,0.38788,0.32161,0.27964,0.22429,0.23662,0.28359,0.19628,0.30373,0.29727,0.33649,0.20856,0.062607,0.059443,-0.18361,0.6279,0.46524,0.58683,0.63584,0.16801,0.26375,0.24051,0.11915,0.0063576,0.088248,0.23974,0.17942,0.31371,0.28774,0.17548,0.18342,0.095536,0.16469,-0.11106,-0.084913,0.27127,0.30502,0.12212,0.23286,0.11933,0.29704,0.13233,0.25644,0.14346,0.28232,0.23261,-0.016026,0.38254,0.11402,0.15586,0.21212,0.20082,0.37982,0.095695,0.36457,0.28103,0.39366,0.26829,0.44202,0.22441,0.23895,0.40694,0.28445,0.085321,0.13966,0.041861,-0.018268
0.50998,0.42479,0.50327,0.089897,0.17577,0.11291,0.36359,0.094822,0.11544,-0.13956,0.37159,0.24398,0.2441,0.22226,0.28947,0.16236,0.39989,0.38969,0.42205,0.49913,0.60379,0.59209,0.61817,0.32469,0.63605,0.44212,0.53579,0.59583,0.32943,0.29451,0.35702,0.14845,0.54073,0.42535,0.57028,0.49649,1,0.76915,0.82174,0.78116,0.66076,0.64879,0.46424,0.42878,0.24699,0.24909,0.33007,0.40165,0.14997,0.31487,0.32538,0.37249,0.19026,0.2694,0.53682,0.58027,0.51175,0.51144,0.33758,0.29411,0.31031,-0.036885,0.21184,0.069869,0.42893,0.19805,0.59647,0.59575,0.48972,0.50855,0.47902,0.3803,0.29325,0.27791,0.2932,0.23584,0.50446,0.49302,0.3888,0.48607,0.43963,0.46455,0.17479,0.28887,0.49595,0.49888,0.36851,0.36267,0.41715,0.45385,0.1777,0.42443,0.20314,0.48204,0.44829,0.15402,0.5469,0.36077,0.32805,0.5076,0.42282,0.472,0.38156,0.47809,0.37356,0.56213,0.20586,0.49179,0.243,0.39043,0.62427,0.55769,0.3512,0.31739,0.31508,0.13938
0.39005,0.52728,0.45581,0.25082,0.27551,0.31211,0.43172,0.26751,0.24958,0.095174,0.37127,0.40855,0.31262,0.33596,0.30631,0.3137,0.32011,0.36712,0.41997,0.3655,0.54114,0.4896,0.58749,0.44031,0.56525,0.41742,0.52947,0.61153,0.41308,0.29285,0.3757,0.27975,0.43161,0.31922,0.49771,0.35235,0.76915,1,0.69901,0.76441,0.57214,0.63211,0.33263,0.38346,0.15879,0.34312,0.29091,0.33583,0.10983,0.36263,0.30467,0.2727,0.12664,0.29398,0.40989,0.50699,0.42777,0.43899,0.3043,0.28756,0.30876,0.13447,0.059728,0.027271,0.43047,0.33397,0.36922,0.4139,0.43714,0.41409,0.47257,0.48108,0.39859,0.30996,0.35438,0.18821,0.48809,0.55891,0.28519,0.44707,0.41065,0.33936,0.16979,0.31405,0.42537,0.50996,0.50388,0.31248,0.31169,0.42226,0.32314,0.52151,0.40272,0.5819,0.40474,0.17077,0.39798,0.27905,0.35724,0.57035,0.4661,0.45917,0.37279,0.3575,0.51888,0.59934,0.163,0.40834,0.25348,0.25114,0.60142,0.57818,0.47874,0.37977,0.37136,0.33388
0.56172,0.54728,0.53543,0.09692,0.18828,0.15357,0.35753,0.098539,0.083683,-0.09982,0.38552,0.24849,0.24839,0.19073,0.32191,0.21038,0.38294,0.36342,0.45558,0.5089,0.61903,0.64482,0.61232,0.34567,0.63872,0.47613,0.50592,0.57458,0.29381,0.22672,0.32488,0.12489,0.53553,0.37933,0.54986,0.42922,0.82174,0.69901,1,0.88142,0.57948,0.64795,0.58492,0.56404,0.42983,0.38765,0.46107,0.5165,0.28531,0.42355,0.4461,0.46953,0.28566,0.34928,0.63798,0.70427,0.56745,0.5834,0.37694,0.3148,0.28106,-0.055189,0.083368,-0.0088792,0.43636,0.20116,0.62049,0.60905,0.51704,0.55288,0.35489,0.26576,0.24557,0.23879,0.18595,0.16447,0.30359,0.32879,0.38036,0.47402,0.47373,0.51893,0.31149,0.37223,0.5574,0.59305,0.48253,0.37598,0.42415,0.45393,0.051096,0.29541,0.091724,0.37765,0.59043,0.33413,0.62722,0.49887,0.2302,0.43594,0.3071,0.40629,0.29916,0.36867,0.31549,0.42914,0.15601,0.38641,0.38168,0.50441,0.57561,0.5246,0.28623,0.24184,0.18225,0.10023
0.55133,0.58493,0.5226,0.142,0.18632,0.22849,0.38179,0.1261,0.090548,-0.066316,0.35266,0.28184,0.2636,0.22298,0.29178,0.25279,0.33711,0.33479,0.4552,0.48073,0.62284,0.65477,0.58986,0.37818,0.57945,0.48261,0.5028,0.60036,0.28833,0.19485,0.23291,0.072149,0.52073,0.34412,0.51059,0.38162,0.78116,0.76441,0.88142,1,0.53707,0.67229,0.5186,0.51358,0.39064,0.38244,0.40436,0.47416,0.30737,0.43489,0.4588,0.45444,0.28655,0.35987,0.61971,0.68988,0.53779,0.59108,0.38518,0.332,0.30189,-0.021122,-0.017802,-0.054922,0.37807,0.25311,0.57131,0.585,0.51447,0.59623,0.30698,0.24722,0.26138,0.25436,0.25445,0.18039,0.27185,0.31837,0.32341,0.44591,0.43553,0.46794,0.28326,0.34459,0.52256,0.60341,0.45873,0.36299,0.44649,0.46131,0.12974,0.3465,0.18368,0.44014,0.58388,0.26056,0.59827,0.40194,0.28098,0.42905,0.35247,0.44473,0.28397,0.38955,0.3543,0.40499,0.16437,0.41059,0.3514,0.41603,0.57409,0.54454,0.30084,0.30168,0.23666,0.12928
0.51101,0.37253,0.39416,0.054772,0.23918,0.093891,0.39337,0.17564,0.26375,0.031664,0.425,0.32197,0.32145,0.3307,0.34489,0.28666,0.49035,0.48701,0.45809,0.46429,0.45686,0.39625,0.44836,0.14965,0.42732,0.21685,0.34481,0.37025,0.46172,0.46168,0.20265,0.098676,0.56612,0.4635,0.29994,0.23398,0.66076,0.57214,0.57948,0.53707,1,0.61366,0.34701,0.38433,0.22847,0.26231,0.27892,0.37279,0.088545,0.21311,0.16761,0.18562,0.075756,0.19209,0.39789,0.47279,0.51718,0.41048,0.25772,0.12806,0.2482,-0.075136,0.36275,0.25344,0.26511,0.020624,0.4376,0.40824,0.47968,0.42459,0.44598,0.39329,0.48808,0.44058,0.39265,0.29121,0.37043,0.41518,0.37047,0.47181,0.52238,0.46912,0.31613,0.37676,0.43154,0.39014,0.3909,0.19806,0.34593,0.32749,0.19348,0.433,0.24974,0.50268,0.41402,0.19724,0.48182,0.36635,0.27755,0.51648,0.42438,0.46136,0.34146,0.41223,0.20452,0.46359,0.08113,0.25927,0.33757,0.27514,0.50057,0.53371,0.34352,0.24965,0.20127,0.039463
0.44365,0.40556,0.48013,0.22398,0.27186,0.24039,0.42086,0.23683,0.2564,0.10487,0.40455,0.32566,0.3645,0.35183,0.36728,0.32366,0.3518,0.28334,0.44923,0.4402,0.46439,0.65054,0.48722,0.32807,0.44744,0.29541,0.3286,0.42836,0.39594,0.33692,0.2288,0.090231,0.57209,0.40071,0.2834,0.25197,0.64879,0.63211,0.64795,0.67229,0.61366,1,0.3315,0.32867,0.22374,0.26471,0.31103,0.3621,0.1436,0.24466,0.3067,0.3082,0.19143,0.24638,0.55962,0.52038,0.41941,0.34382,0.29126,0.1772,0.31414,0.12183,0.2496,0.13225,0.27833,0.15114,0.40278,0.3852,0.45542,0.36695,0.48329,0.47155,0.44615,0.46799,0.36978,0.29214,0.32615,0.38179,0.24703,0.34766,0.41695,0.35404,0.37769,0.38935,0.46777,0.40779,0.37277,0.19576,0.45475,0.38426,0.28178,0.40574,0.30252,0.46079,0.43754,0.29158,0.49415,0.41908,0.39115,0.47993,0.42412,0.4147,0.3711,0.37957,0.31167,0.48527,0.23264,0.31094,0.25924,0.38543,0.5272,0.53004,0.31752,0.25767,0.21315,-0.087432
0.6755,0.62264,0.61665,0.37535,0.43885,0.36699,0.49759,0.33042,0.30374,0.17818,0.40832,0.30112,0.31679,0.27928,0.42853,0.34212,0.42044,0.42025,0.59362,0.63869,0.41117,0.41481,0.57327,0.41077,0.58147,0.43632,0.36343,0.38926,0.23793,0.30353,0.28868,0.22982,0.66415,0.57983,0.47364,0.38685,0.46424,0.33263,0.58492,0.5186,0.34701,0.3315,1,0.93012,0.83486,0.71459,0.84482,0.87917,0.69262,0.62783,0.65186,0.63798,0.4823,0.63347,0.63787,0.75607,0.72888,0.71367,0.56701,0.43681,0.35988,0.13917,0.31564,0.34599,0.39402,0.25041,0.80471,0.78171,0.66312,0.67389,0.3235,0.22783,0.25034,0.3124,0.27192,0.16886,0.34003,0.3737,0.5011,0.4456,0.58462,0.69937,0.40072,0.43422,0.62374,0.66502,0.42394,0.42748,0.4621,0.51305,0.19228,0.26933,0.19486,0.31072,0.43167,0.26045,0.65367,0.45468,0.28055,0.45377,0.38799,0.39645,0.37879,0.37497,0.14791,0.32115,0.27885,0.27198,0.39197,0.42314,0.52919,0.48824,0.24105,0.21541,0.077096,-0.12819
