1,0.81935,0.76903,0.66073,0.55932,0.48884,0.78722,0.6979,0.59926,0.56055,0.78782,0.76284,0.83606,0.76041,0.73613,0.72487,0.7667,0.76692,0.85272,0.82366,0.52377,0.44486,0.67,0.58045,0.39543,0.40168,0.34718,0.42656,0.72303,0.69427,0.48058,0.46143,0.74526,0.72094,0.43349,0.39721,0.63513,0.61582,0.53837,0.5303,0.65122,0.57508,0.62186,0.56503,0.51771,0.45622,0.55392,0.53468,0.54684,0.51708,0.44237,0.44529,0.42327,0.31812,0.58113,0.58945,0.75989,0.61164,0.63001,0.53334,0.54334,0.37739,0.70303,0.51059,0.42484,0.35895,0.55752,0.52997,0.65985,0.57231,0.57176,0.52442,0.66712,0.63245,0.60935,0.52819,0.5643,0.53156,0.72018,0.69402,0.71832,0.75509,0.68773,0.67825,0.63716,0.5616,0.54922,0.52517,0.74484,0.71914,0.61089,0.68271,0.63297,0.69574,0.46095,0.33592,0.64043,0.56638,0.62514,0.72195,0.64847,0.66461,0.57281,0.65765,0.5512,0.55607,0.31116,0.40602,0.35923,0.54819,0.62857,0.65074,0.65356,0.59062,0.45449,0.29852
0.81935,1,0.6941,0.67008,0.52769,0.52225,0.68164,0.71452,0.46523,0.5039,0.68849,0.75829,0.6965,0.71181,0.67331,0.66537,0.8061,0.80301,0.78535,0.85139,0.49702,0.44368,0.62987,0.5867,0.40567,0.4143,0.3629,0.45587,0.70093,0.69217,0.49173,0.48555,0.8051,0.78753,0.38991,0.34809,0.61768,0.62554,0.57526,0.5895,0.65172,0.56405,0.65837,0.70025,0.65968,0.58373,0.69927,0.71349,0.7081,0.66906,0.6855,0.63526,0.64676,0.56921,0.70566,0.70721,0.8341,0.81377,0.6745,0.6334,0.46893,0.39271,0.70415,0.64436,0.30727,0.31781,0.55436,0.59751,0.70207,0.64934,0.52266,0.52904,0.63488,0.59221,0.57987,0.46156,0.42068,0.38406,0.77958,0.74782,0.78798,0.85055,0.63254,0.63341,0.5919,0.56793,0.53556,0.50882,0.65959,0.7263,0.55326,0.5651,0.53707,0.55341,0.45691,0.36883,0.66805,0.62581,0.63984,0.69609,0.55449,0.51988,0.47452,0.532,0.44616,0.39799,0.15354,0.30378,0.31271,0.48626,0.64576,0.63251,0.54283,0.53561,0.2978,0.22769
0.76903,0.6941,1,0.80668,0.62877,0.4783,0.91961,0.79365,0.64584,0.53138,0.75744,0.7706,0.80554,0.8193,0.67922,0.73774,0.65214,0.72028,0.77996,0.72476,0.65326,0.58878,0.83398,0.7627,0.58686,0.63229,0.46559,0.55397,0.73465,0.7369,0.76925,0.71975,0.71356,0.79006,0.52145,0.4888,0.63764,0.68072,0.47842,0.51941,0.67322,0.59758,0.65439,0.53501,0.41081,0.35139,0.53617,0.46298,0.48395,0.40603,0.47151,0.41416,0.44413,0.32103,0.55694,0.49398,0.54366,0.47436,0.46482,0.35089,0.4103,0.28813,0.48656,0.34088,0.53115,0.39991,0.5611,0.50128,0.46743,0.37993,0.75602,0.75714,0.74825,0.74628,0.72026,0.69515,0.68419,0.65302,0.61372,0.61173,0.51487,0.61558,0.54221,0.57569,0.5697,0.56122,0.44271,0.4853,0.65952,0.62435,0.73766,0.70862,0.79561,0.80723,0.38448,0.28593,0.60399,0.47114,0.69188,0.69112,0.73061,0.7906,0.66189,0.69499,0.59351,0.63245,0.30985,0.45423,0.26389,0.47893,0.66523,0.64359,0.74928,0.62166,0.52675,0.17147
0.66073,0.67008,0.80668,1,0.54581,0.65353,0.82818,0.91862,0.54201,0.68316,0.64505,0.74534,0.64965,0.76324,0.63858,0.7186,0.55467,0.55937,0.72313,0.73461,0.53863,0.5154,0.72957,0.81197,0.47475,0.52954,0.41209,0.57352,0.63027,0.65008,0.67012,0.70913,0.67113,0.805,0.53055,0.5557,0.58527,0.66366,0.4097,0.48873,0.58112,0.52413,0.62255,0.49709,0.35806,0.39618,0.49485,0.38485,0.40567,0.43725,0.48138,0.42932,0.45228,0.313,0.48057,0.42246,0.48021,0.40597,0.40873,0.415,0.38237,0.58217,0.44301,0.4322,0.57599,0.6716,0.58849,0.61966,0.33615,0.32772,0.62431,0.68348,0.65563,0.6775,0.63628,0.6227,0.60328,0.63272,0.53457,0.45361,0.50432,0.54404,0.47279,0.53026,0.55758,0.61422,0.37076,0.3998,0.55466,0.64341,0.77912,0.65812,0.81809,0.65336,0.34872,0.26322,0.52165,0.37367,0.62672,0.59279,0.70849,0.60625,0.64729,0.5461,0.53361,0.49159,0.18983,0.33918,0.23928,0.41098,0.63383,0.60384,0.65875,0.56199,0.4656,0.18543
0.55932,0.52769,0.62877,0.54581,1,0.57246,0.72038,0.66781,0.73907,0.64331,0.60614,0.60624,0.55365,0.63638,0.43159,0.56053,0.57699,0.62114,0.55126,0.59615,0.36942,0.38188,0.45067,0.37487,0.17993,0.18399,0.098038,0.14591,0.63273,0.68757,0.45305,0.50606,0.66274,0.69768,0.22599,0.28525,0.28676,0.32165,0.21983,0.3038,0.48094,0.37103,0.40751,0.38273,0.38293,0.4692,0.4337,0.36249,0.43503,0.45081,0.39032,0.36205,0.39857,0.35285,0.34177,0.35753,0.42755,0.36801,0.471,0.43206,0.35544,0.37251,0.51654,0.5569,0.25308,0.23811,0.51744,0.47704,0.38836,0.3809,0.47455,0.50036,0.55534,0.55717,0.48162,0.48636,0.36659,0.36276,0.51872,0.50144,0.48484,0.50937,0.32787,0.47766,0.19494,0.21274,0.26832,0.27023,0.44908,0.42354,0.48087,0.43289,0.51679,0.47591,0.17106,0.037975,0.35409,0.21432,0.49841,0.48157,0.60544,0.58294,0.45804,0.5008,0.34239,0.24876,0.13608,0.20741,0.011739,0.21755,0.36937,0.43755,0.53678,0.31907,0.12535,-0.047786
0.48884,0.52225,0.4783,0.65353,0.57246,1,0.58191,0.73093,0.36979,0.81982,0.54876,0.52492,0.51675,0.52658,0.65163,0.61995,0.52769,0.41497,0.56079,0.53051,0.36783,0.37426,0.38376,0.41247,0.23935,0.19896,0.081315,0.32445,0.50854,0.52723,0.22684,0.2721,0.57922,0.58183,0.28552,0.27154,0.48689,0.48572,0.40822,0.47562,0.58446,0.42366,0.39776,0.40044,0.3642,0.45806,0.33637,0.30385,0.31296,0.48572,0.36134,0.42451,0.34194,0.35166,0.32157,0.42112,0.49992,0.38694,0.48193,0.47406,0.47977,0.54936,0.49101,0.52255,0.31845,0.40299,0.50727,0.52286,0.20921,0.30872,0.2838,0.31884,0.42367,0.45566,0.36778,0.35195,0.32665,0.3274,0.45709,0.40062,0.54382,0.48944,0.50412,0.363,0.36775,0.30265,0.49539,0.26707,0.44218,0.58538,0.42895,0.46819,0.42878,0.35385,0.23563,0.12008,0.34391,0.2429,0.3947,0.44893,0.46472,0.3659,0.32849,0.30271,0.30427,0.10621,-0.12211,0.051699,0.18051,0.29882,0.41697,0.48929,0.39129,0.41071,0.14466,0.20668
0.78722,0.68164,0.91961,0.82818,0.72038,0.58191,1,0.88792,0.74906,0.69322,0.85282,0.84407,0.82956,0.87944,0.68082,0.76383,0.69446,0.73961,0.80177,0.75263,0.54942,0.48718,0.74682,0.68893,0.42983,0.43697,0.36712,0.45565,0.81755,0.82656,0.70394,0.71532,0.70509,0.82095,0.38158,0.38535,0.55606,0.59849,0.37817,0.44077,0.6473,0.56104,0.54968,0.42973,0.33438,0.31922,0.45215,0.36655,0.394,0.36003,0.40799,0.31723,0.41857,0.27659,0.46467,0.42186,0.51064,0.39464,0.46058,0.3354,0.47517,0.39299,0.5735,0.48088,0.46303,0.37063,0.50776,0.45925,0.39628,0.31577,0.76427,0.76394,0.78523,0.77024,0.74313,0.71916,0.66255,0.6563,0.60572,0.59356,0.54014,0.60271,0.52068,0.60706,0.46173,0.45371,0.36469,0.38613,0.63042,0.58084,0.73985,0.68916,0.79798,0.77637,0.34391,0.25255,0.49848,0.38301,0.62147,0.63403,0.77183,0.79007,0.65693,0.69917,0.49119,0.50997,0.25413,0.39673,0.23274,0.45705,0.56854,0.56434,0.71369,0.5741,0.4202,0.17594
0.6979,0.71452,0.79365,0.91862,0.66781,0.73093,0.88792,1,0.63063,0.8011,0.78838,0.85721,0.74505,0.86051,0.68931,0.76667,0.66966,0.67031,0.75273,0.76272,0.50671,0.46256,0.66369,0.68647,0.38118,0.39067,0.34063,0.4729,0.76863,0.79435,0.61726,0.65885,0.67662,0.81339,0.34718,0.36887,0.53323,0.59662,0.36504,0.47894,0.65434,0.54269,0.54644,0.46545,0.35051,0.37961,0.45041,0.3608,0.3943,0.42159,0.48159,0.38374,0.49423,0.32443,0.4352,0.40523,0.52275,0.41226,0.44876,0.38676,0.4703,0.55703,0.57553,0.57619,0.44702,0.48345,0.50408,0.52891,0.31678,0.29559,0.66172,0.6955,0.73286,0.72032,0.68966,0.64917,0.5453,0.55452,0.6027,0.54296,0.5839,0.60672,0.49656,0.59524,0.47642,0.47066,0.36053,0.36713,0.55512,0.60484,0.70148,0.58871,0.75587,0.63033,0.32808,0.25067,0.46135,0.32753,0.56571,0.55063,0.72013,0.64288,0.61108,0.56768,0.43735,0.37396,0.088684,0.28136,0.18803,0.39857,0.55576,0.54572,0.627,0.52966,0.33299,0.17021
0.59926,0.46523,0.64584,0.54201,0.73907,0.36979,0.74906,0.63063,1,0.66625,0.69097,0.61747,0.6597,0.68637,0.44863,0.55466,0.53398,0.61291,0.5105,0.5331,0.33279,0.25443,0.45244,0.35205,0.077488,0.11876,0.18241,0.17349,0.67246,0.6795,0.50028,0.54187,0.54972,0.64722,0.16867,0.23056,0.33265,0.34045,0.20901,0.25043,0.45548,0.38527,0.34985,0.24188,0.21941,0.25484,0.34731,0.25852,0.30188,0.27012,0.25384,0.15897,0.31014,0.17198,0.31495,0.25918,0.33542,0.2662,0.36879,0.28632,0.37893,0.36593,0.43934,0.43683,0.2671,0.20305,0.32818,0.3073,0.3883,0.3521,0.5244,0.49479,0.5687,0.52973,0.5252,0.47927,0.42544,0.45603,0.45982,0.49391,0.43147,0.45026,0.39026,0.56848,0.20749,0.1932,0.19323,0.22458,0.5868,0.40258,0.52966,0.47213,0.5897,0.57908,0.25487,0.19315,0.32692,0.2458,0.40841,0.38936,0.63874,0.65562,0.45886,0.5482,0.3055,0.29559,0.24206,0.33041,0.14212,0.32879,0.36275,0.34226,0.53373,0.34282,0.22127,0.13792
0.56055,0.5039,0.53138,0.68316,0.64331,0.81982,0.69322,0.8011,0.66625,1,0.68947,0.64759,0.63595,0.68678,0.64107,0.68794,0.54307,0.51087,0.56214,0.56036,0.35592,0.32158,0.395,0.39643,0.15734,0.125,0.14218,0.29716,0.65334,0.6811,0.35979,0.41156,0.54825,0.62552,0.1401,0.17684,0.41132,0.42542,0.29156,0.38649,0.56712,0.44951,0.30717,0.27426,0.22055,0.32472,0.2619,0.20581,0.25053,0.36738,0.26446,0.26499,0.30182,0.22888,0.25429,0.30653,0.42585,0.29688,0.41372,0.37101,0.47081,0.56843,0.49894,0.5559,0.25173,0.34444,0.36134,0.39589,0.23417,0.27969,0.43137,0.44308,0.55263,0.54618,0.49446,0.45637,0.37204,0.39539,0.4711,0.42907,0.50157,0.46971,0.4781,0.5063,0.27377,0.23636,0.36024,0.2378,0.47991,0.54204,0.47862,0.44688,0.5468,0.46151,0.22256,0.14207,0.25984,0.18746,0.34087,0.36752,0.59793,0.51754,0.4141,0.41571,0.269,0.14368,-0.013405,0.16721,0.13365,0.30688,0.34436,0.38431,0.45928,0.39864,0.15646,0.21698
0.78782,0.68849,0.75744,0.64505,0.60614,0.54876,0.85282,0.78838,0.69097,0.68947,1,0.86367,0.90397,0.8746,0.73242,0.74382,0.77264,0.76921,0.75066,0.67226,0.4859,0.38843,0.61761,0.49553,0.32088,0.27084,0.29679,0.37104,0.88299,0.86265,0.53658,0.51951,0.6082,0.68751,0.18107,0.16029,0.53204,0.54679,0.38027,0.4215,0.66537,0.57269,0.40021,0.34448,0.25925,0.22545,0.31997,0.29587,0.31937,0.27845,0.28747,0.19239,0.34009,0.19733,0.35585,0.38136,0.54465,0.38449,0.45922,0.27682,0.5439,0.31083,0.65057,0.49442,0.26845,0.16848,0.29413,0.28121,0.38022,0.27215,0.68198,0.6519,0.7491,0.69321,0.68131,0.64785,0.53885,0.51493,0.64078,0.66457,0.58748,0.61231,0.61102,0.65012,0.41494,0.31644,0.41247,0.37714,0.60201,0.53994,0.53798,0.54869,0.62643,0.67564,0.33823,0.28316,0.41311,0.34827,0.44979,0.51322,0.6738,0.72272,0.51281,0.62756,0.34963,0.38442,0.16925,0.31785,0.23787,0.43279,0.44304,0.45958,0.59951,0.54273,0.3186,0.25179
0.76284,0.75829,0.7706,0.74534,0.60624,0.52492,0.84407,0.85721,0.61747,0.64759,0.86367,1,0.82796,0.93564,0.66638,0.79773,0.7655,0.80486,0.75948,0.74883,0.51441,0.46004,0.69362,0.6415,0.36592,0.40442,0.28901,0.40396,0.85517,0.88452,0.59951,0.61318,0.6124,0.74305,0.23167,0.23763,0.52359,0.59086,0.40853,0.48284,0.6677,0.56565,0.50686,0.45456,0.36109,0.309,0.43441,0.39852,0.42913,0.37229,0.44696,0.3274,0.51632,0.31205,0.49528,0.46958,0.56987,0.43861,0.40091,0.27628,0.40402,0.32968,0.60522,0.49786,0.29073,0.27714,0.32761,0.36107,0.37378,0.26766,0.70865,0.72759,0.75193,0.73839,0.69724,0.67406,0.47184,0.48241,0.65276,0.67311,0.62823,0.69405,0.57897,0.69357,0.45577,0.47254,0.43368,0.49349,0.56035,0.56608,0.62113,0.52082,0.70381,0.64675,0.36793,0.29534,0.48379,0.38703,0.5721,0.55876,0.70343,0.68501,0.56511,0.61932,0.47043,0.43095,0.13055,0.30983,0.20342,0.41308,0.50759,0.50461,0.6165,0.52253,0.35434,0.21254
0.83606,0.6965,0.80554,0.64965,0.55365,0.51675,0.82956,0.74505,0.6597,0.63595,0.90397,0.82796,1,0.86626,0.82326,0.80937,0.71311,0.72898,0.76471,0.67976,0.60866,0.51497,0.69911,0.5776,0.4484,0.45017,0.37202,0.46178,0.82117,0.78643,0.55568,0.49771,0.63208,0.65025,0.36339,0.30709,0.64309,0.64264,0.49878,0.51917,0.715,0.62766,0.53564,0.46479,0.35479,0.30898,0.39761,0.37886,0.39294,0.36252,0.30823,0.29582,0.34211,0.20543,0.46921,0.48287,0.60361,0.45165,0.46765,0.3184,0.50897,0.28274,0.60272,0.38126,0.38272,0.26261,0.39335,0.37755,0.43556,0.35217,0.67364,0.63745,0.71315,0.67599,0.67632,0.63922,0.59047,0.53964,0.63511,0.64731,0.6218,0.65296,0.70797,0.69472,0.57851,0.49014,0.54356,0.53498,0.70856,0.65429,0.6057,0.64797,0.70179,0.76391,0.42511,0.33727,0.53738,0.43769,0.54735,0.61069,0.72827,0.77052,0.59174,0.68365,0.51347,0.57394,0.26423,0.39736,0.32468,0.48343,0.5506,0.55765,0.67245,0.63787,0.51251,0.29316
0.76041,0.71181,0.8193,0.76324,0.63638,0.52658,0.87944,0.86051,0.68637,0.68678,0.8746,0.93564,0.86626,1,0.70228,0.83874,0.73571,0.78556,0.73349,0.72054,0.57191,0.50501,0.71117,0.65748,0.40916,0.44089,0.33219,0.43485,0.87018,0.89187,0.64481,0.64599,0.63711,0.75328,0.2822,0.29379,0.56506,0.63354,0.42741,0.50514,0.69861,0.63068,0.50324,0.42992,0.33661,0.30866,0.42111,0.37069,0.39885,0.35301,0.39003,0.28806,0.44461,0.2577,0.47258,0.43834,0.56436,0.42816,0.41909,0.28967,0.42694,0.34043,0.54757,0.45323,0.32657,0.31473,0.36777,0.39511,0.4092,0.31395,0.74791,0.74624,0.78699,0.77327,0.73542,0.71406,0.53862,0.54068,0.65149,0.65923,0.59315,0.65776,0.60144,0.70717,0.45046,0.48313,0.44075,0.51475,0.5892,0.58742,0.63332,0.55754,0.75451,0.71909,0.39559,0.3219,0.49901,0.40067,0.56852,0.55441,0.77173,0.77246,0.60861,0.67452,0.50831,0.48603,0.21475,0.37038,0.24158,0.44729,0.52753,0.49711,0.65733,0.57693,0.4108,0.23994
0.73613,0.67331,0.67922,0.63858,0.43159,0.65163,0.68082,0.68931,0.44863,0.64107,0.73242,0.66638,0.82326,0.70228,1,0.84659,0.62743,0.57157,0.74073,0.66861,0.61918,0.55229,0.73867,0.65231,0.56796,0.54269,0.46266,0.62802,0.6964,0.64431,0.5135,0.45097,0.62314,0.59197,0.49515,0.33494,0.70121,0.67327,0.55392,0.55747,0.71758,0.61699,0.56582,0.52044,0.40653,0.35782,0.41259,0.41818,0.41876,0.40626,0.33902,0.36777,0.28602,0.26625,0.47096,0.49023,0.64972,0.51788,0.49524,0.40426,0.44973,0.28572,0.56905,0.3759,0.47066,0.33448,0.47757,0.45329,0.4008,0.40266,0.55354,0.50893,0.6095,0.58423,0.5826,0.51613,0.54016,0.51147,0.5868,0.56587,0.59617,0.61383,0.82274,0.64062,0.71345,0.57773,0.69065,0.57847,0.64366,0.65969,0.56602,0.66811,0.62542,0.7146,0.41659,0.33552,0.53685,0.42918,0.50356,0.58443,0.61092,0.609,0.52428,0.53728,0.50931,0.5104,0.20057,0.29372,0.37624,0.51605,0.57611,0.6015,0.56297,0.66685,0.49424,0.38264
0.72487,0.66537,0.73774,0.7186,0.56053,0.61995,0.76383,0.76667,0.55466,0.68794,0.74382,0.79773,0.80937,0.83874,0.84659,1,0.66187,0.67463,0.70425,0.70606,0.63409,0.62437,0.77314,0.75004,0.44269,0.55385,0.2732,0.48743,0.76809,0.78864,0.58228,0.59847,0.63455,0.68537,0.40261,0.35111,0.62616,0.6608,0.56755,0.61633,0.72157,0.66652,0.51664,0.47325,0.38666,0.34645,0.3995,0.39893,0.40431,0.34787,0.292,0.30185,0.30759,0.22049,0.49493,0.50353,0.61915,0.46486,0.42284,0.34326,0.39411,0.33879,0.52232,0.43546,0.38514,0.39075,0.46059,0.46545,0.37094,0.36594,0.59956,0.59236,0.64913,0.66312,0.61266,0.57371,0.47022,0.47604,0.64266,0.62205,0.60316,0.67757,0.77832,0.80049,0.57842,0.65439,0.69015,0.7094,0.62335,0.65291,0.58428,0.56589,0.70108,0.66844,0.45322,0.36965,0.54134,0.42216,0.54006,0.55882,0.71678,0.64787,0.59482,0.58451,0.65097,0.54577,0.21869,0.35653,0.34035,0.49118,0.53614,0.52209,0.56122,0.57325,0.47855,0.33686
0.7667,0.8061,0.65214,0.55467,0.57699,0.52769,0.69446,0.66966,0.53398,0.54307,0.77264,0.7655,0.71311,0.73571,0.62743,0.66187,1,0.91205,0.70055,0.74349,0.45599,0.35796,0.53985,0.45548,0.28029,0.28871,0.2183,0.29054,0.83345,0.81811,0.45186,0.45243,0.73745,0.75092,0.22514,0.21309,0.57699,0.55167,0.53521,0.53904,0.71767,0.57961,0.52271,0.57359,0.55986,0.48492,0.56278,0.60619,0.55246,0.49533,0.47538,0.4402,0.51243,0.43548,0.59898,0.63754,0.80865,0.65033,0.58907,0.45288,0.46785,0.24387,0.74676,0.59323,0.15437,0.12543,0.41508,0.44684,0.61787,0.52612,0.50684,0.47809,0.68419,0.6227,0.56785,0.52146,0.41882,0.41302,0.85874,0.87954,0.84204,0.85898,0.67899,0.6823,0.43362,0.39975,0.53433,0.47817,0.62256,0.59694,0.4074,0.44567,0.45167,0.51582,0.45567,0.36871,0.59098,0.565,0.53379,0.595,0.57626,0.55399,0.42412,0.53446,0.40786,0.31114,0.094468,0.26588,0.34084,0.51501,0.55033,0.53391,0.47585,0.50677,0.23929,0.32375
0.76692,0.80301,0.72028,0.55937,0.62114,0.41497,0.73961,0.67031,0.61291,0.51087,0.76921,0.80486,0.72898,0.78556,0.57157,0.67463,0.91205,1,0.69571,0.7563,0.49207,0.40779,0.60697,0.50318,0.30095,0.34107,0.25625,0.29798,0.84921,0.86369,0.54041,0.53999,0.69051,0.74718,0.20124,0.19902,0.51179,0.5296,0.47661,0.51047,0.68244,0.59271,0.5223,0.54639,0.52763,0.42729,0.57818,0.59931,0.57021,0.45002,0.48528,0.40864,0.53802,0.41121,0.61704,0.59902,0.74875,0.64465,0.51091,0.39446,0.35807,0.16783,0.66125,0.53642,0.13271,0.085682,0.36418,0.38725,0.63627,0.51419,0.59612,0.56583,0.70966,0.66055,0.6063,0.55669,0.39319,0.40589,0.81537,0.89638,0.77924,0.85598,0.63387,0.72373,0.39526,0.39749,0.48058,0.51778,0.59706,0.54254,0.46831,0.4486,0.5256,0.57957,0.40295,0.30805,0.57984,0.52946,0.5866,0.60257,0.62667,0.62967,0.46524,0.57272,0.41951,0.37648,0.13918,0.30469,0.25784,0.44949,0.53152,0.51609,0.53572,0.49094,0.24122,0.21757
0.85272,0.78535,0.77996,0.72313,0.55126,0.56079,0.80177,0.75273,0.5105,0.56214,0.75066,0.75948,0.76471,0.73349,0.74073,0.70425,0.70055,0.69571,1,0.88977,0.53909,0.51189,0.74139,0.67227,0.45362,0.44205,0.37272,0.50586,0.70614,0.68886,0.53333,0.52127,0.72126,0.74234,0.40482,0.3645,0.61975,0.6254,0.50077,0.52856,0.61743,0.51862,0.62849,0.58023,0.46966,0.39799,0.52544,0.50345,0.54584,0.48117,0.50916,0.46033,0.46724,0.39288,0.54765,0.55436,0.68397,0.58699,0.54923,0.43987,0.44081,0.30872,0.64477,0.45694,0.43738,0.324,0.53959,0.48554,0.56568,0.47009,0.63335,0.62549,0.7013,0.6895,0.6965,0.60366,0.59651,0.56403,0.63721,0.57661,0.63488,0.65911,0.58184,0.5637,0.59884,0.51427,0.45746,0.43299,0.59615,0.63057,0.66537,0.70838,0.65716,0.69879,0.43205,0.29659,0.60087,0.518,0.67015,0.72993,0.62467,0.63642,0.59892,0.62923,0.51295,0.52392,0.26825,0.37987,0.31087,0.49007,0.64515,0.69085,0.68061,0.6254,0.45673,0.18666
0.82366,0.85139,0.72476,0.73461,0.59615,0.53051,0.75263,0.76272,0.5331,0.56036,0.67226,0.74883,0.67976,0.72054,0.66861,0.70606,0.74349,0.7563,0.88977,1,0.50894,0.49379,0.68981,0.66752,0.37804,0.41598,0.34278,0.44569,0.70461,0.69803,0.55367,0.57286,0.80232,0.82694,0.41195,0.39815,0.57655,0.60115,0.50821,0.53925,0.5979,0.53609,0.63625,0.63552,0.56887,0.51792,0.61439,0.60611,0.63259,0.55172,0.58746,0.51361,0.5474,0.45787,0.61219,0.59383,0.77306,0.70434,0.58926,0.54387,0.4022,0.38232,0.67944,0.5917,0.39968,0.37476,0.60117,0.59927,0.69175,0.63113,0.57271,0.5771,0.68523,0.66957,0.63436,0.53858,0.50373,0.48904,0.71718,0.66332,0.71881,0.75883,0.56451,0.64306,0.55607,0.56307,0.43599,0.46488,0.61139,0.64182,0.63799,0.60733,0.62273,0.5924,0.46721,0.32067,0.63997,0.56256,0.66768,0.70492,0.60465,0.55401,0.57992,0.57764,0.51523,0.47,0.21562,0.37867,0.29993,0.4876,0.65301,0.65066,0.60009,0.5356,0.36719,0.17497
0.52377,0.49702,0.65326,0.53863,0.36942,0.36783,0.54942,0.50671,0.33279,0.35592,0.4859,0.51441,0.60866,0.57191,0.61918,0.63409,0.45599,0.49207,0.53909,0.50894,1,0.85279,0.64747,0.59132,0.50604,0.61928,0.36715,0.4553,0.5707,0.53569,0.55717,0.47895,0.50681,0.47235,0.46587,0.43287,0.67106,0.71306,0.60224,0.66842,0.65948,0.68281,0.46884,0.42083,0.36314,0.34505,0.39607,0.3807,0.3685,0.37456,0.31706,0.37763,0.26922,0.28106,0.50727,0.50057,0.474,0.41011,0.32739,0.29585,0.22163,0.13326,0.2993,0.15179,0.31779,0.27637,0.41963,0.41522,0.36508,0.30988,0.57348,0.5391,0.60292,0.61838,0.57646,0.56908,0.48182,0.469,0.47272,0.41647,0.45368,0.49272,0.55489,0.56978,0.50891,0.50299,0.49565,0.54421,0.54177,0.58688,0.53481,0.5434,0.60983,0.66515,0.44383,0.36824,0.61286,0.48124,0.56758,0.56515,0.62275,0.60574,0.5844,0.59262,0.56769,0.57694,0.33654,0.47947,0.35723,0.4877,0.58468,0.54871,0.55702,0.58406,0.52987,0.24149
0.44486,0.44368,0.58878,0.5154,0.38188,0.37426,0.48718,0.46256,0.25443,0.32158,0.38843,0.46004,0.51497,0.50501,0.55229,0.62437,0.35796,0.40779,0.51189,0.49379,0.85279,1,0.62051,0.59754,0.45126,0.5874,0.22625,0.38309,0.47133,0.45525,0.48452,0.42449,0.4795,0.43223,0.45146,0.45687,0.59456,0.66353,0.60241,0.68563,0.57706,0.65841,0.46255,0.43128,0.34184,0.35693,0.36092,0.36185,0.34777,0.39006,0.29077,0.38059,0.21864,0.24359,0.43549,0.46005,0.44388,0.39136,0.31582,0.30142,0.15432,0.14531,0.22563,0.12303,0.3139,0.31131,0.47014,0.45574,0.34308,0.30174,0.45146,0.46515,0.49595,0.54047,0.48768,0.49836,0.40773,0.38421,0.40809,0.33766,0.41451,0.44088,0.48654,0.51144,0.44355,0.49314,0.48356,0.54174,0.4505,0.53885,0.49145,0.50174,0.56695,0.58451,0.45305,0.33072,0.58747,0.44426,0.54931,0.54075,0.56127,0.5445,0.53104,0.51256,0.59405,0.56424,0.32774,0.43559,0.32744,0.41939,0.56527,0.54114,0.53734,0.51968,0.50548,0.15113
0.67,0.62987,0.83398,0.72957,0.45067,0.38376,0.74682,0.66369,0.45244,0.395,0.61761,0.69362,0.69911,0.71117,0.73867,0.77314,0.53985,0.60697,0.74139,0.68981,0.64747,0.62051,1,0.92935,0.64916,0.76116,0.51537,0.66578,0.63168,0.63163,0.7898,0.75997,0.57145,0.66202,0.61357,0.49292,0.62747,0.67754,0.49609,0.48868,0.59029,0.56259,0.6522,0.5179,0.40114,0.29044,0.47716,0.43925,0.46509,0.30425,0.36723,0.34881,0.35973,0.2797,0.55472,0.46936,0.49906,0.42241,0.28739,0.25104,0.13874,0.124,0.37102,0.18441,0.51961,0.42231,0.47969,0.42534,0.37289,0.30522,0.68549,0.71305,0.65474,0.67461,0.65055,0.63343,0.58571,0.59369,0.51883,0.51894,0.44116,0.54877,0.64364,0.59123,0.70717,0.73162,0.56054,0.65185,0.54005,0.54439,0.73909,0.68839,0.78885,0.80266,0.37425,0.28765,0.56545,0.4325,0.67416,0.65049,0.6482,0.66107,0.63061,0.59127,0.65416,0.69016,0.32842,0.38066,0.27763,0.43151,0.62734,0.63082,0.66625,0.63074,0.61511,0.18585
0.58045,0.5867,0.7627,0.81197,0.37487,0.41247,0.68893,0.68647,0.35205,0.39643,0.49553,0.6415,0.5776,0.65748,0.65231,0.75004,0.45548,0.50318,0.67227,0.66752,0.59132,0.59754,0.92935,1,0.60507,0.78219,0.48445,0.67262,0.51857,0.53574,0.74855,0.76655,0.5475,0.66508,0.63893,0.5692,0.57895,0.6625,0.4679,0.47964,0.5213,0.499,0.65122,0.50376,0.368,0.28708,0.4703,0.40526,0.41907,0.29471,0.35888,0.34714,0.35189,0.25371,0.52701,0.43447,0.46231,0.39347,0.27211,0.27904,0.14244,0.26191,0.28593,0.1978,0.53633,0.59004,0.51654,0.49601,0.3036,0.27909,0.60824,0.67129,0.5663,0.60811,0.58025,0.57271,0.54084,0.57367,0.45881,0.42904,0.38022,0.49983,0.55498,0.54141,0.6495,0.80001,0.50196,0.62409,0.4765,0.55375,0.75178,0.64411,0.79469,0.68305,0.35201,0.26172,0.52733,0.3752,0.65689,0.59725,0.61842,0.54532,0.62418,0.49867,0.6676,0.64445,0.28103,0.34368,0.26787,0.38261,0.60872,0.59046,0.59676,0.55551,0.59365,0.16196
0.39543,0.40567,0.58686,0.47475,0.17993,0.23935,0.42983,0.38118,0.077488,0.15734,0.32088,0.36592,0.4484,0.40916,0.56796,0.44269,0.28029,0.30095,0.45362,0.37804,0.50604,0.45126,0.64916,0.60507,1,0.8399,0.80836,0.8489,0.35359,0.31721,0.68085,0.51201,0.4086,0.40382,0.5715,0.4345,0.44675,0.47734,0.19454,0.20095,0.36388,0.31971,0.50283,0.41172,0.26149,0.20003,0.36682,0.3048,0.3325,0.26008,0.28253,0.30855,0.17533,0.17676,0.31849,0.24719,0.35565,0.36504,0.26725,0.23371,0.089656,0.016175,0.14543,0.0060135,0.47053,0.33823,0.37742,0.34972,0.27102,0.19591,0.56355,0.57673,0.45628,0.45693,0.48384,0.47397,0.53835,0.4833,0.28852,0.26825,0.18247,0.24756,0.33798,0.19783,0.52395,0.48018,0.27884,0.31866,0.22575,0.3291,0.45489,0.50455,0.5338,0.59982,0.089004,0.080106,0.30341,0.22137,0.4227,0.42256,0.38275,0.50365,0.43335,0.41722,0.33506,0.54661,0.27056,0.20608,0.086628,0.20828,0.40015,0.39019,0.46162,0.50379,0.46318,0.073195
0.40168,0.4143,0.63229,0.52954,0.18399,0.19896,0.43697,0.39067,0.11876,0.125,0.27084,0.40442,0.45017,0.44089,0.54269,0.55385,0.28871,0.34107,0.44205,0.41598,0.61928,0.5874,0.76116,0.78219,0.8399,1,0.66459,0.76604,0.33887,0.3261,0.73035,0.62752,0.42388,0.45092,0.67319,0.57377,0.51544,0.57393,0.36443,0.37122,0.43071,0.38967,0.60066,0.49289,0.36344,0.27832,0.42469,0.39014,0.38842,0.26393,0.27416,0.32988,0.20997,0.17266,0.46092,0.37102,0.37658,0.38028,0.20926,0.22363,0.022262,0.028633,0.11085,-0.012672,0.47122,0.44185,0.43898,0.42644,0.26425,0.22525,0.53903,0.5542,0.42903,0.44512,0.47307,0.46549,0.48887,0.48162,0.32827,0.31345,0.21272,0.35244,0.43208,0.35706,0.57413,0.69021,0.41526,0.55084,0.33681,0.42175,0.52381,0.50205,0.60089,0.5789,0.2431,0.18846,0.45406,0.3234,0.53844,0.48044,0.45704,0.45586,0.51861,0.41754,0.56576,0.64989,0.2758,0.32921,0.18295,0.28254,0.49201,0.45383,0.47219,0.49024,0.56305,0.1044
0.34718,0.3629,0.46559,0.41209,0.098038,0.081315,0.36712,0.34063,0.18241,0.14218,0.29679,0.28901,0.37202,0.33219,0.46266,0.2732,0.2183,0.25625,0.37272,0.34278,0.36715,0.22625,0.51537,0.48445,0.80836,0.66459,1,0.8748,0.32183,0.2549,0.68989,0.54614,0.34924,0.38896,0.45765,0.33444,0.317,0.33712,-0.027717,-0.026459,0.23225,0.17746,0.4184,0.29865,0.16679,0.097799,0.33299,0.22847,0.26522,0.15409,0.25337,0.16081,0.15381,0.099446,0.20041,0.067376,0.26842,0.31969,0.23133,0.19955,0.092819,0.063793,0.16699,0.094173,0.38741,0.26162,0.26102,0.24454,0.27613,0.17851,0.55991,0.54294,0.47895,0.39071,0.48782,0.43035,0.52643,0.50242,0.21453,0.19115,0.10612,0.1491,0.17347,0.12578,0.42189,0.33575,0.0021792,0.079594,0.18058,0.20532,0.43014,0.43348,0.47286,0.5293,-0.018988,-0.002927,0.15455,0.10802,0.30084,0.28919,0.30759,0.42956,0.3982,0.36513,0.091313,0.42041,0.276,0.20695,-0.017785,0.14218,0.30032,0.2655,0.3652,0.40746,0.33453,0.016738
0.42656,0.45587,0.55397,0.57352,0.14591,0.32445,0.45565,0.4729,0.17349,0.29716,0.37104,0.40396,0.46178,0.43485,0.62802,0.48743,0.29054,0.29798,0.50586,0.44569,0.4553,0.38309,0.66578,0.67262,0.8489,0.76604,0.8748,1,0.37097,0.33256,0.68359,0.56641,0.43924,0.45962,0.55136,0.41246,0.45446,0.48765,0.15688,0.16212,0.36872,0.28017,0.50236,0.38496,0.21743,0.15371,0.355,0.27669,0.3033,0.22247,0.30029,0.25683,0.19335,0.15625,0.30331,0.20268,0.37564,0.38767,0.25959,0.2414,0.14287,0.14491,0.22171,0.12036,0.49918,0.40931,0.35655,0.34523,0.27324,0.21126,0.56214,0.57198,0.49882,0.44856,0.52446,0.44814,0.55244,0.52944,0.30073,0.24774,0.20496,0.264,0.35174,0.23037,0.56827,0.53297,0.24501,0.27874,0.26869,0.37017,0.52669,0.52541,0.57105,0.58432,0.072097,0.075981,0.26514,0.19041,0.41644,0.40593,0.39258,0.46896,0.4536,0.39219,0.27255,0.49903,0.26132,0.20751,0.065207,0.21707,0.4014,0.40022,0.43661,0.51063,0.4374,0.089961
0.72303,0.70093,0.73465,0.63027,0.63273,0.50854,0.81755,0.76863,0.67246,0.65334,0.88299,0.85517,0.82117,0.87018,0.6964,0.76809,0.83345,0.84921,0.70614,0.70461,0.5707,0.47133,0.63168,0.51857,0.35359,0.33887,0.32183,0.37097,1,0.94673,0.65196,0.65016,0.64336,0.74677,0.184,0.18385,0.54085,0.58572,0.42151,0.50772,0.72477,0.66253,0.41411,0.389,0.35372,0.32473,0.41042,0.39717,0.38161,0.31574,0.33366,0.24015,0.37911,0.24597,0.44916,0.43593,0.61064,0.45738,0.44114,0.28335,0.39281,0.2278,0.64025,0.50829,0.20741,0.12459,0.30752,0.33121,0.442,0.31911,0.72278,0.69299,0.8328,0.76934,0.71737,0.69941,0.49747,0.50287,0.72909,0.74262,0.6774,0.70069,0.6416,0.74724,0.37483,0.32531,0.4013,0.42736,0.54298,0.4985,0.48843,0.44945,0.59697,0.64921,0.41944,0.35997,0.48045,0.40209,0.45462,0.48987,0.67911,0.70731,0.52647,0.62608,0.37933,0.36962,0.17934,0.3478,0.24505,0.48365,0.46143,0.43581,0.54837,0.52812,0.29535,0.24614
0.69427,0.69217,0.7369,0.65008,0.68757,0.52723,0.82656,0.79435,0.6795,0.6811,0.86265,0.88452,0.78643,0.89187,0.64431,0.78864,0.81811,0.86369,0.68886,0.69803,0.53569,0.45525,0.63163,0.53574,0.31721,0.3261,0.2549,0.33256,0.94673,1,0.63744,0.6596,0.62034,0.74995,0.12616,0.14661,0.47023,0.54585,0.38233,0.47752,0.69776,0.62484,0.39409,0.38351,0.32868,0.31176,0.41771,0.39441,0.39571,0.32615,0.35321,0.24782,0.43163,0.27856,0.45709,0.4499,0.56331,0.43156,0.42017,0.27698,0.38082,0.25233,0.60191,0.537,0.15096,0.12561,0.28919,0.31762,0.40048,0.29463,0.71712,0.71269,0.80177,0.77972,0.71835,0.70324,0.43199,0.45501,0.70417,0.7514,0.64812,0.7069,0.58905,0.74699,0.32038,0.32944,0.39947,0.45814,0.51625,0.49669,0.51359,0.44036,0.6169,0.62228,0.36535,0.29068,0.43693,0.3661,0.50298,0.50325,0.70969,0.72174,0.54504,0.62951,0.39559,0.35321,0.13739,0.32939,0.18189,0.41619,0.42324,0.42662,0.55574,0.50689,0.2453,0.20675
0.48058,0.49173,0.76925,0.67012,0.45305,0.22684,0.70394,0.61726,0.50028,0.35979,0.53658,0.59951,0.55568,0.64481,0.5135,0.58228,0.45186,0.54041,0.53333,0.55367,0.55717,0.48452,0.7898,0.74855,0.68085,0.73035,0.68989,0.68359,0.65196,0.63744,1,0.93843,0.53404,0.70051,0.4657,0.43952,0.43519,0.52861,0.19077,0.23936,0.45255,0.4583,0.48836,0.3555,0.22782,0.20889,0.39886,0.30282,0.31644,0.1742,0.27471,0.17707,0.24896,0.14242,0.35505,0.21963,0.32125,0.30614,0.21287,0.18075,0.090359,0.1446,0.27927,0.22435,0.40958,0.33275,0.36729,0.35139,0.28811,0.17974,0.7787,0.80372,0.71023,0.68886,0.70346,0.70036,0.60611,0.61825,0.42319,0.41435,0.27178,0.37806,0.34096,0.457,0.39068,0.46122,0.15194,0.31781,0.33858,0.32906,0.60884,0.50201,0.70731,0.68422,0.19526,0.16911,0.36077,0.24703,0.48698,0.43217,0.60165,0.63875,0.60664,0.57009,0.38127,0.53741,0.30731,0.37513,0.042799,0.29371,0.44318,0.38414,0.55699,0.4737,0.42168,0.045872
0.46143,0.48555,0.71975,0.70913,0.50606,0.2721,0.71532,0.65885,0.54187,0.41156,0.51951,0.61318,0.49771,0.64599,0.45097,0.59847,0.45243,0.53999,0.52127,0.57286,0.47895,0.42449,0.75997,0.76655,0.51201,0.62752,0.54614,0.56641,0.65016,0.6596,0.93843,1,0.52876,0.74568,0.40543,0.41764,0.36939,0.48368,0.16842,0.23089,0.4062,0.42791,0.46026,0.32658,0.22293,0.21746,0.40322,0.29538,0.30738,0.15832,0.27317,0.15062,0.27189,0.15087,0.36078,0.22189,0.29457,0.26476,0.19031,0.17794,0.064141,0.21612,0.289,0.30756,0.3353,0.36384,0.36662,0.36656,0.25122,0.16808,0.73624,0.77874,0.67819,0.66143,0.65557,0.67035,0.54359,0.59318,0.41652,0.40331,0.28636,0.38562,0.32296,0.4911,0.32476,0.47145,0.13251,0.31805,0.32934,0.30751,0.62652,0.46104,0.70367,0.61452,0.20899,0.17984,0.33756,0.22401,0.48536,0.4086,0.60382,0.56994,0.60196,0.52624,0.3999,0.47354,0.28516,0.34749,0.049327,0.28202,0.40861,0.35387,0.51293,0.39618,0.36002,0.034156
0.74526,0.8051,0.71356,0.67113,0.66274,0.57922,0.70509,0.67662,0.54972,0.54825,0.6082,0.6124,0.63208,0.63711,0.62314,0.63455,0.73745,0.69051,0.72126,0.80232,0.50681,0.4795,0.57145,0.5475,0.4086,0.42388,0.34924,0.43924,0.64336,0.62034,0.53404,0.52876,1,0.88679,0.54029,0.56119,0.64626,0.62897,0.55942,0.54856,0.64709,0.55158,0.6818,0.70594,0.6748,0.70219,0.69263,0.67522,0.6309,0.6743,0.58511,0.60159,0.4747,0.4801,0.6186,0.6278,0.79856,0.77,0.71076,0.66988,0.4985,0.45997,0.65673,0.62224,0.45838,0.46807,0.7736,0.77775,0.72522,0.72216,0.48709,0.49054,0.6425,0.59443,0.57891,0.49962,0.56375,0.50804,0.76316,0.6671,0.71642,0.76006,0.55733,0.56076,0.53331,0.54933,0.4729,0.41543,0.67781,0.71031,0.54896,0.57671,0.54772,0.5456,0.43835,0.32261,0.67939,0.60474,0.60859,0.67726,0.5734,0.54403,0.52087,0.55717,0.4895,0.45598,0.23548,0.36747,0.29288,0.48582,0.66547,0.64603,0.57731,0.51404,0.32171,0.19627
0.72094,0.78753,0.79006,0.805,0.69768,0.58183,0.82095,0.81339,0.64722,0.62552,0.68751,0.74305,0.65025,0.75328,0.59197,0.68537,0.75092,0.74718,0.74234,0.82694,0.47235,0.43223,0.66202,0.66508,0.40382,0.45092,0.38896,0.45962,0.74677,0.74995,0.70051,0.74568,0.88679,1,0.4632,0.51378,0.56702,0.5918,0.42923,0.46059,0.60422,0.529,0.64696,0.61822,0.55498,0.56939,0.62987,0.57763,0.55231,0.54698,0.55268,0.48081,0.5155,0.40911,0.55724,0.51818,0.6713,0.62472,0.57514,0.54581,0.4376,0.50157,0.63777,0.64178,0.43786,0.48166,0.6535,0.67847,0.56692,0.54567,0.62874,0.64843,0.72077,0.69194,0.66554,0.61615,0.58791,0.58687,0.71097,0.65736,0.64803,0.70429,0.49547,0.598,0.45066,0.50299,0.34124,0.35871,0.61395,0.62306,0.62841,0.56489,0.66369,0.59551,0.41472,0.29721,0.60425,0.50458,0.60451,0.62015,0.66674,0.60493,0.59393,0.58069,0.48431,0.4374,0.21428,0.37713,0.24123,0.48548,0.64234,0.59152,0.6047,0.4955,0.32542,0.20012
0.43349,0.38991,0.52145,0.53055,0.22599,0.28552,0.38158,0.34718,0.16867,0.1401,0.18107,0.23167,0.36339,0.2822,0.49515,0.40261,0.22514,0.20124,0.40482,0.41195,0.46587,0.45146,0.61357,0.63893,0.5715,0.67319,0.45765,0.55136,0.184,0.12616,0.4657,0.40543,0.54029,0.4632,1,0.88484,0.61848,0.58429,0.4798,0.38465,0.38136,0.37016,0.68418,0.54813,0.50516,0.52802,0.49044,0.4106,0.406,0.42108,0.30728,0.42927,0.16469,0.19514,0.45626,0.36411,0.37224,0.37335,0.35129,0.45707,0.18416,0.30512,0.22322,0.085634,0.76593,0.72985,0.76161,0.72067,0.32466,0.41632,0.25385,0.2702,0.29385,0.28473,0.29595,0.29134,0.5223,0.51989,0.31142,0.23695,0.29372,0.34024,0.47369,0.31187,0.72688,0.72304,0.4802,0.46846,0.50262,0.55371,0.56763,0.60253,0.5431,0.53678,0.35672,0.2426,0.57007,0.35649,0.52135,0.50019,0.37011,0.34335,0.42264,0.32564,0.59972,0.61534,0.32728,0.29393,0.37862,0.36483,0.63124,0.56951,0.48621,0.48637,0.60216,0.22963
0.39721,0.34809,0.4888,0.5557,0.28525,0.27154,0.38535,0.36887,0.23056,0.17684,0.16029,0.23763,0.30709,0.29379,0.33494,0.35111,0.21309,0.19902,0.3645,0.39815,0.43287,0.45687,0.49292,0.5692,0.4345,0.57377,0.33444,0.41246,0.18385,0.14661,0.43952,0.41764,0.56119,0.51378,0.88484,1,0.58688,0.56244,0.46189,0.39626,0.35303,0.35879,0.64574,0.51861,0.46576,0.56836,0.46428,0.36944,0.35302,0.43479,0.2887,0.41765,0.1575,0.14617,0.4071,0.33005,0.3285,0.31267,0.3441,0.47074,0.17021,0.40867,0.18974,0.11993,0.67356,0.78482,0.7807,0.80085,0.32336,0.404,0.23114,0.26951,0.28602,0.30023,0.27092,0.30991,0.52898,0.55105,0.29962,0.1999,0.28047,0.30637,0.34949,0.31379,0.54879,0.63801,0.36254,0.39235,0.46496,0.54693,0.54844,0.55808,0.55144,0.45797,0.34063,0.20757,0.54038,0.32181,0.47855,0.45129,0.41701,0.31815,0.44627,0.31652,0.59757,0.55995,0.35865,0.34105,0.34317,0.33495,0.61352,0.54473,0.5075,0.41951,0.53816,0.18137
0.63513,0.61768,0.63764,0.58527,0.28676,0.48689,0.55606,0.53323,0.33265,0.41132,0.53204,0.52359,0.64309,0.56506,0.70121,0.62616,0.57699,0.51179,0.61975,0.57655,0.67106,0.59456,0.62747,0.57895,0.44675,0.51544,0.317,0.45446,0.54085,0.47023,0.43519,0.36939,0.64626,0.56702,0.61848,0.58688,1,0.86813,0.82895,0.72884,0.75077,0.70206,0.64691,0.59122,0.50957,0.48084,0.4997,0.51079,0.43364,0.47217,0.3685,0.45515,0.31347,0.29531,0.61554,0.6096,0.62735,0.51016,0.46778,0.4259,0.39019,0.2656,0.46991,0.23997,0.4609,0.42031,0.5635,0.58987,0.46957,0.4551,0.45878,0.40544,0.56162,0.53665,0.51504,0.47901,0.64439,0.62351,0.60818,0.55068,0.61945,0.6027,0.72594,0.55507,0.70484,0.6227,0.6769,0.56662,0.71838,0.7445,0.55571,0.66476,0.57867,0.65593,0.57963,0.49274,0.75953,0.64094,0.58503,0.62679,0.55878,0.5231,0.53207,0.55815,0.65837,0.58014,0.3458,0.47202,0.581,0.63782,0.76493,0.71477,0.58625,0.69484,0.62063,0.5046
0.61582,0.62554,0.68072,0.66366,0.32165,0.48572,0.59849,0.59662,0.34045,0.42542,0.54679,0.59086,0.64264,0.63354,0.67327,0.6608,0.55167,0.5296,0.6254,0.60115,0.71306,0.66353,0.67754,0.6625,0.47734,0.57393,0.33712,0.48765,0.58572,0.54585,0.52861,0.48368,0.62897,0.5918,0.58429,0.56244,0.86813,1,0.76924,0.78914,0.76173,0.79635,0.6107,0.53757,0.4473,0.42328,0.48546,0.46544,0.41222,0.44179,0.38754,0.42588,0.33534,0.3055,0.58798,0.59737,0.58854,0.50361,0.42314,0.39749,0.30742,0.26327,0.36364,0.23154,0.43629,0.44948,0.53863,0.57038,0.44687,0.42333,0.55797,0.54752,0.62758,0.63245,0.59526,0.55194,0.59647,0.61373,0.57364,0.52165,0.5849,0.61434,0.6729,0.56219,0.65086,0.6573,0.61037,0.57111,0.64982,0.73307,0.61519,0.67388,0.65825,0.67394,0.56421,0.48425,0.71782,0.60965,0.61044,0.63087,0.60906,0.56035,0.57128,0.56776,0.64757,0.59909,0.31791,0.43299,0.46967,0.58512,0.71675,0.67558,0.61591,0.68905,0.60066,0.34779
0.53837,0.57526,0.47842,0.4097,0.21983,0.40822,0.37817,0.36504,0.20901,0.29156,0.38027,0.40853,0.49878,0.42741,0.55392,0.56755,0.53521,0.47661,0.50077,0.50821,0.60224,0.60241,0.49609,0.4679,0.19454,0.36443,-0.027717,0.15688,0.42151,0.38233,0.19077,0.16842,0.55942,0.42923,0.4798,0.46189,0.82895,0.76924,1,0.8739,0.67917,0.69165,0.5403,0.58178,0.5729,0.5405,0.49263,0.58652,0.46351,0.53895,0.36973,0.53018,0.33841,0.369,0.69525,0.73993,0.64404,0.55019,0.45684,0.43539,0.31255,0.20456,0.3863,0.21229,0.28945,0.32223,0.52032,0.55555,0.51099,0.52509,0.21098,0.16837,0.34644,0.35828,0.30873,0.26326,0.33756,0.31494,0.59679,0.55377,0.66307,0.67511,0.74724,0.60924,0.60386,0.61237,0.78383,0.68683,0.68783,0.73817,0.36811,0.48024,0.36495,0.43709,0.69108,0.58932,0.79228,0.71427,0.52407,0.5846,0.41602,0.34664,0.35794,0.39506,0.67646,0.46553,0.21926,0.3976,0.63107,0.62384,0.66797,0.62789,0.41324,0.53962,0.4885,0.47652
0.5303,0.5895,0.51941,0.48873,0.3038,0.47562,0.44077,0.47894,0.25043,0.38649,0.4215,0.48284,0.51917,0.50514,0.55747,0.61633,0.53904,0.51047,0.52856,0.53925,0.66842,0.68563,0.48868,0.47964,0.20095,0.37122,-0.026459,0.16212,0.50772,0.47752,0.23936,0.23089,0.54856,0.46059,0.38465,0.39626,0.72884,0.78914,0.8739,1,0.73495,0.76658,0.49966,0.53759,0.50845,0.49514,0.45971,0.52946,0.43065,0.51241,0.40367,0.50853,0.36128,0.33988,0.62811,0.70642,0.63157,0.55248,0.44825,0.42659,0.31816,0.25463,0.37347,0.26896,0.26691,0.31961,0.48314,0.54267,0.45709,0.46934,0.26705,0.24883,0.42608,0.44067,0.38132,0.31329,0.26668,0.25708,0.59183,0.53762,0.65881,0.67939,0.67919,0.62496,0.53591,0.54875,0.68826,0.63528,0.61252,0.69261,0.34956,0.4165,0.37785,0.40806,0.66116,0.57874,0.74373,0.67636,0.49664,0.54509,0.44769,0.36943,0.37302,0.38297,0.62809,0.42255,0.1473,0.39778,0.50788,0.5828,0.63275,0.56953,0.41727,0.49397,0.40306,0.3409
0.65122,0.65172,0.67322,0.58112,0.48094,0.58446,0.6473,0.65434,0.45548,0.56712,0.66537,0.6677,0.715,0.69861,0.71758,0.72157,0.71767,0.68244,0.61743,0.5979,0.65948,0.57706,0.59029,0.5213,0.36388,0.43071,0.23225,0.36872,0.72477,0.69776,0.45255,0.4062,0.64709,0.60422,0.38136,0.35303,0.75077,0.76173,0.67917,0.73495,1,0.7976,0.50522,0.50869,0.45474,0.45749,0.45953,0.47835,0.4289,0.4508,0.4305,0.43315,0.40849,0.36413,0.57642,0.61015,0.66894,0.53529,0.4685,0.36085,0.39791,0.21092,0.54747,0.39264,0.30131,0.24471,0.44576,0.47671,0.42334,0.40068,0.52828,0.49796,0.71682,0.67449,0.61726,0.54976,0.46154,0.46608,0.69296,0.68152,0.6894,0.72091,0.69902,0.64466,0.55615,0.49629,0.63518,0.56487,0.61802,0.65713,0.47167,0.53217,0.53181,0.60056,0.45123,0.35987,0.60307,0.54478,0.53859,0.59938,0.5967,0.58001,0.48702,0.53719,0.53851,0.45838,0.15811,0.37951,0.33459,0.49116,0.58832,0.60599,0.55385,0.60288,0.39004,0.30164
0.57508,0.56405,0.59758,0.52413,0.37103,0.42366,0.56104,0.54269,0.38527,0.44951,0.57269,0.56565,0.62766,0.63068,0.61699,0.66652,0.57961,0.59271,0.51862,0.53609,0.68281,0.65841,0.56259,0.499,0.31971,0.38967,0.17746,0.28017,0.66253,0.62484,0.4583,0.42791,0.55158,0.529,0.37016,0.35879,0.70206,0.79635,0.69165,0.76658,0.7976,1,0.40656,0.38823,0.36689,0.37025,0.38072,0.36632,0.33226,0.3607,0.29256,0.31358,0.27212,0.22612,0.49779,0.51371,0.5662,0.43487,0.37142,0.32655,0.29475,0.20315,0.4034,0.29449,0.26899,0.264,0.37894,0.42412,0.40191,0.36373,0.5114,0.47155,0.66539,0.67996,0.58305,0.55388,0.43183,0.46029,0.61265,0.56808,0.61985,0.6244,0.65926,0.66143,0.50657,0.4746,0.55948,0.54098,0.57216,0.6158,0.44846,0.49172,0.54184,0.5969,0.54003,0.46974,0.62051,0.52382,0.47515,0.52436,0.58342,0.56699,0.47774,0.5258,0.54829,0.48317,0.26535,0.42456,0.42024,0.5443,0.54513,0.53181,0.53277,0.58833,0.43061,0.34064
0.62186,0.65837,0.65439,0.62255,0.40751,0.39776,0.54968,0.54644,0.34985,0.30717,0.40021,0.50686,0.53564,0.50324,0.56582,0.51664,0.52271,0.5223,0.62849,0.63625,0.46884,0.46255,0.6522,0.65122,0.50283,0.60066,0.4184,0.50236,0.41411,0.39409,0.48836,0.46026,0.6818,0.64696,0.68418,0.64574,0.64691,0.6107,0.5403,0.49966,0.50522,0.40656,1,0.88031,0.73373,0.62521,0.81812,0.73776,0.71131,0.61322,0.62774,0.63066,0.52624,0.4216,0.66756,0.58425,0.61282,0.59433,0.49338,0.51401,0.28016,0.33198,0.43435,0.27995,0.5473,0.51384,0.72009,0.70261,0.53063,0.5386,0.39998,0.40983,0.4147,0.42362,0.41951,0.39243,0.51193,0.49837,0.56621,0.50756,0.56369,0.59688,0.53918,0.43928,0.68071,0.66629,0.50193,0.50074,0.60328,0.61483,0.6253,0.63952,0.57142,0.56095,0.38653,0.27141,0.70332,0.5282,0.72321,0.68055,0.48939,0.4351,0.48498,0.43264,0.59039,0.57942,0.29524,0.37666,0.31507,0.41861,0.74504,0.73369,0.59107,0.53874,0.53601,0.21872
