1,0.84577,0.46753,0.40811,0.41752,0.40398,0.44453,0.34024,0.49218,0.41599,0.55243,0.67208,0.61726,0.63258,0.47154,0.52442,0.66027,0.69522,0.73879,0.76253,0.2192,0.186,0.083387,0.029895,-0.061188,-0.1533,0.22393,0.088656,0.59066,0.60806,-0.17037,-0.15567,0.61457,0.50055,0.22328,0.065022,0.36871,0.35393,0.39192,0.48303,0.50954,0.3422,0.51458,0.5886,0.44119,0.57271,0.57742,0.61629,0.67578,0.68059,0.60891,0.56714,0.56467,0.46314,0.65176,0.67163,0.87755,0.77814,0.7538,0.644,0.7755,0.46003,0.7455,0.7249,0.21694,0.072048,0.32371,0.36381,0.71208,0.62707,-0.068664,-0.092128,0.24398,0.24932,0.04355,0.075899,0.23525,0.09622,0.58658,0.61049,0.65651,0.69652,0.47874,0.64766,0.58965,0.5419,0.57791,0.59547,0.63196,0.64804,0.25338,0.17298,0.21867,0.35186,0.43851,0.4434,0.49353,0.62784,0.49726,0.59167,0.14096,0.40912,0.31818,0.32894,0.090177,0.20413,0.3692,0.261,0.24041,0.42047,0.33847,0.36328,0.15136,0.3525,0.02028,0.51759
0.84577,1,0.37712,0.42022,0.43445,0.41635,0.34146,0.3853,0.42046,0.41092,0.43385,0.65316,0.55981,0.60892,0.44935,0.51778,0.69228,0.80569,0.64182,0.74793,0.22513,0.28409,0.14463,0.085636,0.06311,-0.048436,0.25577,0.18335,0.5943,0.65581,-0.035439,-0.0054646,0.688,0.58123,0.30961,0.15422,0.4128,0.41223,0.31469,0.48421,0.40415,0.3336,0.61037,0.69897,0.52975,0.67092,0.65978,0.71454,0.76335,0.74018,0.6968,0.64992,0.67315,0.54711,0.70311,0.74753,0.90215,0.9456,0.78908,0.663,0.71055,0.42278,0.80666,0.82918,0.20716,0.027917,0.44251,0.46841,0.80122,0.79056,0.0051956,0.03292,0.25947,0.34298,0.067895,0.21136,0.36378,0.24108,0.64277,0.68987,0.70659,0.78383,0.4456,0.65836,0.63523,0.59244,0.56383,0.55681,0.56076,0.6537,0.32632,0.19309,0.22944,0.36969,0.42644,0.51603,0.61137,0.74055,0.59015,0.68029,0.18091,0.4337,0.44898,0.3621,0.15473,0.24064,0.41008,0.37047,0.31721,0.49144,0.42239,0.44923,0.22575,0.49241,0.084436,0.495
0.46753,0.37712,1,0.8466,0.61528,0.68903,0.84783,0.70148,0.66449,0.60596,0.52885,0.4192,0.42132,0.43206,0.53402,0.50058,0.20264,0.21788,0.63082,0.44354,0.5436,0.49766,0.71182,0.65792,0.29595,0.31923,0.48517,0.45331,0.32951,0.28912,0.42148,0.42433,0.56531,0.58006,0.54259,0.28426,0.24498,0.34551,0.39078,0.31872,0.26523,0.11451,0.43685,0.39316,0.47283,0.44581,0.32488,0.39718,0.41512,0.47188,0.49476,0.47709,0.41141,0.31503,0.44487,0.39242,0.3357,0.31788,0.4828,0.551,0.44184,0.53065,0.23189,0.31781,0.77321,0.65525,0.64111,0.57158,0.31611,0.41263,0.39518,0.34199,0.4911,0.34965,0.41043,0.17867,0.27885,0.32301,0.12955,0.11917,0.15328,0.26446,0.30869,0.23885,0.48761,0.60901,0.26435,0.33662,0.58507,0.65302,0.67516,0.65144,0.57156,0.71045,0.27858,0.24255,0.3375,0.46121,0.4597,0.50096,0.5285,0.59007,0.40429,0.40766,0.17108,0.23027,0.28565,0.32701,-0.023187,0.26233,0.33487,0.3542,0.13903,0.27401,0.26487,0.36815
0.40811,0.42022,0.8466,1,0.55035,0.76424,0.73118,0.73512,0.63456,0.64266,0.52477,0.44295,0.35062,0.41389,0.43936,0.4959,0.27096,0.26006,0.63279,0.50143,0.37721,0.47366,0.63027,0.6197,0.15726,0.20394,0.36827,0.39412,0.39544,0.37799,0.3223,0.40532,0.52976,0.58358,0.44926,0.26188,0.10456,0.2272,0.23327,0.21178,0.10242,-0.015496,0.35763,0.37432,0.4353,0.46105,0.29326,0.36689,0.40127,0.45039,0.43973,0.44674,0.44441,0.29099,0.43246,0.39326,0.31827,0.36309,0.47997,0.52569,0.38904,0.55102,0.29279,0.39093,0.69083,0.64768,0.60337,0.57926,0.35787,0.46601,0.28703,0.23733,0.45217,0.34283,0.3312,0.14288,0.21964,0.27815,0.18269,0.13438,0.18396,0.31034,0.2375,0.25153,0.4159,0.6759,0.24044,0.33753,0.47088,0.63553,0.60848,0.49191,0.4828,0.54995,0.22281,0.24517,0.26598,0.4126,0.39439,0.40845,0.46027,0.49487,0.38238,0.33604,0.11122,0.20216,0.25049,0.37374,-0.07329,0.19388,0.2405,0.26996,0.035199,0.24486,0.22273,0.44759
0.41752,0.43445,0.61528,0.55035,1,0.55184,0.61943,0.58,0.71435,0.61843,0.47338,0.5406,0.4513,0.5328,0.69569,0.65061,0.38454,0.36992,0.36799,0.39108,0.50124,0.39417,0.59963,0.56551,0.45574,0.38602,0.57686,0.38852,0.57197,0.48455,0.42654,0.40885,0.63687,0.62569,0.50175,0.43276,0.48142,0.51784,0.56081,0.56623,0.31324,0.35919,0.53023,0.47818,0.55201,0.52238,0.4136,0.49157,0.54185,0.42777,0.55536,0.36371,0.37472,0.31185,0.54003,0.53043,0.41443,0.41296,0.48181,0.41356,0.53053,0.45671,0.46143,0.43729,0.65847,0.42447,0.53106,0.51547,0.33415,0.50976,0.37365,0.29774,0.56133,0.49695,0.40354,0.3048,0.50264,0.44732,0.36369,0.38157,0.38536,0.43367,0.52466,0.43801,0.62672,0.56949,0.47274,0.46023,0.62081,0.63152,0.48039,0.50656,0.50211,0.57838,0.56902,0.50239,0.63413,0.58046,0.48455,0.58625,0.40264,0.62517,0.46203,0.48485,0.43022,0.39309,0.40607,0.43454,0.36948,0.50956,0.55047,0.49262,0.37376,0.44983,0.32579,0.24786
0.40398,0.41635,0.68903,0.76424,0.55184,1,0.60888,0.66107,0.62013,0.73895,0.43539,0.43144,0.36173,0.42861,0.494,0.58166,0.31481,0.30573,0.49371,0.47643,0.41138,0.62035,0.57786,0.59057,0.13094,0.19692,0.29683,0.42695,0.42276,0.4325,0.21705,0.3212,0.59204,0.62336,0.50525,0.34479,0.20384,0.27883,0.28604,0.32101,0.19182,0.13904,0.37834,0.35929,0.47874,0.47555,0.29605,0.39908,0.4496,0.48604,0.50142,0.48607,0.46154,0.34643,0.46886,0.48289,0.37418,0.39345,0.53075,0.56719,0.45215,0.58904,0.3888,0.45143,0.60563,0.53307,0.62794,0.58825,0.34653,0.50407,0.18777,0.16916,0.43063,0.32753,0.30243,0.14622,0.28342,0.32913,0.24855,0.21375,0.24789,0.31507,0.3018,0.363,0.4124,0.56933,0.34923,0.53579,0.50158,0.65331,0.65065,0.53932,0.54491,0.58714,0.38363,0.29251,0.36047,0.45101,0.45185,0.47986,0.5263,0.51584,0.47703,0.46804,0.16663,0.20604,0.30916,0.49381,-0.0041492,0.29724,0.31976,0.3126,0.10357,0.29621,0.27475,0.44722
0.44453,0.34146,0.84783,0.73118,0.61943,0.60888,1,0.82326,0.71611,0.67014,0.60996,0.54037,0.50159,0.55414,0.62989,0.56334,0.26802,0.22193,0.50272,0.36712,0.53535,0.44813,0.67603,0.64396,0.35332,0.40265,0.37309,0.38783,0.43656,0.33772,0.45985,0.45349,0.61912,0.65111,0.58997,0.37406,0.31392,0.44538,0.43509,0.40821,0.31237,0.22358,0.51791,0.43816,0.51585,0.48733,0.39768,0.45742,0.42209,0.42806,0.48864,0.46952,0.30977,0.29375,0.45544,0.41966,0.32483,0.29084,0.47986,0.5358,0.52479,0.65537,0.25762,0.35807,0.70299,0.66161,0.64698,0.63382,0.26554,0.40093,0.46947,0.4192,0.52827,0.41708,0.47757,0.28566,0.42997,0.43095,0.20577,0.1853,0.17749,0.25613,0.3534,0.28544,0.46594,0.54776,0.25989,0.29988,0.5611,0.60687,0.67195,0.66885,0.56687,0.6802,0.37532,0.30741,0.46642,0.49794,0.57895,0.58079,0.60206,0.68411,0.51529,0.55833,0.31059,0.27887,0.33468,0.44217,0.13648,0.38318,0.46107,0.37556,0.23333,0.30143,0.37663,0.36064
0.34024,0.3853,0.70148,0.73512,0.58,0.66107,0.82326,1,0.66827,0.77579,0.45012,0.58639,0.35522,0.55376,0.53665,0.57892,0.26665,0.23644,0.3339,0.27308,0.47272,0.48896,0.65421,0.68119,0.41719,0.49347,0.30019,0.37718,0.40953,0.36232,0.47783,0.52495,0.63905,0.70525,0.64185,0.50797,0.34557,0.48088,0.39573,0.43155,0.14542,0.21838,0.56818,0.50049,0.57201,0.57414,0.41664,0.49231,0.43705,0.44244,0.50659,0.45498,0.35377,0.21703,0.46405,0.43119,0.31167,0.31295,0.46726,0.57402,0.4639,0.79003,0.24708,0.34899,0.68017,0.76248,0.67219,0.72978,0.25726,0.41787,0.43665,0.43587,0.47069,0.4174,0.40456,0.29131,0.51873,0.53851,0.24974,0.23,0.20437,0.28953,0.32096,0.30956,0.48616,0.60138,0.28429,0.33401,0.53369,0.65763,0.6936,0.58846,0.64571,0.65527,0.38242,0.32577,0.53159,0.53828,0.58313,0.56872,0.68977,0.69593,0.61973,0.56467,0.3887,0.34174,0.37287,0.4978,0.24167,0.4659,0.54616,0.45948,0.32167,0.40493,0.44362,0.34114
0.49218,0.42046,0.66449,0.63456,0.71435,0.62013,0.71611,0.66827,1,0.77754,0.65072,0.61702,0.61874,0.61437,0.73635,0.71339,0.40428,0.36337,0.40445,0.34627,0.38919,0.31948,0.53043,0.47671,0.18779,0.18549,0.28328,0.1803,0.56219,0.45258,0.20924,0.20271,0.53351,0.54182,0.3388,0.23845,0.25927,0.33079,0.36438,0.39461,0.24697,0.15367,0.43043,0.39777,0.39236,0.47587,0.41009,0.46213,0.44392,0.49616,0.50926,0.43565,0.45425,0.33502,0.5012,0.52223,0.42071,0.40215,0.48244,0.56647,0.60675,0.71174,0.4178,0.48278,0.65326,0.54966,0.38506,0.41783,0.26204,0.41381,0.20568,0.12275,0.41431,0.28404,0.30982,0.082687,0.2719,0.20403,0.35943,0.29125,0.36428,0.41764,0.49032,0.43515,0.60781,0.62456,0.42093,0.42775,0.66547,0.71838,0.53414,0.45457,0.46008,0.50892,0.48884,0.44569,0.39916,0.45208,0.49627,0.52158,0.46427,0.59391,0.39786,0.46902,0.21594,0.25113,0.2199,0.34882,0.16854,0.3092,0.32021,0.25814,0.14636,0.27265,0.23355,0.33661
0.41599,0.41092,0.60596,0.64266,0.61843,0.73895,0.67014,0.77579,0.77754,1,0.54233,0.6426,0.52177,0.59556,0.70433,0.73782,0.3746,0.33578,0.42166,0.40303,0.45153,0.41788,0.49973,0.48007,0.11558,0.17112,0.19498,0.14637,0.50804,0.48679,0.16518,0.20046,0.60297,0.68317,0.4037,0.32851,0.22473,0.32714,0.36806,0.41318,0.20265,0.23625,0.37279,0.3406,0.33282,0.41667,0.30519,0.38695,0.38744,0.40249,0.47025,0.40448,0.41187,0.29162,0.46087,0.48395,0.35837,0.35284,0.53025,0.5821,0.57394,0.81911,0.38879,0.50286,0.57566,0.54124,0.44146,0.48589,0.32313,0.45023,0.24641,0.18891,0.48339,0.41916,0.38206,0.2027,0.32877,0.3475,0.31204,0.26331,0.26234,0.31273,0.42228,0.41014,0.49394,0.50175,0.39611,0.46888,0.62523,0.66496,0.62301,0.50463,0.56385,0.59026,0.49205,0.32615,0.40481,0.41845,0.52317,0.53514,0.5858,0.65463,0.52432,0.58186,0.24397,0.22673,0.36172,0.43556,0.22406,0.35151,0.3685,0.34843,0.25347,0.37064,0.34624,0.35727
0.55243,0.43385,0.52885,0.52477,0.47338,0.43539,0.60996,0.45012,0.65072,0.54233,1,0.71134,0.80442,0.71119,0.6561,0.65945,0.62551,0.55134,0.46392,0.33764,0.19975,0.095406,0.28853,0.22114,-0.0015222,-0.059532,0.20698,0.045634,0.67135,0.59441,0.039488,0.041964,0.36833,0.40892,0.15998,-0.018437,0.10945,0.1856,0.29865,0.27115,0.32259,0.051988,0.32838,0.3272,0.24501,0.32922,0.44386,0.43799,0.39215,0.41442,0.44939,0.41539,0.48849,0.39252,0.50807,0.49653,0.41902,0.4085,0.42532,0.4788,0.5365,0.50067,0.54931,0.54096,0.4654,0.303,0.22039,0.24865,0.16968,0.25503,0.059236,0.038017,0.28622,0.20646,0.17869,0.032112,0.01684,-0.027142,0.48819,0.41179,0.53034,0.61449,0.59939,0.54744,0.6406,0.64214,0.50631,0.39134,0.61181,0.53475,0.32769,0.24453,0.15854,0.25365,0.42578,0.29733,0.31473,0.33856,0.41751,0.39096,0.18843,0.36977,0.22094,0.32413,0.2,0.25566,0.098787,0.046081,0.11482,0.1147,0.13817,0.16096,0.11187,0.096037,0.24737,0.43424
0.67208,0.65316,0.4192,0.44295,0.5406,0.43144,0.54037,0.58639,0.61702,0.6426,0.71134,1,0.73388,0.87018,0.68042,0.78906,0.68737,0.6429,0.43168,0.45575,0.24309,0.16344,0.19146,0.17155,0.032444,-0.023967,0.12633,-0.016059,0.756,0.71382,-0.017183,-0.0025432,0.57972,0.59174,0.2719,0.15242,0.38653,0.43274,0.45617,0.51266,0.46743,0.31799,0.45676,0.48424,0.35449,0.49621,0.49516,0.54228,0.54109,0.53108,0.58635,0.48218,0.51561,0.34429,0.62342,0.60852,0.5898,0.56254,0.6187,0.55828,0.7178,0.64982,0.65738,0.67402,0.33037,0.22968,0.26876,0.36539,0.37653,0.45971,0.10967,0.11597,0.34576,0.34812,0.21877,0.16958,0.36987,0.21696,0.66071,0.56134,0.64662,0.66595,0.6587,0.71607,0.69008,0.61431,0.66141,0.54815,0.65927,0.62711,0.31434,0.2496,0.28202,0.37002,0.56995,0.45338,0.556,0.54887,0.56098,0.5495,0.34261,0.54913,0.46344,0.50584,0.31609,0.37725,0.33846,0.23794,0.41127,0.44359,0.39372,0.36691,0.27482,0.34258,0.20738,0.39875
0.61726,0.55981,0.42132,0.35062,0.4513,0.36173,0.50159,0.35522,0.61874,0.52177,0.80442,0.73388,1,0.7946,0.75965,0.73913,0.63019,0.60073,0.39476,0.36796,0.26031,0.15212,0.23332,0.13284,0.00037808,-0.085035,0.18787,0.0012578,0.66019,0.60707,-0.01427,-0.045888,0.48153,0.44416,0.17492,-0.013885,0.26963,0.32353,0.3496,0.38356,0.47631,0.21043,0.35672,0.39002,0.20279,0.34559,0.46079,0.49637,0.46895,0.50258,0.56915,0.51541,0.53553,0.49535,0.57155,0.59809,0.53598,0.53669,0.55497,0.53258,0.69157,0.50066,0.64242,0.66567,0.28921,0.1055,0.18997,0.2111,0.29468,0.35957,0.037655,0.060894,0.2784,0.26094,0.21571,0.13226,0.14086,0.039096,0.56828,0.49163,0.57615,0.6107,0.63095,0.65074,0.68991,0.55778,0.60134,0.47074,0.67523,0.6047,0.27133,0.21103,0.14064,0.29032,0.46644,0.35902,0.38145,0.43177,0.46322,0.48048,0.21756,0.43794,0.35376,0.37329,0.21705,0.25491,0.19426,0.13076,0.217,0.22245,0.17845,0.16763,0.114,0.19715,0.15103,0.45741
0.63258,0.60892,0.43206,0.41389,0.5328,0.42861,0.55414,0.55376,0.61437,0.59556,0.71119,0.87018,0.7946,1,0.76795,0.82972,0.68765,0.64502,0.37704,0.43773,0.35402,0.30243,0.26534,0.23715,0.077356,0.030179,0.20804,0.043627,0.7481,0.72377,0.031177,0.061198,0.61655,0.61288,0.32742,0.2132,0.43813,0.4921,0.56442,0.57691,0.51981,0.39532,0.47689,0.47534,0.34228,0.46289,0.49569,0.54658,0.51876,0.50008,0.59532,0.49596,0.48148,0.34918,0.67692,0.64579,0.55043,0.53427,0.59718,0.5435,0.69894,0.61024,0.66867,0.6939,0.30389,0.21023,0.29471,0.38903,0.33874,0.39579,0.13667,0.15236,0.35018,0.36668,0.29236,0.22064,0.34834,0.21225,0.63426,0.58728,0.61306,0.64709,0.67171,0.73714,0.65625,0.61021,0.66861,0.5977,0.70496,0.64745,0.32699,0.27337,0.28052,0.35639,0.52197,0.41834,0.55756,0.50595,0.54467,0.54051,0.35578,0.52055,0.49812,0.50658,0.36216,0.38876,0.34675,0.28311,0.33045,0.37134,0.3773,0.35765,0.26988,0.35344,0.27026,0.44661
0.47154,0.44935,0.53402,0.43936,0.69569,0.494,0.62989,0.53665,0.73635,0.70433,0.6561,0.68042,0.75965,0.76795,1,0.84052,0.50012,0.43183,0.32991,0.3494,0.59969,0.42236,0.50104,0.4619,0.2646,0.20763,0.41076,0.21407,0.63937,0.56021,0.26043,0.23236,0.57611,0.59811,0.373,0.26098,0.47219,0.53835,0.60453,0.59297,0.46587,0.36507,0.4894,0.42883,0.3177,0.37345,0.4242,0.49191,0.43351,0.41694,0.5747,0.45336,0.46788,0.40618,0.56933,0.59229,0.42345,0.42455,0.51722,0.48046,0.6249,0.57449,0.51374,0.54272,0.46537,0.29679,0.34448,0.36409,0.26647,0.40834,0.2852,0.24217,0.51396,0.4608,0.47318,0.25928,0.35652,0.32356,0.44808,0.40299,0.42184,0.45587,0.661,0.55151,0.62583,0.52077,0.55639,0.51019,0.76391,0.63721,0.47125,0.46014,0.395,0.53434,0.55126,0.42427,0.55915,0.49477,0.54876,0.59089,0.43465,0.59581,0.4855,0.55544,0.38538,0.37222,0.35183,0.40719,0.34737,0.37472,0.41927,0.41199,0.3486,0.38955,0.41737,0.36964
0.52442,0.51778,0.50058,0.4959,0.65061,0.58166,0.56334,0.57892,0.71339,0.73782,0.65945,0.78906,0.73913,0.82972,0.84052,1,0.60258,0.53833,0.35012,0.39152,0.53317,0.42992,0.47034,0.4205,0.19172,0.15524,0.31031,0.12713,0.76783,0.71859,0.21837,0.24931,0.62088,0.64465,0.33263,0.2641,0.48014,0.53478,0.62999,0.63849,0.51203,0.40013,0.47335,0.44963,0.33946,0.43681,0.42838,0.50691,0.47603,0.44205,0.54107,0.40532,0.45354,0.32876,0.62065,0.63127,0.49178,0.45627,0.4947,0.47345,0.61955,0.58126,0.58982,0.61535,0.43657,0.27541,0.30593,0.35989,0.3008,0.40754,0.1488,0.12797,0.44128,0.39755,0.33629,0.16308,0.36468,0.25822,0.56666,0.52707,0.55049,0.56875,0.74268,0.72321,0.68879,0.60807,0.70982,0.64877,0.75001,0.67379,0.35853,0.29128,0.31521,0.39449,0.57543,0.46294,0.52579,0.48344,0.47209,0.50142,0.33306,0.49299,0.41031,0.44881,0.30265,0.38081,0.24814,0.28294,0.36208,0.40099,0.36201,0.33826,0.25648,0.33918,0.27045,0.40755
0.66027,0.69228,0.20264,0.27096,0.38454,0.31481,0.26802,0.26665,0.40428,0.3746,0.62551,0.68737,0.63019,0.68765,0.50012,0.60258,1,0.89929,0.46148,0.57755,0.17645,0.14916,0.034425,-0.015745,-0.05321,-0.14603,0.090737,-0.024515,0.85363,0.88353,-0.11436,-0.032373,0.56941,0.54821,0.13101,0.082295,0.34618,0.32992,0.44092,0.49329,0.53965,0.38719,0.34883,0.40704,0.29529,0.42461,0.49017,0.50416,0.5652,0.47317,0.50449,0.40555,0.55159,0.43504,0.672,0.66319,0.70914,0.67508,0.51467,0.41703,0.58789,0.33525,0.89403,0.81081,0.13013,-0.12853,0.11084,0.19551,0.48161,0.42145,-0.0034444,-0.01211,0.34751,0.37587,0.10136,0.20512,0.20268,0.026638,0.87639,0.8377,0.87397,0.82998,0.65793,0.82443,0.61652,0.49334,0.71067,0.58525,0.56889,0.50122,0.038174,-0.029184,-0.0044643,0.047119,0.5394,0.4888,0.5023,0.48385,0.38459,0.39725,0.010766,0.25525,0.24848,0.25202,0.26666,0.3804,0.22475,0.10048,0.34046,0.34526,0.2199,0.22145,0.12213,0.24052,0.087605,0.54089
0.69522,0.80569,0.21788,0.26006,0.36992,0.30573,0.22193,0.23644,0.36337,0.33578,0.55134,0.6429,0.60073,0.64502,0.43183,0.53833,0.89929,1,0.48272,0.60639,0.16218,0.15265,0.055459,-0.011996,0.0015165,-0.1208,0.17257,0.064802,0.73393,0.81472,-0.10552,-0.059283,0.56615,0.48908,0.15885,0.08247,0.30199,0.26143,0.31138,0.4456,0.48429,0.36449,0.44218,0.5207,0.37532,0.52085,0.59801,0.60981,0.65507,0.5857,0.57526,0.51646,0.60131,0.54351,0.65841,0.71388,0.81261,0.80809,0.55309,0.49905,0.54467,0.28034,0.90521,0.87619,0.12713,-0.13692,0.19246,0.25021,0.58291,0.54933,-0.062855,-0.05825,0.21858,0.30042,-0.013555,0.1519,0.17221,0.011401,0.79919,0.86045,0.8536,0.89016,0.57987,0.78831,0.64664,0.53026,0.64686,0.56677,0.50749,0.50769,0.11855,0.03186,0.044997,0.11023,0.46907,0.44532,0.50769,0.53791,0.43925,0.48841,0.020245,0.25265,0.27666,0.23382,0.14558,0.26619,0.24802,0.11976,0.3037,0.34154,0.2202,0.23271,0.061915,0.26267,-0.013552,0.4718
0.73879,0.64182,0.63082,0.63279,0.36799,0.49371,0.50272,0.3339,0.40445,0.42166,0.46392,0.43168,0.39476,0.37704,0.32991,0.35012,0.46148,0.48272,1,0.88807,0.23379,0.28349,0.22602,0.17477,-0.14506,-0.15922,0.2407,0.21792,0.42523,0.4769,-0.055854,0.0042993,0.59238,0.54186,0.278,0.087311,0.16239,0.18474,0.26719,0.27792,0.40101,0.22385,0.2726,0.34169,0.35738,0.41933,0.31426,0.36013,0.49485,0.50142,0.37014,0.42474,0.38473,0.36354,0.43266,0.45014,0.62696,0.56186,0.60791,0.5395,0.47928,0.3267,0.51543,0.56905,0.29956,0.18059,0.43433,0.39269,0.71759,0.58396,0.12315,0.023408,0.37904,0.37755,0.24252,0.16956,0.13876,0.12819,0.28032,0.31588,0.34865,0.40908,0.2471,0.37491,0.32792,0.41117,0.3153,0.47018,0.40618,0.51425,0.37062,0.30199,0.27911,0.41358,0.22086,0.28052,0.25653,0.45558,0.36003,0.42673,0.15822,0.34378,0.25055,0.23463,-0.017392,0.073347,0.32842,0.2799,-0.055105,0.23087,0.20871,0.26569,0.057206,0.2997,0.011992,0.53117
0.76253,0.74793,0.44354,0.50143,0.39108,0.47643,0.36712,0.27308,0.34627,0.40303,0.33764,0.45575,0.36796,0.43773,0.3494,0.39152,0.57755,0.60639,0.88807,1,0.23322,0.34296,0.13001,0.09603,-0.13202,-0.16926,0.19089,0.15985,0.52561,0.61381,-0.11155,-0.018148,0.71651,0.65745,0.31549,0.23321,0.31605,0.32159,0.35012,0.44175,0.47996,0.409,0.32063,0.40021,0.42362,0.48931,0.32815,0.40345,0.57426,0.49227,0.4287,0.40038,0.40122,0.35605,0.51807,0.55578,0.73078,0.6842,0.66128,0.47858,0.51564,0.29368,0.6798,0.70137,0.1717,-0.0013373,0.43838,0.43635,0.83352,0.69074,0.096641,0.01135,0.41577,0.46672,0.249,0.28696,0.29368,0.23645,0.424,0.49093,0.48144,0.48519,0.34083,0.51875,0.34409,0.35472,0.43223,0.58959,0.38667,0.47891,0.2937,0.24093,0.27981,0.3811,0.35951,0.41399,0.43774,0.55155,0.41879,0.49702,0.15753,0.36035,0.37556,0.29789,0.13113,0.15424,0.43449,0.42361,0.10879,0.41006,0.34664,0.35453,0.13301,0.44631,0.074091,0.59083
0.2192,0.22513,0.5436,0.37721,0.50124,0.41138,0.53535,0.47272,0.38919,0.45153,0.19975,0.24309,0.26031,0.35402,0.59969,0.53317,0.17645,0.16218,0.23379,0.23322,1,0.70733,0.70383,0.68212,0.50357,0.54719,0.59108,0.53525,0.34733,0.26704,0.62958,0.61511,0.53096,0.52969,0.52996,0.37635,0.61345,0.63017,0.68932,0.62545,0.53029,0.48209,0.45974,0.35926,0.34102,0.27578,0.25767,0.33794,0.27841,0.20739,0.33653,0.2482,0.19196,0.19598,0.341,0.3408,0.25786,0.18874,0.25315,0.23382,0.27582,0.27209,0.17521,0.18278,0.46951,0.35579,0.45287,0.39442,0.24187,0.3213,0.50682,0.44236,0.47412,0.42699,0.47185,0.33699,0.44575,0.46696,0.17009,0.23049,0.14936,0.18375,0.48777,0.33559,0.40997,0.33799,0.38264,0.40963,0.55192,0.44508,0.38707,0.47249,0.39714,0.55207,0.40014,0.38076,0.46939,0.434,0.30576,0.41139,0.33237,0.41281,0.28827,0.29756,0.30617,0.38484,0.28153,0.36677,0.30564,0.43321,0.44603,0.43013,0.3223,0.3237,0.33265,0.24005
0.186,0.28409,0.49766,0.47366,0.39417,0.62035,0.44813,0.48896,0.31948,0.41788,0.095406,0.16344,0.15212,0.30243,0.42236,0.42992,0.14916,0.15265,0.28349,0.34296,0.70733,1,0.66261,0.67147,0.36347,0.45015,0.43216,0.5786,0.31318,0.31118,0.51678,0.60408,0.56568,0.595,0.5709,0.47724,0.48482,0.53486,0.51247,0.51811,0.4051,0.43827,0.42791,0.35513,0.41426,0.35819,0.22305,0.34132,0.31713,0.31016,0.33731,0.37944,0.22332,0.24347,0.3835,0.39613,0.22129,0.2431,0.289,0.34932,0.1827,0.28552,0.20681,0.23122,0.39354,0.34898,0.57632,0.5411,0.28372,0.35924,0.44909,0.43637,0.48455,0.43586,0.50663,0.32943,0.39477,0.42762,0.1059,0.19069,0.11034,0.16259,0.29174,0.33155,0.21157,0.31404,0.28532,0.48561,0.35398,0.45247,0.50112,0.49041,0.46088,0.52149,0.253,0.31266,0.38511,0.38831,0.31432,0.40493,0.40766,0.35154,0.43474,0.35023,0.25037,0.316,0.34054,0.58202,0.072478,0.31676,0.34833,0.3846,0.15417,0.32085,0.30867,0.43454
0.083387,0.14463,0.71182,0.63027,0.59963,0.57786,0.67603,0.65421,0.53043,0.49973,0.28853,0.19146,0.23332,0.26534,0.50104,0.47034,0.034425,0.055459,0.22602,0.13001,0.70383,0.66261,1,0.93989,0.69629,0.7309,0.63964,0.69205,0.25839,0.15509,0.83098,0.80976,0.48212,0.50875,0.65097,0.50437,0.43122,0.51059,0.42728,0.44909,0.25007,0.29083,0.50474,0.39472,0.47732,0.37251,0.29164,0.38255,0.2958,0.25982,0.34479,0.3065,0.19156,0.2084,0.31597,0.31692,0.14028,0.14639,0.11481,0.28871,0.10867,0.32673,0.058684,0.11559,0.69997,0.61164,0.63805,0.56635,0.11505,0.30296,0.55778,0.52785,0.50967,0.39302,0.52265,0.34791,0.43277,0.48641,0.017801,0.095333,0.046074,0.14689,0.32537,0.18518,0.40994,0.45759,0.2024,0.29731,0.41399,0.48271,0.64712,0.65984,0.59552,0.63508,0.29986,0.30994,0.40792,0.44313,0.38455,0.44874,0.46221,0.45329,0.39941,0.34577,0.32471,0.32136,0.20317,0.42907,0.08046,0.35753,0.43247,0.40169,0.20796,0.27183,0.40044,0.24856
0.029895,0.085636,0.65792,0.6197,0.56551,0.59057,0.64396,0.68119,0.47671,0.48007,0.22114,0.17155,0.13284,0.23715,0.4619,0.4205,-0.015745,-0.011996,0.17477,0.09603,0.68212,0.67147,0.93989,1,0.70746,0.78851,0.62175,0.73352,0.21597,0.11516,0.80625,0.81784,0.45496,0.49318,0.67231,0.54038,0.43621,0.50623,0.43248,0.43327,0.20309,0.27738,0.48479,0.36569,0.48611,0.35967,0.2441,0.34612,0.24215,0.22055,0.3124,0.26129,0.14803,0.13815,0.25775,0.25202,0.072408,0.070537,0.078109,0.25811,0.062986,0.33248,-0.011936,0.038982,0.6701,0.68,0.63834,0.59369,0.062027,0.25853,0.57753,0.54212,0.48786,0.3981,0.51173,0.36255,0.43299,0.51846,-0.018562,0.041675,-0.01958,0.070512,0.27627,0.12282,0.33694,0.43619,0.15193,0.26441,0.35865,0.42763,0.64739,0.63287,0.63328,0.6334,0.26386,0.27449,0.40823,0.40968,0.34667,0.39583,0.51327,0.43707,0.39877,0.33477,0.3635,0.32067,0.2527,0.44697,0.098698,0.37194,0.46162,0.42825,0.2319,0.29305,0.40215,0.21476
-0.061188,0.06311,0.29595,0.15726,0.45574,0.13094,0.35332,0.41719,0.18779,0.11558,-0.0015222,0.032444,0.00037808,0.077356,0.2646,0.19172,-0.05321,0.0015165,-0.14506,-0.13202,0.50357,0.36347,0.69629,0.70746,1,0.90463,0.66208,0.65906,0.10188,0.010201,0.83968,0.75702,0.30205,0.266,0.5508,0.51791,0.50979,0.53984,0.3447,0.438,0.091818,0.33151,0.57066,0.43504,0.47161,0.30788,0.33001,0.3842,0.25268,0.14094,0.28249,0.14524,0.069452,0.08377,0.18283,0.17506,0.073624,0.093366,-0.053063,0.049988,-0.065894,0.047709,-0.03252,-0.063255,0.42658,0.36076,0.48069,0.43884,0.013409,0.21688,0.49334,0.53561,0.31393,0.27653,0.31268,0.37102,0.54881,0.52484,0.025029,0.17485,0.077676,0.13073,0.24352,0.083757,0.33817,0.24734,0.099053,0.047567,0.20699,0.19002,0.34806,0.42014,0.41173,0.42673,0.20425,0.34968,0.50261,0.43501,0.27183,0.38222,0.27302,0.32317,0.29716,0.23394,0.45399,0.40335,0.20456,0.34996,0.31686,0.45871,0.5457,0.4818,0.35124,0.30825,0.34533,0.0013712
-0.1533,-0.048436,0.31923,0.20394,0.38602,0.19692,0.40265,0.49347,0.18549,0.17112,-0.059532,-0.023967,-0.085035,0.030179,0.20763,0.15524,-0.14603,-0.1208,-0.15922,-0.16926,0.54719,0.45015,0.7309,0.78851,0.90463,1,0.60263,0.71911,0.059419,-0.066133,0.8741,0.83406,0.27382,0.28847,0.59692,0.54724,0.46021,0.51607,0.32358,0.36764,0.07091,0.30741,0.51777,0.37713,0.46978,0.30272,0.25221,0.32351,0.1881,0.1176,0.21542,0.14345,-0.015831,0.033633,0.096447,0.094299,-0.031905,-0.026515,-0.090608,0.052867,-0.12467,0.1041,-0.15112,-0.14987,0.41699,0.47922,0.51812,0.49191,-0.052677,0.14997,0.5572,0.56868,0.33355,0.29149,0.36748,0.41095,0.51243,0.52533,-0.08022,0.053069,-0.087341,-0.030466,0.15404,0.0037819,0.20176,0.19093,-0.0093252,-0.00073867,0.12419,0.15737,0.38363,0.43023,0.43187,0.42652,0.14739,0.2643,0.4083,0.35057,0.23764,0.31829,0.34129,0.27667,0.27031,0.20507,0.41816,0.35489,0.19802,0.35185,0.22476,0.40494,0.50343,0.41733,0.28975,0.24508,0.35,-0.019406
0.22393,0.25577,0.48517,0.36827,0.57686,0.29683,0.37309,0.30019,0.28328,0.19498,0.20698,0.12633,0.18787,0.20804,0.41076,0.31031,0.090737,0.17257,0.2407,0.19089,0.59108,0.43216,0.63964,0.62175,0.66208,0.60263,1,0.74508,0.19141,0.15951,0.62042,0.5518,0.27148,0.24129,0.42826,0.25415,0.38846,0.41278,0.3602,0.34177,0.20663,0.20517,0.50596,0.43259,0.43336,0.31367,0.37068,0.39591,0.33507,0.30692,0.35948,0.31226,0.22964,0.28022,0.25782,0.28231,0.25577,0.25759,0.18888,0.26187,0.084204,0.067561,0.14546,0.1323,0.44467,0.35861,0.49104,0.39153,0.21842,0.36395,0.35719,0.30409,0.32212,0.28584,0.26663,0.24046,0.29672,0.3328,0.087912,0.21963,0.15445,0.25949,0.33008,0.1628,0.36759,0.37786,0.2232,0.20769,0.3525,0.38177,0.36242,0.40549,0.33383,0.47182,0.16195,0.3177,0.40941,0.41742,0.2519,0.4104,0.17892,0.24972,0.17876,0.14957,0.21336,0.35075,0.26736,0.30253,0.13139,0.24295,0.37155,0.43269,0.26307,0.2947,0.26746,0.1824
0.088656,0.18335,0.45331,0.39412,0.38852,0.42695,0.38783,0.37718,0.1803,0.14637,0.045634,-0.016059,0.0012578,0.043627,0.21407,0.12713,-0.024515,0.064802,0.21792,0.15985,0.53525,0.5786,0.69205,0.73352,0.65906,0.71911,0.74508,1,0.071705,0.031563,0.67828,0.66399,0.29804,0.25781,0.55955,0.36732,0.3753,0.41514,0.22914,0.28675,0.15941,0.23591,0.47624,0.42678,0.469,0.33302,0.32406,0.38534,0.30646,0.30942,0.31108,0.36063,0.15433,0.2598,0.17948,0.23132,0.19264,0.22174,0.13371,0.24671,-0.010393,0.039752,0.051165,0.042825,0.4132,0.40652,0.62394,0.50822,0.23257,0.40141,0.44766,0.43389,0.30747,0.25549,0.27828,0.2809,0.37473,0.40762,-0.020333,0.10989,0.04382,0.15768,0.12564,0.072834,0.24108,0.34204,0.055341,0.19637,0.16943,0.30997,0.46811,0.47609,0.41331,0.49977,0.088353,0.27853,0.36076,0.43397,0.24786,0.39329,0.28843,0.25087,0.2633,0.16733,0.23987,0.24633,0.27637,0.46664,0.050418,0.30455,0.38574,0.40135,0.17578,0.21494,0.17465,0.16061
0.59066,0.5943,0.32951,0.39544,0.57197,0.42276,0.43656,0.40953,0.56219,0.50804,0.67135,0.756,0.66019,0.7481,0.63937,0.76783,0.85363,0.73393,0.42523,0.52561,0.34733,0.31318,0.25839,0.21597,0.10188,0.059419,0.19141,0.071705,1,0.90964,0.10992,0.19905,0.64411,0.64998,0.25982,0.25668,0.47989,0.4968,0.57393,0.61447,0.57524,0.47525,0.39108,0.41747,0.35153,0.45399,0.4153,0.4918,0.53657,0.4471,0.47694,0.3665,0.46237,0.35811,0.63726,0.62801,0.57122,0.55547,0.46481,0.37781,0.57912,0.40921,0.77362,0.72207,0.26947,0.047582,0.20641,0.29538,0.37741,0.39469,0.15862,0.12432,0.50272,0.4718,0.28698,0.28976,0.32165,0.15513,0.74122,0.72959,0.7541,0.7174,0.76162,0.84874,0.61036,0.51296,0.7173,0.61923,0.59096,0.53077,0.13247,0.089828,0.15282,0.16676,0.61213,0.58902,0.52486,0.48838,0.38342,0.4061,0.1278,0.37428,0.32671,0.34035,0.37433,0.47637,0.26272,0.25371,0.37226,0.40837,0.31188,0.2717,0.17497,0.26165,0.1785,0.55709
0.60806,0.65581,0.28912,0.37799,0.48455,0.4325,0.33772,0.36232,0.45258,0.48679,0.59441,0.71382,0.60707,0.72377,0.56021,0.71859,0.88353,0.81472,0.4769,0.61381,0.26704,0.31118,0.15509,0.11516,0.010201,-0.066133,0.15951,0.031563,0.90964,1,-0.0053999,0.10151,0.63693,0.64615,0.23997,0.22252,0.40527,0.41166,0.51522,0.54753,0.5463,0.46573,0.33911,0.3754,0.32969,0.44021,0.40017,0.46809,0.55613,0.45338,0.46404,0.37979,0.48004,0.40329,0.63071,0.64033,0.61878,0.62341,0.50662,0.41758,0.52969,0.37554,0.82415,0.79222,0.1941,-0.019598,0.20401,0.28003,0.46706,0.4536,0.082737,0.060896,0.47056,0.50827,0.22754,0.28741,0.27145,0.14266,0.7609,0.7874,0.78196,0.74756,0.67615,0.83411,0.566,0.46726,0.68428,0.63652,0.54167,0.51208,0.14105,0.069285,0.13869,0.16791,0.54436,0.51588,0.48933,0.47005,0.38352,0.39461,0.12434,0.33305,0.3559,0.31497,0.3314,0.40712,0.28954,0.25622,0.29637,0.36547,0.26597,0.27804,0.14871,0.31719,0.15973,0.60686
-0.17037,-0.035439,0.42148,0.3223,0.42654,0.21705,0.45985,0.47783,0.20924,0.16518,0.039488,-0.017183,-0.01427,0.031177,0.26043,0.21837,-0.11436,-0.10552,-0.055854,-0.11155,0.62958,0.51678,0.83098,0.80625,0.83968,0.8741,0.62042,0.67828,0.10992,-0.0053999,1,0.93779,0.29647,0.32594,0.57078,0.46818,0.42556,0.50913,0.3523,0.34878,0.14539,0.25569,0.45518,0.32131,0.43461,0.27021,0.21702,0.27518,0.1613,0.081273,0.15367,0.11287,0.0062032,0.079657,0.1122,0.11096,-0.04927,-0.0083255,-0.10948,0.013403,-0.15247,0.052714,-0.14185,-0.13902,0.50555,0.46829,0.52135,0.44231,-0.02809,0.16121,0.60308,0.59794,0.42973,0.35602,0.46166,0.40476,0.45439,0.4948,-0.087809,0.014794,-0.054664,0.011581,0.18881,0.005578,0.24702,0.24842,0.018555,0.0049393,0.14968,0.17882,0.38024,0.45189,0.35012,0.42802,0.14848,0.25447,0.37022,0.34751,0.20196,0.27611,0.25224,0.27755,0.22265,0.17144,0.39963,0.351,0.07723,0.31775,0.14847,0.34553,0.41766,0.34105,0.25074,0.1931,0.39316,0.083277
-0.15567,-0.0054646,0.42433,0.40532,0.40885,0.3212,0.45349,0.52495,0.20271,0.20046,0.041964,-0.0025432,-0.045888,0.061198,0.23236,0.24931,-0.032373,-0.059283,0.0042993,-0.018148,0.61511,0.60408,0.80976,0.81784,0.75702,0.83406,0.5518,0.66399,0.19905,0.10151,0.93779,1,0.35758,0.43352,0.57456,0.51861,0.42202,0.51261,0.39426,0.37391,0.16774,0.2837,0.43636,0.3141,0.45114,0.30164,0.19132,0.26814,0.179,0.084103,0.14786,0.11072,0.0088877,0.059702,0.15741,0.13738,-0.033086,0.0067503,-0.077926,0.030115,-0.14887,0.091895,-0.069869,-0.06866,0.47948,0.47547,0.55269,0.50317,0.0076852,0.16137,0.57408,0.56416,0.49253,0.39886,0.47671,0.41146,0.45203,0.52352,-0.064427,0.052021,-0.037699,0.026055,0.20896,0.081639,0.19839,0.27713,0.064865,0.090714,0.15195,0.19239,0.39098,0.41976,0.36534,0.38273,0.14931,0.2576,0.35088,0.34175,0.19748,0.25094,0.26378,0.25481,0.25281,0.18136,0.41926,0.38455,0.12993,0.35019,0.11161,0.33576,0.40351,0.33097,0.2341,0.22614,0.43338,0.20578
0.61457,0.688,0.56531,0.52976,0.63687,0.59204,0.61912,0.63905,0.53351,0.60297,0.36833,0.57972,0.48153,0.61655,0.57611,0.62088,0.56941,0.56615,0.59238,0.71651,0.53096,0.56568,0.48212,0.45496,0.30205,0.27382,0.27148,0.29804,0.64411,0.63693,0.29647,0.35758,1,0.92388,0.68229,0.59527,0.6663,0.68419,0.62943,0.73193,0.56448,0.61999,0.57604,0.57108,0.6554,0.66568,0.45648,0.58159,0.66532,0.54284,0.61915,0.48847,0.41396,0.35751,0.67924,0.65886,0.67154,0.6285,0.66767,0.52149,0.62698,0.5234,0.64707,0.67391,0.46698,0.2727,0.67589,0.70168,0.66987,0.65979,0.38732,0.35355,0.57364,0.62285,0.47188,0.50233,0.64799,0.5819,0.51175,0.56301,0.52552,0.5114,0.51866,0.62699,0.59726,0.53254,0.57173,0.6669,0.60078,0.66859,0.49232,0.47337,0.52741,0.60433,0.62224,0.58197,0.75972,0.74289,0.62527,0.69626,0.46733,0.68039,0.64989,0.56328,0.42492,0.39957,0.50401,0.57019,0.40112,0.71116,0.66388,0.56584,0.36566,0.56761,0.31686,0.51066
0.50055,0.58123,0.58006,0.58358,0.62569,0.62336,0.65111,0.70525,0.54182,0.68317,0.40892,0.59174,0.44416,0.61288,0.59811,0.64465,0.54821,0.48908,0.54186,0.65745,0.52969,0.595,0.50875,0.49318,0.266,0.28847,0.24129,0.25781,0.64998,0.64615,0.32594,0.43352,0.92388,1,0.64221,0.61379,0.56047,0.60824,0.63078,0.6769,0.5013,0.56903,0.50514,0.46297,0.59585,0.60459,0.37219,0.48801,0.56516,0.4341,0.53935,0.4115,0.35484,0.27466,0.62033,0.58239,0.53263,0.51246,0.58584,0.48258,0.55293,0.60448,0.57923,0.61145,0.51325,0.36294,0.65649,0.70884,0.54581,0.56317,0.43094,0.37663,0.65323,0.65739,0.52635,0.51343,0.61362,0.60347,0.44714,0.48241,0.43182,0.42327,0.50659,0.58908,0.51216,0.48682,0.50998,0.60974,0.57773,0.6135,0.50895,0.47665,0.52274,0.57368,0.58929,0.51425,0.68741,0.64916,0.59362,0.62481,0.50336,0.65662,0.644,0.57683,0.47498,0.41302,0.51322,0.58303,0.3716,0.61197,0.61577,0.51831,0.36849,0.56458,0.44574,0.53761
0.22328,0.30961,0.54259,0.44926,0.50175,0.50525,0.58997,0.64185,0.3388,0.4037,0.15998,0.2719,0.17492,0.32742,0.373,0.33263,0.13101,0.15885,0.278,0.31549,0.52996,0.5709,0.65097,0.67231,0.5508,0.59692,0.42826,0.55955,0.25982,0.23997,0.57078,0.57456,0.68229,0.64221,1,0.79466,0.57237,0.6236,0.49314,0.54729,0.31944,0.41887,0.58184,0.51062,0.74304,0.61652,0.38106,0.47816,0.51734,0.3969,0.49305,0.41398,0.21309,0.24806,0.42371,0.39983,0.31218,0.30381,0.35734,0.37943,0.23681,0.36636,0.20553,0.23374,0.57903,0.5179,0.83538,0.81554,0.27756,0.40174,0.49261,0.48556,0.3304,0.39051,0.37612,0.43852,0.5772,0.59781,0.10073,0.16395,0.15414,0.1969,0.30562,0.26624,0.39954,0.4261,0.24117,0.38818,0.29289,0.4328,0.61653,0.62775,0.62918,0.67208,0.3658,0.38564,0.63475,0.59696,0.53669,0.58912,0.53517,0.51911,0.59422,0.4197,0.40606,0.28701,0.45724,0.58989,0.22067,0.54933,0.66813,0.55647,0.37516,0.42657,0.39523,0.26939
0.065022,0.15422,0.28426,0.26188,0.43276,0.34479,0.37406,0.50797,0.23845,0.32851,-0.018437,0.15242,-0.013885,0.2132,0.26098,0.2641,0.082295,0.08247,0.087311,0.23321,0.37635,0.47724,0.50437,0.54038,0.51791,0.54724,0.25415,0.36732,0.25668,0.22252,0.46818,0.51861,0.59527,0.61379,0.79466,1,0.54377,0.57009,0.46426,0.58967,0.22874,0.54858,0.43392,0.36676,0.59791,0.48533,0.19694,0.30869,0.3515,0.17915,0.29656,0.1669,-0.014779,0.032387,0.29342,0.27993,0.17124,0.14637,0.16302,0.17315,0.10579,0.27222,0.16409,0.15623,0.38076,0.35413,0.62645,0.69514,0.20551,0.26611,0.47756,0.42907,0.3025,0.35405,0.32215,0.37069,0.57752,0.6033,0.049739,0.19949,0.10075,0.078512,0.28138,0.26365,0.25567,0.21149,0.2241,0.40374,0.16784,0.21488,0.44773,0.46197,0.5967,0.46416,0.35053,0.33844,0.56043,0.43044,0.3712,0.42456,0.44673,0.42164,0.5446,0.40146,0.42383,0.26303,0.43432,0.59743,0.28896,0.55448,0.64458,0.49546,0.37166,0.40362,0.33937,0.15298
0.36871,0.4128,0.24498,0.10456,0.48142,0.20384,0.31392,0.34557,0.25927,0.22473,0.10945,0.38653,0.26963,0.43813,0.47219,0.48014,0.34618,0.30199,0.16239,0.31605,0.61345,0.48482,0.43122,0.43621,0.50979,0.46021,0.38846,0.3753,0.47989,0.40527,0.42556,0.42202,0.6663,0.56047,0.57237,0.54377,1,0.90725,0.80577,0.87975,0.66245,0.77177,0.57878,0.53809,0.48775,0.452,0.37507,0.48509,0.46821,0.34018,0.46478,0.29386,0.19132,0.16397,0.53142,0.50838,0.4521,0.36206,0.31711,0.21429,0.3774,0.1833,0.37037,0.30983,0.22104,0.072513,0.42078,0.47463,0.36872,0.38202,0.46086,0.47683,0.37192,0.47896,0.38151,0.46212,0.72777,0.60903,0.42738,0.46292,0.44351,0.35029,0.58939,0.55823,0.51071,0.30951,0.6076,0.60443,0.50361,0.44275,0.24511,0.32909,0.40349,0.43487,0.61298,0.6455,0.76044,0.65476,0.4352,0.53261,0.29811,0.45366,0.49055,0.39135,0.51373,0.46601,0.44245,0.4195,0.59882,0.77109,0.72453,0.6276,0.52048,0.45551,0.27967,0.24853
0.35393,0.41223,0.34551,0.2272,0.51784,0.27883,0.44538,0.48088,0.33079,0.32714,0.1856,0.43274,0.32353,0.4921,0.53835,0.53478,0.32992,0.26143,0.18474,0.32159,0.63017,0.53486,0.51059,0.50623,0.53984,0.51607,0.41278,0.41514,0.4968,0.41166,0.50913,0.51261,0.68419,0.60824,0.6236,0.57009,0.90725,1,0.75705,0.85335,0.57471,0.70977,0.62149,0.57001,0.52728,0.48909,0.40249,0.51035,0.47192,0.3714,0.4835,0.3462,0.21878,0.21648,0.53344,0.51683,0.3958,0.35595,0.34398,0.26935,0.3682,0.27978,0.33308,0.31471,0.31167,0.19076,0.50116,0.55991,0.3358,0.4057,0.54059,0.56846,0.46278,0.54624,0.51471,0.52835,0.74405,0.6666,0.4064,0.4162,0.37929,0.32726,0.5748,0.50501,0.51574,0.36542,0.5507,0.52549,0.53409,0.48845,0.37271,0.43146,0.48084,0.53503,0.58469,0.59451,0.76929,0.66448,0.5124,0.58294,0.41422,0.52965,0.60121,0.49127,0.61198,0.55724,0.46926,0.49871,0.54288,0.74977,0.74205,0.67232,0.55336,0.51702,0.42758,0.30245
0.39192,0.31469,0.39078,0.23327,0.56081,0.28604,0.43509,0.39573,0.36438,0.36806,0.29865,0.45617,0.3496,0.56442,0.60453,0.62999,0.44092,0.31138,0.26719,0.35012,0.68932,0.51247,0.42728,0.43248,0.3447,0.32358,0.3602,0.22914,0.57393,0.51522,0.3523,0.39426,0.62943,0.63078,0.49314,0.46426,0.80577,0.75705,1,0.87209,0.69824,0.68583,0.46934,0.38239,0.39831,0.35597,0.30167,0.37031,0.39424,0.22599,0.39411,0.19651,0.16899,0.10857,0.58008,0.48424,0.37133,0.23329,0.30973,0.1913,0.4141,0.26429,0.38335,0.31087,0.33456,0.14705,0.32827,0.39076,0.25602,0.22751,0.3933,0.35871,0.4535,0.48229,0.41355,0.36509,0.55114,0.47734,0.42962,0.4292,0.40953,0.3269,0.70446,0.605,0.4903,0.34939,0.67668,0.6325,0.63964,0.45921,0.19432,0.28149,0.32319,0.36261,0.57523,0.49395,0.64658,0.50758,0.35512,0.41825,0.23686,0.42837,0.34888,0.35707,0.51025,0.55435,0.42074,0.30698,0.47045,0.55226,0.57148,0.48514,0.44228,0.38143,0.36133,0.3524
0.48303,0.48421,0.31872,0.21178,0.56623,0.32101,0.40821,0.43155,0.39461,0.41318,0.27115,0.51266,0.38356,0.57691,0.59297,0.63849,0.49329,0.4456,0.27792,0.44175,0.62545,0.51811,0.44909,0.43327,0.438,0.36764,0.34177,0.28675,0.61447,0.54753,0.34878,0.37391,0.73193,0.6769,0.54729,0.58967,0.87975,0.85335,0.87209,1,0.6988,0.81727,0.62499,0.57575,0.50866,0.51408,0.45167,0.549,0.54833,0.36325,0.52301,0.30916,0.26085,0.22591,0.65315,0.64154,0.55165,0.43512,0.37676,0.28764,0.45217,0.31412,0.52472,0.47452,0.28962,0.066499,0.39388,0.48622,0.41871,0.40396,0.37042,0.3521,0.41149,0.48372,0.38225,0.38902,0.64576,0.52814,0.4839,0.55539,0.5237,0.45942,0.7209,0.71701,0.59049,0.39421,0.73218,0.75621,0.60483,0.51416,0.29079,0.33877,0.43595,0.43234,0.68241,0.66777,0.78871,0.67914,0.48524,0.58815,0.30346,0.48929,0.53188,0.43731,0.54217,0.51541,0.51892,0.45962,0.60898,0.76156,0.68968,0.59974,0.47439,0.49872,0.31642,0.37528
0.50954,0.40415,0.26523,0.10242,0.31324,0.19182,0.31237,0.14542,0.24697,0.20265,0.32259,0.46743,0.47631,0.51981,0.46587,0.51203,0.53965,0.48429,0.40101,0.47996,0.53029,0.4051,0.25007,0.20309,0.091818,0.07091,0.20663,0.15941,0.57524,0.5463,0.14539,0.16774,0.56448,0.5013,0.31944,0.22874,0.66245,0.57471,0.69824,0.6988,1,0.70309,0.30735,0.30622,0.26324,0.30403,0.27655,0.33033,0.40036,0.31928,0.35798,0.29208,0.22806,0.27592,0.47205,0.49007,0.52274,0.36829,0.29094,0.25252,0.38565,0.1175,0.51172,0.47227,0.085457,-0.11346,0.19116,0.19688,0.40098,0.28898,0.24887,0.19825,0.36819,0.35636,0.3505,0.25095,0.32687,0.18631,0.47573,0.50422,0.50057,0.43687,0.63673,0.67865,0.4355,0.25606,0.64374,0.67555,0.45166,0.37866,0.096329,0.17012,0.15003,0.23689,0.506,0.42564,0.45688,0.42299,0.2534,0.32593,0.052333,0.25618,0.2337,0.20867,0.25513,0.28671,0.28626,0.16862,0.3265,0.44226,0.30642,0.24041,0.17356,0.21705,0.03269,0.43232
0.3422,0.3336,0.11451,-0.015496,0.35919,0.13904,0.22358,0.21838,0.15367,0.23625,0.051988,0.31799,0.21043,0.39532,0.36507,0.40013,0.38719,0.36449,0.22385,0.409,0.48209,0.43827,0.29083,0.27738,0.33151,0.30741,0.20517,0.23591,0.47525,0.46573,0.25569,0.2837,0.61999,0.56903,0.41887,0.54858,0.77177,0.70977,0.68583,0.81727,0.70309,1,0.35857,0.30324,0.30687,0.29963,0.22228,0.32052,0.34195,0.17672,0.28207,0.14452,0.031595,0.13177,0.38757,0.43367,0.41434,0.29408,0.22105,0.15459,0.26861,0.12194,0.40996,0.36713,0.040351,-0.11795,0.26283,0.32322,0.39078,0.30702,0.42943,0.40143,0.44678,0.51676,0.4311,0.50805,0.5833,0.47621,0.36488,0.51462,0.37193,0.28909,0.49016,0.55984,0.31049,0.07659,0.51087,0.63186,0.3703,0.27817,0.17001,0.28942,0.39291,0.33209,0.50728,0.46431,0.57837,0.4912,0.32938,0.41901,0.24765,0.3429,0.49211,0.3759,0.50184,0.36566,0.50847,0.45215,0.50956,0.65843,0.56199,0.50904,0.39582,0.39254,0.19483,0.29965
0.51458,0.61037,0.43685,0.35763,0.53023,0.37834,0.51791,0.56818,0.43043,0.37279,0.32838,0.45676,0.35672,0.47689,0.4894,0.47335,0.34883,0.44218,0.2726,0.32063,0.45974,0.42791,0.50474,0.48479,0.57066,0.51777,0.50596,0.47624,0.39108,0.33911,0.45518,0.43636,0.57604,0.50514,0.58184,0.43392,0.57878,0.62149,0.46934,0.62499,0.30735,0.35857,1,0.94563,0.81346,0.82703,0.89515,0.91798,0.81361,0.7482,0.80748,0.73286,0.56372,0.57825,0.7386,0.76311,0.65098,0.65462,0.54272,0.61991,0.4237,0.42628,0.46977,0.50256,0.43252,0.33391,0.65927,0.7101,0.43823,0.57894,0.15794,0.19716,0.22767,0.31757,0.14607,0.22838,0.4664,0.40626,0.34938,0.41851,0.43795,0.53843,0.42345,0.48027,0.63448,0.64551,0.43767,0.43711,0.54152,0.62791,0.51844,0.41079,0.34249,0.47265,0.42847,0.51518,0.7677,0.79367,0.7213,0.79363,0.30305,0.45878,0.49689,0.3887,0.30578,0.39891,0.38369,0.39884,0.36941,0.56616,0.64629,0.56916,0.37717,0.4724,0.36323,0.37646
