1,0.89337,0.68338,0.51735,0.77013,0.52665,0.74195,0.6231,0.71448,0.65021,0.79208,0.823,0.77496,0.74508,0.69018,0.59683,0.84531,0.8201,0.76028,0.74496,0.66124,0.41226,0.46981,0.381,0.4532,0.54521,0.6036,0.54561,0.79054,0.72507,0.52246,0.50737,0.78899,0.72876,0.30675,0.26774,0.53199,0.4576,0.35662,0.35004,0.63794,0.48268,0.74964,0.72347,0.67687,0.55568,0.74055,0.71869,0.69787,0.72496,0.76433,0.7197,0.69651,0.66477,0.61446,0.62019,0.89434,0.85134,0.69215,0.63813,0.67923,0.55715,0.83963,0.6887,0.28428,0.42172,0.48619,0.42426,0.77861,0.70521,0.56896,0.48287,0.57559,0.5471,0.57282,0.44049,0.62065,0.52748,0.7863,0.80106,0.85949,0.8617,0.73893,0.8422,0.70417,0.70588,0.41691,0.57039,0.73847,0.69885,0.57572,0.60254,0.43821,0.51065,0.48928,0.2995,0.75591,0.68108,0.70171,0.74121,0.45066,0.6593,0.67156,0.68834,0.57862,0.52276,0.4263,0.22273,0.24594,0.54308,0.69674,0.63541,0.63348,0.69158,0.61486,0.28295
0.89337,1,0.60195,0.48763,0.71723,0.45933,0.6279,0.56866,0.65365,0.61261,0.70993,0.80151,0.7,0.70841,0.60925,0.53758,0.83568,0.82266,0.74644,0.7747,0.63467,0.43042,0.44047,0.37542,0.46797,0.56089,0.60824,0.57588,0.73536,0.71518,0.47254,0.46989,0.74592,0.71535,0.28392,0.25737,0.4868,0.44305,0.29122,0.31969,0.60112,0.48212,0.73697,0.7364,0.66602,0.53826,0.73531,0.71604,0.69261,0.715,0.7108,0.72026,0.70782,0.68685,0.57579,0.60245,0.91276,0.9235,0.55848,0.56102,0.56932,0.49343,0.77973,0.65223,0.2252,0.34707,0.43011,0.36895,0.83641,0.74329,0.54366,0.49999,0.59515,0.59317,0.56918,0.4479,0.5748,0.49354,0.78448,0.77641,0.83739,0.84318,0.65514,0.80931,0.6477,0.686,0.44443,0.57526,0.6622,0.67291,0.53567,0.5545,0.43325,0.45203,0.49915,0.36784,0.74174,0.68214,0.68456,0.6917,0.39786,0.60368,0.60826,0.64991,0.5382,0.47049,0.35147,0.15134,0.28039,0.54564,0.65692,0.62662,0.58867,0.71268,0.59353,0.23063
0.68338,0.60195,1,0.74561,0.79977,0.7104,0.92286,0.69314,0.84893,0.72268,0.55003,0.67956,0.6742,0.65698,0.80873,0.68848,0.59161,0.64141,0.7227,0.54492,0.7805,0.41075,0.82192,0.6963,0.63877,0.69092,0.72004,0.69762,0.61445,0.54689,0.65637,0.62926,0.84493,0.73361,0.71887,0.67507,0.60016,0.56019,0.48658,0.4405,0.63354,0.33065,0.73711,0.65134,0.68185,0.69633,0.71746,0.7014,0.67467,0.68548,0.71981,0.63435,0.67612,0.57824,0.7117,0.65882,0.65507,0.59762,0.78272,0.68682,0.80302,0.69214,0.72974,0.69473,0.6874,0.70092,0.7911,0.72141,0.47045,0.38605,0.65232,0.50593,0.42473,0.35724,0.43376,0.28034,0.54748,0.43221,0.55232,0.61241,0.69614,0.74566,0.66817,0.71305,0.82776,0.79175,0.60093,0.69033,0.80485,0.75495,0.6723,0.7854,0.68515,0.84042,0.44914,0.36945,0.65992,0.58307,0.66362,0.68757,0.58829,0.79371,0.67921,0.72465,0.66959,0.67659,0.55756,0.20862,0.31601,0.5966,0.68188,0.49887,0.62106,0.54858,0.60148,0.33323
0.51735,0.48763,0.74561,1,0.66013,0.7656,0.7999,0.90669,0.70265,0.76921,0.38056,0.64794,0.4853,0.6765,0.64027,0.76168,0.40449,0.48987,0.65715,0.53005,0.56203,0.3215,0.76206,0.83414,0.45415,0.65166,0.60873,0.56046,0.45745,0.4783,0.57923,0.65111,0.73889,0.73603,0.66535,0.72986,0.36928,0.43981,0.28577,0.2863,0.38957,0.29107,0.588,0.47536,0.54999,0.62448,0.57392,0.53223,0.55346,0.52772,0.60664,0.57575,0.61888,0.51416,0.57613,0.47619,0.45963,0.49117,0.68485,0.75328,0.69391,0.81805,0.56501,0.74243,0.55796,0.77925,0.68802,0.76768,0.38698,0.28326,0.5008,0.47772,0.28618,0.29406,0.25243,0.18074,0.3905,0.40859,0.38272,0.44633,0.51847,0.59257,0.56032,0.54477,0.60527,0.75527,0.44488,0.52809,0.62181,0.66727,0.71638,0.59899,0.71576,0.59025,0.23182,0.24201,0.44702,0.39538,0.5533,0.53114,0.77579,0.59201,0.67504,0.47383,0.52618,0.40824,0.59752,0.26805,0.22906,0.38441,0.49883,0.43475,0.55888,0.37832,0.37484,0.19356
0.77013,0.71723,0.79977,0.66013,1,0.65084,0.83659,0.71663,0.84974,0.77026,0.72656,0.78725,0.7812,0.77327,0.76611,0.71022,0.69827,0.71133,0.72511,0.66692,0.75031,0.37367,0.64531,0.56083,0.56203,0.6271,0.70832,0.59774,0.77944,0.68533,0.64705,0.62545,0.82971,0.7708,0.51893,0.53611,0.66559,0.61656,0.43665,0.4946,0.65527,0.2993,0.73478,0.66284,0.64318,0.61273,0.7177,0.69386,0.67593,0.69829,0.72572,0.66941,0.65483,0.57506,0.63252,0.6075,0.71407,0.68132,0.72694,0.67127,0.74582,0.65134,0.7849,0.72137,0.41663,0.59304,0.62587,0.59742,0.58568,0.49354,0.69796,0.59002,0.53045,0.50749,0.55768,0.47622,0.60983,0.58779,0.63126,0.68295,0.74704,0.82084,0.67726,0.80217,0.71752,0.76264,0.418,0.60436,0.73367,0.7397,0.80607,0.77944,0.74164,0.7031,0.4325,0.37373,0.72202,0.67714,0.78388,0.76341,0.6699,0.80262,0.81205,0.78597,0.70776,0.67081,0.61889,0.25817,0.28535,0.56185,0.77884,0.6835,0.72715,0.66831,0.67522,0.30542
0.52665,0.45933,0.7104,0.7656,0.65084,1,0.72862,0.75823,0.73951,0.79229,0.38189,0.62008,0.46217,0.68806,0.66903,0.74606,0.45756,0.51063,0.48226,0.38621,0.58662,0.40532,0.72735,0.75505,0.46885,0.5974,0.58946,0.59581,0.4364,0.43715,0.48476,0.52864,0.66388,0.59288,0.63307,0.63552,0.42518,0.44525,0.45005,0.3817,0.4334,0.25232,0.60757,0.52931,0.58375,0.63724,0.6211,0.60221,0.59871,0.60897,0.68581,0.6019,0.61445,0.47021,0.63736,0.55279,0.5305,0.49901,0.68777,0.68802,0.69838,0.72589,0.5496,0.62952,0.60328,0.75041,0.70096,0.71382,0.38484,0.33814,0.45506,0.40469,0.25076,0.23783,0.24571,0.18188,0.38705,0.33294,0.45134,0.44139,0.56744,0.634,0.63161,0.55113,0.66997,0.7663,0.53673,0.65841,0.67102,0.70402,0.63466,0.60747,0.67684,0.64829,0.39747,0.29018,0.52744,0.43375,0.51742,0.58208,0.64487,0.63379,0.59953,0.5203,0.5466,0.51069,0.50809,0.2215,0.29752,0.47445,0.54763,0.41653,0.54459,0.43665,0.45997,0.20341
0.74195,0.6279,0.92286,0.7999,0.83659,0.72862,1,0.81969,0.86541,0.77636,0.6522,0.77524,0.75234,0.77542,0.82334,0.7574,0.63301,0.68034,0.77063,0.60237,0.75211,0.38482,0.78787,0.69332,0.59613,0.6936,0.70231,0.63092,0.68575,0.62662,0.71611,0.70214,0.88025,0.79798,0.63882,0.6387,0.61192,0.57954,0.45574,0.41152,0.61785,0.33568,0.75027,0.66128,0.67094,0.69281,0.72756,0.708,0.66957,0.69131,0.72972,0.6686,0.71047,0.61437,0.68213,0.64965,0.64846,0.59313,0.82497,0.73834,0.88039,0.76652,0.76944,0.75384,0.62507,0.73839,0.75262,0.71485,0.47691,0.36109,0.70031,0.58494,0.47219,0.424,0.50751,0.35414,0.61107,0.5392,0.61272,0.65708,0.73603,0.79399,0.69323,0.7502,0.81275,0.82702,0.43828,0.6056,0.78831,0.76456,0.74627,0.80406,0.6842,0.77702,0.36515,0.30988,0.66987,0.59099,0.71545,0.73938,0.67301,0.81247,0.73668,0.71513,0.67146,0.64405,0.63324,0.28328,0.24035,0.56283,0.69929,0.58733,0.691,0.55504,0.59491,0.3197
0.6231,0.56866,0.69314,0.90669,0.71663,0.75823,0.81969,1,0.70234,0.83255,0.52672,0.78806,0.574,0.81506,0.67101,0.79432,0.54999,0.59254,0.68509,0.61329,0.57154,0.30831,0.6829,0.71829,0.39173,0.5994,0.55015,0.48078,0.59133,0.60562,0.59082,0.66311,0.78832,0.82894,0.54884,0.60972,0.40348,0.45855,0.28151,0.29073,0.42036,0.38738,0.61562,0.5168,0.55337,0.61114,0.61666,0.5594,0.55979,0.54049,0.64715,0.60859,0.66918,0.58276,0.58924,0.50157,0.53758,0.54055,0.72436,0.80215,0.74866,0.84692,0.64251,0.82874,0.44304,0.74135,0.61883,0.69967,0.41201,0.31217,0.55006,0.52934,0.39741,0.44078,0.35234,0.34455,0.49393,0.51605,0.52591,0.53111,0.60488,0.67954,0.62613,0.62376,0.60655,0.76564,0.3571,0.50816,0.6458,0.67232,0.74145,0.60004,0.66294,0.54078,0.24488,0.22954,0.5172,0.44206,0.65471,0.61495,0.81787,0.6332,0.75262,0.51049,0.54205,0.39323,0.63551,0.26801,0.23498,0.4257,0.54798,0.52425,0.59343,0.4655,0.41522,0.21632
0.71448,0.65365,0.84893,0.70265,0.84974,0.73951,0.86541,0.70234,1,0.77704,0.64264,0.72869,0.71195,0.71352,0.78713,0.71284,0.6387,0.67078,0.68103,0.57675,0.74551,0.43067,0.72321,0.64374,0.61223,0.67777,0.70603,0.65836,0.70344,0.62345,0.66445,0.6626,0.82986,0.75957,0.58943,0.59538,0.67373,0.61283,0.5137,0.49844,0.65022,0.36945,0.74568,0.7109,0.67194,0.64741,0.72303,0.73322,0.6987,0.68248,0.7437,0.68055,0.69363,0.60127,0.68858,0.65395,0.66711,0.60395,0.74545,0.63878,0.7639,0.66536,0.75497,0.69079,0.52556,0.63944,0.67338,0.63427,0.49077,0.37476,0.69755,0.59015,0.49803,0.46871,0.50834,0.43113,0.61687,0.53014,0.61905,0.65468,0.69254,0.76812,0.67801,0.75382,0.75967,0.75949,0.49772,0.6256,0.7716,0.7657,0.73099,0.78884,0.69433,0.74269,0.46756,0.3985,0.68458,0.66217,0.73291,0.76367,0.64759,0.80688,0.7634,0.78011,0.73971,0.67789,0.6038,0.33611,0.32079,0.58696,0.74513,0.63682,0.73145,0.6708,0.67516,0.32703
0.65021,0.61261,0.72268,0.76921,0.77026,0.79229,0.77636,0.83255,0.77704,1,0.59666,0.75508,0.64907,0.75661,0.71041,0.75208,0.5721,0.5834,0.6271,0.57523,0.6424,0.35274,0.64036,0.63409,0.46244,0.59902,0.60166,0.53469,0.65573,0.62962,0.53027,0.57906,0.75844,0.76217,0.52631,0.53684,0.50796,0.45745,0.39859,0.34311,0.51256,0.30509,0.67863,0.60699,0.61852,0.60329,0.68497,0.63711,0.69492,0.64092,0.74888,0.71479,0.7276,0.60807,0.65332,0.5976,0.64007,0.60595,0.7115,0.72844,0.72664,0.74582,0.69701,0.75577,0.42257,0.64665,0.58353,0.60419,0.4735,0.3662,0.55516,0.50928,0.40564,0.41488,0.40689,0.32255,0.51544,0.47152,0.52744,0.50363,0.63946,0.69567,0.64091,0.67215,0.66681,0.76792,0.47653,0.60702,0.72124,0.7598,0.74661,0.6857,0.71249,0.61596,0.3839,0.2767,0.60696,0.54115,0.71983,0.71313,0.7273,0.72659,0.78394,0.65832,0.58901,0.4918,0.58618,0.32347,0.30403,0.49416,0.62211,0.55245,0.64567,0.57854,0.54252,0.28985
0.79208,0.70993,0.55003,0.38056,0.72656,0.38189,0.6522,0.52672,0.64264,0.59666,1,0.78788,0.80213,0.65969,0.6187,0.52507,0.79157,0.71175,0.69674,0.69182,0.55152,0.14195,0.32012,0.21048,0.28364,0.32735,0.40645,0.31658,0.86904,0.76195,0.49471,0.48408,0.69006,0.6815,0.10781,0.11021,0.50928,0.41677,0.27963,0.29291,0.56426,0.36223,0.5475,0.58565,0.47913,0.37618,0.58094,0.59556,0.54975,0.56162,0.59212,0.56696,0.56455,0.54026,0.50457,0.53313,0.67492,0.59301,0.53376,0.44577,0.58869,0.42301,0.79033,0.66866,0.066668,0.21846,0.24487,0.19062,0.53688,0.36561,0.59895,0.53353,0.58414,0.604,0.62764,0.54157,0.66323,0.59946,0.7077,0.70224,0.71584,0.73323,0.64276,0.77661,0.58167,0.5286,0.22453,0.44814,0.58827,0.56554,0.55233,0.61173,0.33732,0.41576,0.38117,0.23627,0.64074,0.65225,0.73956,0.76668,0.38575,0.63743,0.64573,0.68583,0.54954,0.49154,0.42469,0.21856,0.23517,0.49713,0.65982,0.62737,0.60364,0.61355,0.59267,0.40856
0.823,0.80151,0.67956,0.64794,0.78725,0.62008,0.77524,0.78806,0.72869,0.75508,0.78788,1,0.76592,0.88275,0.73029,0.71152,0.82499,0.85001,0.77052,0.77794,0.69078,0.34527,0.55415,0.50469,0.49609,0.56198,0.59386,0.51756,0.80144,0.80021,0.56448,0.55765,0.78892,0.78086,0.3153,0.32792,0.50819,0.46269,0.30256,0.30847,0.58096,0.40186,0.69091,0.65398,0.56749,0.50081,0.70847,0.68594,0.62819,0.62964,0.74156,0.69309,0.75119,0.67946,0.63195,0.61745,0.7803,0.7405,0.65339,0.65176,0.68234,0.64822,0.84968,0.81529,0.28911,0.48021,0.45843,0.44956,0.6458,0.49561,0.60518,0.5416,0.53325,0.58311,0.52559,0.46676,0.58637,0.54567,0.72788,0.78683,0.80656,0.86024,0.72625,0.84471,0.68654,0.77457,0.41067,0.6122,0.73253,0.74861,0.68245,0.62894,0.55289,0.51761,0.38668,0.2842,0.69162,0.64743,0.77697,0.76104,0.57166,0.68866,0.73612,0.67608,0.61822,0.50705,0.49518,0.18027,0.25601,0.51746,0.6811,0.64845,0.629,0.63457,0.59189,0.24532
0.77496,0.7,0.6742,0.4853,0.7812,0.46217,0.75234,0.574,0.71195,0.64907,0.80213,0.76592,1,0.77148,0.8282,0.68917,0.74593,0.66674,0.81389,0.75549,0.75572,0.33262,0.59388,0.44992,0.57326,0.58692,0.6912,0.61741,0.83317,0.77157,0.70482,0.67277,0.73171,0.68736,0.3207,0.28491,0.63644,0.54881,0.3745,0.36794,0.70161,0.32186,0.68215,0.66209,0.57396,0.45847,0.66073,0.66223,0.6193,0.62495,0.61336,0.65164,0.62106,0.62398,0.54037,0.5846,0.67868,0.60621,0.54136,0.43905,0.5926,0.43328,0.8048,0.59505,0.29524,0.33091,0.41765,0.3392,0.54872,0.39757,0.74561,0.67134,0.61625,0.6105,0.59699,0.52042,0.68372,0.606,0.71144,0.68962,0.80431,0.80576,0.76118,0.8088,0.72511,0.67951,0.34188,0.48595,0.61636,0.62974,0.66162,0.73412,0.50911,0.5904,0.30994,0.30217,0.68568,0.61392,0.76616,0.74324,0.47708,0.75554,0.65285,0.73784,0.64403,0.63707,0.47984,0.26454,0.28637,0.52707,0.66969,0.69301,0.6472,0.66334,0.61984,0.31675
0.74508,0.70841,0.65698,0.6765,0.77327,0.68806,0.77542,0.81506,0.71352,0.75661,0.65969,0.88275,0.77148,1,0.76546,0.8256,0.72922,0.73176,0.71543,0.662,0.65681,0.36506,0.66032,0.6509,0.53818,0.6495,0.6815,0.60898,0.71316,0.75645,0.65153,0.65966,0.75537,0.73989,0.42052,0.45408,0.51676,0.48531,0.28174,0.29473,0.57105,0.33747,0.6871,0.61898,0.60333,0.56765,0.70219,0.67792,0.62702,0.62928,0.71747,0.69069,0.72278,0.69244,0.60177,0.5802,0.67706,0.64408,0.6282,0.63161,0.68039,0.66561,0.74974,0.74037,0.368,0.57186,0.5277,0.53336,0.55049,0.43451,0.6481,0.5839,0.5313,0.56325,0.48044,0.41835,0.5914,0.57263,0.7187,0.68005,0.78697,0.84771,0.73049,0.77449,0.69502,0.81363,0.35412,0.57131,0.64648,0.72142,0.70573,0.65216,0.63047,0.56468,0.30467,0.30229,0.65208,0.58275,0.74063,0.69968,0.64596,0.67777,0.6965,0.61432,0.62806,0.5456,0.5308,0.14867,0.26492,0.52045,0.61281,0.64263,0.6056,0.55153,0.5246,0.21191
0.69018,0.60925,0.80873,0.64027,0.76611,0.66903,0.82334,0.67101,0.78713,0.71041,0.6187,0.73029,0.8282,0.76546,1,0.85552,0.66099,0.66202,0.76005,0.66682,0.83271,0.46413,0.82681,0.71759,0.66376,0.71586,0.7295,0.70427,0.75559,0.68565,0.76293,0.74453,0.80039,0.7306,0.57668,0.54954,0.63681,0.59379,0.50968,0.47963,0.72738,0.40481,0.72964,0.68406,0.61896,0.5976,0.7109,0.70455,0.63335,0.63172,0.60672,0.60679,0.63478,0.56579,0.66992,0.63878,0.63486,0.54515,0.64223,0.56082,0.69082,0.5682,0.75418,0.61075,0.55322,0.57763,0.64737,0.58305,0.48137,0.40441,0.74866,0.64721,0.55857,0.51904,0.48983,0.40273,0.68234,0.5995,0.66231,0.687,0.74149,0.79147,0.81998,0.79581,0.78771,0.76232,0.50042,0.60763,0.70648,0.68332,0.68542,0.77064,0.62226,0.74945,0.43535,0.3697,0.69596,0.58571,0.70294,0.71739,0.56165,0.80712,0.64981,0.73685,0.75024,0.73727,0.54684,0.26732,0.34706,0.60431,0.70074,0.63291,0.67196,0.62119,0.67061,0.42444
0.59683,0.53758,0.68848,0.76168,0.71022,0.74606,0.7574,0.79432,0.71284,0.75208,0.52507,0.71152,0.68917,0.8256,0.85552,1,0.54887,0.55231,0.68227,0.61328,0.71158,0.42196,0.80301,0.83414,0.5537,0.6978,0.67805,0.61781,0.66139,0.68175,0.70771,0.77188,0.72784,0.71783,0.53538,0.57045,0.47063,0.50387,0.41163,0.37581,0.62515,0.42394,0.5965,0.51433,0.51658,0.55089,0.59346,0.57013,0.53418,0.52561,0.56981,0.56539,0.57169,0.5343,0.59352,0.54254,0.52184,0.47133,0.58123,0.58124,0.63655,0.6509,0.64705,0.66524,0.47299,0.62847,0.58801,0.59001,0.42936,0.32188,0.68699,0.63297,0.52469,0.53471,0.40956,0.39204,0.6012,0.60294,0.57326,0.55176,0.65198,0.73573,0.74902,0.70719,0.68075,0.76608,0.40745,0.57141,0.6306,0.66552,0.66782,0.66295,0.6333,0.63408,0.38173,0.37816,0.57771,0.51789,0.63409,0.63261,0.63981,0.6723,0.63894,0.58768,0.67406,0.61265,0.5302,0.23506,0.39069,0.54105,0.57013,0.5919,0.6412,0.53548,0.54355,0.3691
0.84531,0.83568,0.59161,0.40449,0.69827,0.45756,0.63301,0.54999,0.6387,0.5721,0.79157,0.82499,0.74593,0.72922,0.66099,0.54887,1,0.89236,0.68497,0.72524,0.64601,0.28449,0.42717,0.3427,0.49045,0.51631,0.54103,0.51367,0.82095,0.81414,0.5199,0.51897,0.72872,0.69376,0.22875,0.21215,0.56666,0.49774,0.33365,0.36956,0.64402,0.41505,0.68155,0.69681,0.57378,0.47853,0.73062,0.70879,0.63425,0.64439,0.69787,0.65793,0.73141,0.69888,0.63476,0.64383,0.84472,0.79519,0.54902,0.50033,0.56735,0.46606,0.80333,0.68845,0.21749,0.31399,0.37359,0.31869,0.6848,0.58176,0.53336,0.44626,0.51395,0.5743,0.53206,0.46657,0.59534,0.51973,0.88529,0.84624,0.87684,0.88048,0.71124,0.84905,0.68401,0.67494,0.43561,0.56206,0.68004,0.67263,0.5045,0.54348,0.35104,0.43931,0.48651,0.37061,0.73965,0.70349,0.71326,0.71198,0.32562,0.57493,0.58238,0.64559,0.56763,0.52606,0.34562,0.089032,0.3281,0.58683,0.65058,0.61799,0.54218,0.68202,0.63442,0.27251
0.8201,0.82266,0.64141,0.48987,0.71133,0.51063,0.68034,0.59254,0.67078,0.5834,0.71175,0.85001,0.66674,0.73176,0.66202,0.55231,0.89236,1,0.70359,0.68586,0.62054,0.30581,0.48023,0.40916,0.52961,0.56632,0.5497,0.52589,0.76192,0.76451,0.52774,0.48075,0.7462,0.69441,0.2979,0.30766,0.50913,0.4504,0.32111,0.33632,0.57113,0.42255,0.7442,0.72886,0.63725,0.55971,0.75578,0.75254,0.66938,0.68606,0.73525,0.66818,0.73757,0.6967,0.6685,0.67105,0.83386,0.7969,0.59481,0.58712,0.59979,0.52834,0.82483,0.73208,0.29483,0.41303,0.46094,0.43354,0.66237,0.57935,0.48113,0.39079,0.48263,0.50535,0.48349,0.40948,0.5386,0.48999,0.78747,0.86183,0.86186,0.88295,0.64999,0.83515,0.6807,0.72933,0.46665,0.60858,0.71127,0.73547,0.54488,0.57457,0.43146,0.4774,0.45792,0.31267,0.74075,0.69094,0.6996,0.72739,0.3879,0.59216,0.61356,0.66326,0.56386,0.52656,0.39097,0.10899,0.22329,0.54528,0.68955,0.61845,0.5877,0.64622,0.60055,0.229
0.76028,0.74644,0.7227,0.65715,0.72511,0.48226,0.77063,0.68509,0.68103,0.6271,0.69674,0.77052,0.81389,0.71543,0.76005,0.68227,0.68497,0.70359,1,0.85907,0.68854,0.3139,0.64203,0.52009,0.48659,0.58609,0.64814,0.60965,0.74857,0.7012,0.68069,0.66147,0.79476,0.80787,0.36186,0.36921,0.53594,0.52909,0.33728,0.32706,0.6291,0.38179,0.66686,0.63508,0.58275,0.49662,0.65044,0.63375,0.63516,0.62707,0.59529,0.63336,0.62976,0.6051,0.56908,0.56705,0.68969,0.65487,0.55352,0.55812,0.58291,0.53276,0.80534,0.69449,0.28353,0.38898,0.4583,0.43398,0.60732,0.421,0.70138,0.64,0.63383,0.61307,0.58013,0.50174,0.6735,0.59961,0.61205,0.68186,0.72706,0.76928,0.69364,0.74687,0.63133,0.68893,0.39618,0.52594,0.61651,0.61093,0.63275,0.67808,0.50072,0.53458,0.28254,0.22439,0.64002,0.57943,0.75099,0.72549,0.52987,0.6876,0.67226,0.67259,0.60801,0.52665,0.48562,0.27454,0.21683,0.49518,0.64212,0.64343,0.65402,0.61997,0.55451,0.26277
0.74496,0.7747,0.54492,0.53005,0.66692,0.38621,0.60237,0.61329,0.57675,0.57523,0.69182,0.77794,0.75549,0.662,0.66682,0.61328,0.72524,0.68586,0.85907,1,0.66306,0.35583,0.50322,0.39633,0.42442,0.54215,0.5857,0.5199,0.7513,0.75074,0.5851,0.59136,0.7119,0.77699,0.24669,0.24439,0.53154,0.49416,0.30541,0.31982,0.6177,0.43095,0.61853,0.58878,0.504,0.4047,0.62084,0.58116,0.56063,0.54765,0.51134,0.56939,0.59168,0.57874,0.50429,0.4834,0.71382,0.69747,0.45998,0.47414,0.43596,0.39413,0.74168,0.6511,0.10474,0.21402,0.34768,0.31113,0.6769,0.51228,0.59179,0.56653,0.59735,0.62387,0.49108,0.51165,0.60844,0.56157,0.59562,0.65893,0.66828,0.7073,0.69123,0.73882,0.51609,0.5692,0.37487,0.41783,0.54071,0.53371,0.60204,0.54251,0.42434,0.39664,0.30196,0.24356,0.68599,0.57292,0.74134,0.68322,0.46831,0.60044,0.63955,0.57988,0.5825,0.44634,0.45458,0.24256,0.23608,0.45054,0.66738,0.71253,0.6479,0.70242,0.59777,0.29005
0.66124,0.63467,0.7805,0.56203,0.75031,0.58662,0.75211,0.57154,0.74551,0.6424,0.55152,0.69078,0.75572,0.65681,0.83271,0.71158,0.64601,0.62054,0.68854,0.66306,1,0.63665,0.76622,0.61832,0.72911,0.75104,0.7909,0.75786,0.68627,0.66538,0.70603,0.66514,0.73563,0.66475,0.52781,0.4947,0.68304,0.6655,0.51862,0.55655,0.81637,0.4455,0.70762,0.63154,0.54341,0.50847,0.65141,0.66239,0.57742,0.60742,0.58892,0.59973,0.6196,0.54808,0.58537,0.58041,0.6613,0.60043,0.61227,0.51655,0.61813,0.45876,0.68683,0.54455,0.52183,0.49404,0.62239,0.53986,0.53342,0.43734,0.70617,0.6083,0.54462,0.50098,0.46431,0.39661,0.59233,0.49512,0.58548,0.65468,0.68252,0.75363,0.75327,0.78481,0.7199,0.71837,0.50706,0.59175,0.66672,0.65356,0.62641,0.73546,0.60662,0.73037,0.43396,0.43705,0.67187,0.55229,0.63629,0.64445,0.46341,0.75638,0.60729,0.68469,0.6929,0.69378,0.4913,0.17601,0.33472,0.54884,0.66412,0.60441,0.63448,0.65025,0.68111,0.419
0.41226,0.43042,0.41075,0.3215,0.37367,0.40532,0.38482,0.30831,0.43067,0.35274,0.14195,0.34527,0.33262,0.36506,0.46413,0.42196,0.28449,0.30581,0.3139,0.35583,0.63665,1,0.46182,0.40048,0.43268,0.50671,0.49055,0.56086,0.25661,0.34415,0.30734,0.30738,0.40762,0.31185,0.37196,0.36581,0.45638,0.47257,0.51702,0.54642,0.54402,0.57928,0.47736,0.42199,0.42346,0.41867,0.41266,0.42017,0.39957,0.44672,0.3884,0.41311,0.37956,0.30289,0.38916,0.37392,0.44766,0.44778,0.44402,0.4156,0.35689,0.23298,0.33258,0.20698,0.41308,0.36997,0.49881,0.46273,0.45277,0.49168,0.33558,0.30626,0.26357,0.23588,0.19797,0.14219,0.28896,0.19121,0.30065,0.31173,0.37199,0.40411,0.49861,0.43771,0.41704,0.47737,0.32143,0.30434,0.40389,0.39041,0.39685,0.38833,0.38826,0.42914,0.32274,0.35652,0.45968,0.30332,0.33619,0.33107,0.34137,0.45021,0.35316,0.36434,0.38342,0.41402,0.3679,0.29967,0.21642,0.23525,0.39156,0.35683,0.38535,0.44461,0.44294,0.20108
0.46981,0.44047,0.82192,0.76206,0.64531,0.72735,0.78787,0.6829,0.72321,0.64036,0.32012,0.55415,0.59388,0.66032,0.82681,0.80301,0.42717,0.48023,0.64203,0.50322,0.76622,0.46182,1,0.89491,0.73022,0.804,0.79219,0.79482,0.46601,0.50126,0.7714,0.76096,0.70894,0.65249,0.77346,0.77105,0.54685,0.58219,0.43973,0.42974,0.62469,0.32599,0.65654,0.5524,0.55884,0.59674,0.61926,0.61457,0.51042,0.50862,0.50657,0.50369,0.53758,0.49394,0.57731,0.53176,0.44613,0.4101,0.57159,0.51838,0.6218,0.59269,0.52745,0.52381,0.70139,0.67796,0.77121,0.71886,0.3249,0.26573,0.67327,0.59076,0.44876,0.42341,0.31545,0.23116,0.52685,0.4519,0.46267,0.50365,0.58033,0.64047,0.61695,0.56984,0.71717,0.73308,0.53345,0.5685,0.58085,0.60542,0.61064,0.72045,0.68296,0.79897,0.36357,0.36186,0.54605,0.42503,0.52466,0.54408,0.5747,0.68707,0.52543,0.54897,0.68197,0.67698,0.51816,0.19635,0.35535,0.51899,0.56239,0.52371,0.59876,0.48037,0.52814,0.32086
0.381,0.37542,0.6963,0.83414,0.56083,0.75505,0.69332,0.71829,0.64374,0.63409,0.21048,0.50469,0.44992,0.6509,0.71759,0.83414,0.3427,0.40916,0.52009,0.39633,0.61832,0.40048,0.89491,1,0.65413,0.77067,0.68635,0.67694,0.40122,0.44701,0.64215,0.71357,0.62151,0.58003,0.72433,0.77733,0.37933,0.44012,0.32151,0.28674,0.48522,0.25196,0.53143,0.42348,0.4783,0.58155,0.51288,0.4829,0.45346,0.43954,0.4975,0.46542,0.51022,0.44898,0.5232,0.43003,0.38071,0.38075,0.52733,0.53922,0.57529,0.64294,0.43742,0.52857,0.66906,0.7245,0.70958,0.73787,0.30884,0.24524,0.55033,0.48313,0.31238,0.2909,0.20429,0.11568,0.38221,0.37942,0.39034,0.41039,0.49312,0.58173,0.55892,0.50248,0.60965,0.72187,0.52251,0.54587,0.52965,0.60242,0.57517,0.57566,0.681,0.66624,0.31195,0.35075,0.40906,0.35126,0.41664,0.41899,0.59321,0.56694,0.49243,0.45966,0.60843,0.54525,0.45283,0.1277,0.34091,0.44785,0.4341,0.41915,0.51663,0.36166,0.41231,0.23183
0.4532,0.46797,0.63877,0.45415,0.56203,0.46885,0.59613,0.39173,0.61223,0.46244,0.28364,0.49609,0.57326,0.53818,0.66376,0.5537,0.49045,0.52961,0.48659,0.42442,0.72911,0.43268,0.73022,0.65413,1,0.88098,0.7781,0.75603,0.48324,0.55247,0.7483,0.67529,0.56637,0.50045,0.53189,0.50857,0.51018,0.51502,0.28046,0.30411,0.60947,0.16231,0.57712,0.51244,0.42939,0.40437,0.53094,0.53396,0.4258,0.43853,0.49414,0.45963,0.50027,0.51918,0.4286,0.42619,0.48213,0.46857,0.38255,0.27044,0.39567,0.27549,0.46067,0.3289,0.52447,0.36316,0.55987,0.4645,0.38078,0.32098,0.63271,0.50751,0.42513,0.37333,0.36504,0.16509,0.47192,0.42307,0.50428,0.56328,0.58549,0.62767,0.48087,0.56791,0.54798,0.579,0.42899,0.40616,0.42157,0.52622,0.42773,0.55037,0.48688,0.6109,0.29182,0.34388,0.50086,0.40486,0.43265,0.42322,0.25664,0.54856,0.40294,0.56659,0.64325,0.68865,0.33004,0.11848,0.30142,0.40732,0.48187,0.51886,0.50844,0.51705,0.57454,0.21717
0.54521,0.56089,0.69092,0.65166,0.6271,0.5974,0.6936,0.5994,0.67777,0.59902,0.32735,0.56198,0.58692,0.6495,0.71586,0.6978,0.51631,0.56632,0.58609,0.54215,0.75104,0.50671,0.804,0.77067,0.88098,1,0.83048,0.81457,0.5299,0.61559,0.807,0.7982,0.71242,0.66147,0.64388,0.62811,0.51304,0.54671,0.32181,0.34307,0.62043,0.32503,0.65464,0.5693,0.54147,0.53873,0.58832,0.58803,0.50841,0.52613,0.55771,0.55545,0.54239,0.55993,0.48192,0.44021,0.562,0.56329,0.5419,0.48423,0.52773,0.45219,0.50313,0.47894,0.58433,0.53093,0.68469,0.63238,0.48172,0.42311,0.64641,0.5516,0.44001,0.39412,0.35342,0.20408,0.50942,0.50606,0.5231,0.59303,0.6122,0.67242,0.58219,0.62156,0.6033,0.67102,0.47306,0.43724,0.49385,0.56953,0.54659,0.59117,0.57957,0.6166,0.30758,0.36577,0.57183,0.4344,0.50082,0.48178,0.4696,0.60769,0.51438,0.55489,0.66518,0.65572,0.46173,0.21982,0.31891,0.45621,0.53071,0.57707,0.57347,0.54152,0.52986,0.26208
0.6036,0.60824,0.72004,0.60873,0.70832,0.58946,0.70231,0.55015,0.70603,0.60166,0.40645,0.59386,0.6912,0.6815,0.7295,0.67805,0.54103,0.5497,0.64814,0.5857,0.7909,0.49055,0.79219,0.68635,0.7781,0.83048,1,0.88924,0.5172,0.54239,0.70708,0.68852,0.66787,0.57449,0.58976,0.59214,0.61396,0.62713,0.35946,0.40826,0.68734,0.26451,0.70806,0.59017,0.57688,0.50488,0.63551,0.63437,0.57362,0.56589,0.59354,0.62243,0.59501,0.59001,0.50851,0.50193,0.61439,0.58912,0.54792,0.46689,0.5231,0.41956,0.58095,0.43426,0.5285,0.50756,0.64859,0.57465,0.53469,0.45069,0.62447,0.56905,0.43294,0.38257,0.31997,0.20675,0.5116,0.42735,0.53255,0.58067,0.66588,0.70959,0.61493,0.65046,0.66972,0.70021,0.4791,0.52543,0.54125,0.59936,0.60404,0.63768,0.62701,0.63888,0.28113,0.35681,0.61315,0.48356,0.5586,0.53669,0.45703,0.61259,0.51195,0.53206,0.64556,0.65259,0.44321,0.21998,0.26235,0.48802,0.60293,0.5898,0.56278,0.54165,0.53907,0.27716
0.54561,0.57588,0.69762,0.56046,0.59774,0.59581,0.63092,0.48078,0.65836,0.53469,0.31658,0.51756,0.61741,0.60898,0.70427,0.61781,0.51367,0.52589,0.60965,0.5199,0.75786,0.56086,0.79482,0.67694,0.75603,0.81457,0.88924,1,0.40821,0.50469,0.6519,0.63709,0.60359,0.51962,0.59211,0.55218,0.53942,0.57029,0.35235,0.39826,0.60131,0.25326,0.66944,0.58478,0.5869,0.49846,0.60665,0.62539,0.56219,0.56283,0.58017,0.61016,0.5864,0.55404,0.49887,0.49706,0.58764,0.57033,0.48491,0.4365,0.4658,0.4077,0.53046,0.36464,0.56752,0.49709,0.64034,0.5665,0.46646,0.39846,0.57378,0.52648,0.39718,0.38337,0.27003,0.1774,0.46295,0.36127,0.51114,0.52306,0.64088,0.66704,0.58135,0.59087,0.66053,0.68105,0.54144,0.53095,0.49229,0.56067,0.50226,0.59346,0.5457,0.62404,0.30334,0.31154,0.58041,0.43082,0.48585,0.49969,0.38998,0.57855,0.40961,0.51653,0.61004,0.60708,0.35899,0.19511,0.27867,0.46445,0.5307,0.52027,0.47185,0.51356,0.50575,0.2464
0.79054,0.73536,0.61445,0.45745,0.77944,0.4364,0.68575,0.59133,0.70344,0.65573,0.86904,0.80144,0.83317,0.71316,0.75559,0.66139,0.82095,0.76192,0.74857,0.7513,0.68627,0.25661,0.46601,0.40122,0.48324,0.5299,0.5172,0.40821,1,0.86499,0.65578,0.6613,0.77547,0.78324,0.25128,0.25136,0.56607,0.50464,0.33889,0.36094,0.70885,0.43823,0.62877,0.65527,0.53045,0.475,0.64469,0.6252,0.60446,0.6013,0.623,0.60947,0.60668,0.60346,0.57591,0.57747,0.71803,0.64002,0.56061,0.49636,0.60037,0.44506,0.83048,0.70539,0.1623,0.29943,0.34751,0.31475,0.59762,0.45185,0.69726,0.59143,0.67262,0.65402,0.67798,0.58992,0.70466,0.65191,0.76639,0.77309,0.76445,0.81664,0.75675,0.85886,0.62608,0.61606,0.35572,0.5259,0.65944,0.66442,0.59588,0.65001,0.41748,0.49531,0.43432,0.36194,0.68137,0.66939,0.75953,0.74476,0.44495,0.70403,0.71283,0.7652,0.65366,0.59058,0.45025,0.22103,0.3444,0.58983,0.68348,0.66079,0.66735,0.6833,0.66896,0.37646
0.72507,0.71518,0.54689,0.4783,0.68533,0.43715,0.62662,0.60562,0.62345,0.62962,0.76195,0.80021,0.77157,0.75645,0.68565,0.68175,0.81414,0.76451,0.7012,0.75074,0.66538,0.34415,0.50126,0.44701,0.55247,0.61559,0.54239,0.50469,0.86499,1,0.67352,0.69071,0.72587,0.7524,0.27143,0.24379,0.50624,0.54564,0.29699,0.37344,0.66727,0.47021,0.5989,0.60369,0.5123,0.4556,0.63288,0.623,0.56781,0.57891,0.62647,0.64534,0.64368,0.65289,0.58922,0.60159,0.68181,0.63606,0.49603,0.46611,0.50233,0.40334,0.76129,0.67187,0.15326,0.2653,0.34701,0.32095,0.55499,0.43442,0.63241,0.55895,0.62544,0.70712,0.60955,0.56698,0.65561,0.61955,0.75517,0.72488,0.76094,0.80589,0.71198,0.83147,0.59913,0.65949,0.34105,0.4857,0.58128,0.66203,0.57016,0.60947,0.40806,0.46495,0.38989,0.40175,0.69321,0.65747,0.7865,0.72591,0.45963,0.6324,0.66963,0.68063,0.65547,0.54855,0.45283,0.25643,0.38105,0.54353,0.61565,0.70242,0.65787,0.70815,0.66954,0.33568
0.52246,0.47254,0.65637,0.57923,0.64705,0.48476,0.71611,0.59082,0.66445,0.53027,0.49471,0.56448,0.70482,0.65153,0.76293,0.70771,0.5199,0.52774,0.68069,0.5851,0.70603,0.30734,0.7714,0.64215,0.7483,0.807,0.70708,0.6519,0.65578,0.67352,1,0.9242,0.71878,0.73492,0.56164,0.56716,0.52498,0.60511,0.26435,0.36422,0.61038,0.30131,0.59712,0.56386,0.49331,0.49923,0.55092,0.56385,0.44709,0.46928,0.43094,0.462,0.44659,0.49902,0.39042,0.42414,0.41932,0.3887,0.47841,0.3861,0.49976,0.40144,0.51238,0.4841,0.40762,0.41152,0.55332,0.49393,0.32709,0.25166,0.79277,0.71976,0.61079,0.57929,0.51887,0.40964,0.64452,0.65456,0.56903,0.59171,0.58763,0.64804,0.58215,0.62202,0.53773,0.55929,0.19419,0.29823,0.4047,0.45886,0.55342,0.6397,0.47151,0.58813,0.21259,0.30655,0.53857,0.41085,0.58531,0.53732,0.45746,0.60349,0.53501,0.55948,0.62714,0.61537,0.51341,0.24711,0.29534,0.44764,0.52515,0.62648,0.64084,0.52196,0.52747,0.3375
0.50737,0.46989,0.62926,0.65111,0.62545,0.52864,0.70214,0.66311,0.6626,0.57906,0.48408,0.55765,0.67277,0.65966,0.74453,0.77188,0.51897,0.48075,0.66147,0.59136,0.66514,0.30738,0.76096,0.71357,0.67529,0.7982,0.68852,0.63709,0.6613,0.69071,0.9242,1,0.74445,0.77073,0.56173,0.57838,0.46057,0.57846,0.26752,0.34325,0.57736,0.33987,0.54474,0.51386,0.47296,0.50416,0.51036,0.49242,0.45342,0.44676,0.45309,0.48541,0.47723,0.51479,0.42074,0.40264,0.42352,0.41067,0.51615,0.44626,0.52573,0.45348,0.50382,0.52944,0.39881,0.45872,0.54725,0.51593,0.34856,0.20206,0.76246,0.71314,0.58843,0.57925,0.46185,0.38971,0.62587,0.64848,0.57607,0.54441,0.55696,0.63845,0.61168,0.60426,0.53342,0.58055,0.25339,0.33728,0.41852,0.48165,0.54257,0.59367,0.44799,0.53912,0.24338,0.37719,0.50853,0.44124,0.57697,0.52233,0.50989,0.58131,0.55183,0.52607,0.66194,0.59497,0.51225,0.31172,0.39179,0.47458,0.50495,0.63322,0.64333,0.52522,0.51489,0.37379
0.78899,0.74592,0.84493,0.73889,0.82971,0.66388,0.88025,0.78832,0.82986,0.75844,0.69006,0.78892,0.73171,0.75537,0.80039,0.72784,0.72872,0.7462,0.79476,0.7119,0.73563,0.40762,0.70894,0.62151,0.56637,0.71242,0.66787,0.60359,0.77547,0.72587,0.71878,0.74445,1,0.91137,0.64077,0.60703,0.6212,0.62328,0.45752,0.4913,0.62418,0.44182,0.77218,0.72979,0.72336,0.72904,0.75758,0.72835,0.7126,0.72838,0.73824,0.68878,0.70688,0.62743,0.71053,0.66218,0.75302,0.71635,0.82325,0.7572,0.82129,0.67775,0.78396,0.79419,0.53752,0.63431,0.74023,0.69685,0.62846,0.50744,0.70524,0.60746,0.55918,0.54154,0.54364,0.49376,0.68294,0.62655,0.70534,0.71143,0.7543,0.82042,0.71614,0.7788,0.76078,0.78445,0.49691,0.61186,0.76671,0.73781,0.71777,0.74554,0.62967,0.68554,0.49112,0.46909,0.76933,0.69718,0.77446,0.75866,0.66644,0.77075,0.77175,0.72946,0.68106,0.63974,0.62311,0.30576,0.4065,0.64467,0.77341,0.67662,0.73658,0.64817,0.62156,0.32908
0.72876,0.71535,0.73361,0.73603,0.7708,0.59288,0.79798,0.82894,0.75957,0.76217,0.6815,0.78086,0.68736,0.73989,0.7306,0.71783,0.69376,0.69441,0.80787,0.77699,0.66475,0.31185,0.65249,0.58003,0.50045,0.66147,0.57449,0.51962,0.78324,0.7524,0.73492,0.77073,0.91137,1,0.53956,0.54723,0.53542,0.57011,0.35231,0.40993,0.56996,0.47168,0.69775,0.67379,0.63714,0.63483,0.69166,0.65064,0.63181,0.61254,0.64409,0.59899,0.65029,0.5991,0.60527,0.5602,0.67454,0.65844,0.68745,0.69331,0.7122,0.66247,0.73822,0.81047,0.36778,0.52906,0.5982,0.5955,0.55992,0.40712,0.72692,0.68205,0.64127,0.63611,0.57444,0.50405,0.68951,0.671,0.65594,0.66614,0.67815,0.74921,0.65741,0.72127,0.62652,0.69118,0.39523,0.49457,0.63828,0.63784,0.66609,0.65737,0.53884,0.55803,0.39876,0.36037,0.68637,0.62471,0.76527,0.72014,0.672,0.69651,0.76137,0.65705,0.64477,0.51763,0.60865,0.31192,0.36111,0.55089,0.69323,0.67866,0.6902,0.63716,0.59244,0.33066
0.30675,0.28392,0.71887,0.66535,0.51893,0.63307,0.63882,0.54884,0.58943,0.52631,0.10781,0.3153,0.3207,0.42052,0.57668,0.53538,0.22875,0.2979,0.36186,0.24669,0.52781,0.37196,0.77346,0.72433,0.53189,0.64388,0.58976,0.59211,0.25128,0.27143,0.56164,0.56173,0.64077,0.53956,1,0.90567,0.38934,0.46365,0.31317,0.34867,0.34596,0.18106,0.56058,0.4507,0.52123,0.66645,0.47493,0.46748,0.38453,0.42184,0.41825,0.36238,0.38898,0.30723,0.42551,0.35157,0.33591,0.31917,0.62763,0.53454,0.64483,0.56167,0.29182,0.35583,0.80875,0.72868,0.87667,0.83198,0.26783,0.29166,0.46056,0.42791,0.18796,0.1367,0.18534,0.095054,0.29898,0.28614,0.28929,0.30941,0.3846,0.4119,0.3657,0.34552,0.61828,0.56634,0.44233,0.37522,0.4638,0.43983,0.52552,0.58188,0.65123,0.71277,0.29445,0.32518,0.43819,0.29351,0.35213,0.33126,0.56467,0.53022,0.44649,0.40006,0.48882,0.48278,0.47893,0.1969,0.28035,0.37384,0.46669,0.36204,0.41624,0.25428,0.28618,0.19061
0.26774,0.25737,0.67507,0.72986,0.53611,0.63552,0.6387,0.60972,0.59538,0.53684,0.11021,0.32792,0.28491,0.45408,0.54954,0.57045,0.21215,0.30766,0.36921,0.24439,0.4947,0.36581,0.77105,0.77733,0.50857,0.62811,0.59214,0.55218,0.25136,0.24379,0.56716,0.57838,0.60703,0.54723,0.90567,1,0.39799,0.47728,0.33199,0.36374,0.33613,0.16548,0.53408,0.42166,0.49552,0.66325,0.47043,0.4563,0.36122,0.38284,0.37834,0.33734,0.37371,0.3288,0.41385,0.33545,0.27995,0.2806,0.59685,0.5518,0.62148,0.6266,0.27354,0.41259,0.72434,0.76546,0.83106,0.84088,0.2325,0.22803,0.45459,0.42,0.1773,0.12551,0.13817,0.050071,0.30831,0.32563,0.2751,0.3048,0.36357,0.41041,0.33302,0.3288,0.56401,0.57915,0.38934,0.3458,0.44887,0.4532,0.57405,0.58157,0.66352,0.68151,0.2026,0.29584,0.38812,0.28941,0.35461,0.34206,0.62149,0.52634,0.47335,0.36741,0.46156,0.46006,0.5381,0.20464,0.20467,0.31232,0.45543,0.37441,0.43679,0.24479,0.29541,0.14929
0.53199,0.4868,0.60016,0.36928,0.66559,0.42518,0.61192,0.40348,0.67373,0.50796,0.50928,0.50819,0.63644,0.51676,0.63681,0.47063,0.56666,0.50913,0.53594,0.53154,0.68304,0.45638,0.54685,0.37933,0.51018,0.51304,0.61396,0.53942,0.56607,0.50624,0.52498,0.46057,0.6212,0.53542,0.38934,0.39799,1,0.82342,0.71061,0.74148,0.76352,0.24658,0.62705,0.59481,0.4806,0.43964,0.61721,0.64307,0.52477,0.51563,0.47754,0.46418,0.51396,0.4023,0.59858,0.59357,0.49217,0.42489,0.48542,0.36985,0.51813,0.32937,0.61687,0.42904,0.38596,0.38734,0.51504,0.44488,0.40616,0.34759,0.57789,0.49219,0.38442,0.36784,0.37935,0.37732,0.61858,0.48333,0.49589,0.51673,0.56666,0.6223,0.55211,0.61573,0.56591,0.55668,0.34217,0.42243,0.58452,0.533,0.65931,0.72253,0.62464,0.6565,0.49847,0.52059,0.71744,0.6844,0.66939,0.68098,0.5055,0.69827,0.5853,0.63234,0.66778,0.66365,0.5852,0.33063,0.3667,0.61361,0.7738,0.67073,0.66038,0.64011,0.70034,0.41889
0.4576,0.44305,0.56019,0.43981,0.61656,0.44525,0.57954,0.45855,0.61283,0.45745,0.41677,0.46269,0.54881,0.48531,0.59379,0.50387,0.49774,0.4504,0.52909,0.49416,0.6655,0.47257,0.58219,0.44012,0.51502,0.54671,0.62713,0.57029,0.50464,0.54564,0.60511,0.57846,0.62328,0.57011,0.46365,0.47728,0.82342,1,0.61098,0.76839,0.68176,0.31345,0.57085,0.52674,0.45977,0.4596,0.54438,0.57837,0.44887,0.46599,0.41632,0.43023,0.45304,0.35686,0.54201,0.54878,0.40666,0.3812,0.48217,0.41167,0.44397,0.31795,0.49485,0.36961,0.37865,0.40475,0.55797,0.52673,0.36141,0.32361,0.57891,0.58172,0.42615,0.45359,0.33034,0.36342,0.57612,0.48885,0.48316,0.48599,0.51019,0.57977,0.47841,0.56173,0.47959,0.53454,0.25473,0.38663,0.4508,0.46114,0.60145,0.64284,0.54691,0.6057,0.3881,0.54991,0.66962,0.60627,0.62779,0.61239,0.50838,0.6247,0.52242,0.49844,0.59657,0.53968,0.52909,0.33126,0.37091,0.54887,0.69497,0.66891,0.65133,0.59758,0.59363,0.36472
0.35662,0.29122,0.48658,0.28577,0.43665,0.45005,0.45574,0.28151,0.5137,0.39859,0.27963,0.30256,0.3745,0.28174,0.50968,0.41163,0.33365,0.32111,0.33728,0.30541,0.51862,0.51702,0.43973,0.32151,0.28046,0.32181,0.35946,0.35235,0.33889,0.29699,0.26435,0.26752,0.45752,0.35231,0.31317,0.33199,0.71061,0.61098,1,0.79492,0.62606,0.3805,0.45065,0.44564,0.40939,0.41813,0.4617,0.4888,0.4189,0.44348,0.35627,0.3519,0.31167,0.16524,0.61417,0.59154,0.35573,0.27688,0.44488,0.35102,0.47501,0.27243,0.41705,0.29585,0.38648,0.35958,0.46354,0.3987,0.30481,0.24556,0.3051,0.25733,0.21767,0.19901,0.22385,0.22986,0.39156,0.24883,0.29917,0.31027,0.37816,0.40178,0.48882,0.40229,0.49407,0.44236,0.42292,0.45389,0.58553,0.46436,0.41514,0.55358,0.43271,0.59055,0.57981,0.55418,0.57314,0.58964,0.4733,0.59026,0.39117,0.56725,0.36093,0.45926,0.50823,0.56448,0.44181,0.4464,0.44796,0.53158,0.59229,0.42921,0.57397,0.48622,0.60057,0.37084
0.35004,0.31969,0.4405,0.2863,0.4946,0.3817,0.41152,0.29073,0.49844,0.34311,0.29291,0.30847,0.36794,0.29473,0.47963,0.37581,0.36956,0.33632,0.32706,0.31982,0.55655,0.54642,0.42974,0.28674,0.30411,0.34307,0.40826,0.39826,0.36094,0.37344,0.36422,0.34325,0.4913,0.40993,0.34867,0.36374,0.74148,0.76839,0.79492,1,0.6026,0.43736,0.50442,0.49342,0.45276,0.46482,0.4903,0.5439,0.41671,0.44451,0.33256,0.3223,0.32963,0.18176,0.57011,0.58997,0.33046,0.31697,0.43987,0.3882,0.39333,0.24708,0.392,0.29007,0.34599,0.37688,0.50688,0.46836,0.33378,0.33454,0.37208,0.35943,0.27797,0.30402,0.2378,0.27828,0.43585,0.33443,0.34203,0.35694,0.37755,0.44302,0.45722,0.45566,0.43796,0.43588,0.29558,0.41979,0.50181,0.41487,0.48417,0.52489,0.45753,0.52441,0.54134,0.62696,0.63044,0.60336,0.49766,0.53753,0.4266,0.50634,0.41924,0.3999,0.52308,0.52119,0.48349,0.40342,0.46493,0.53069,0.63631,0.45504,0.54687,0.49413,0.59825,0.39592
0.63794,0.60112,0.63354,0.38957,0.65527,0.4334,0.61785,0.42036,0.65022,0.51256,0.56426,0.58096,0.70161,0.57105,0.72738,0.62515,0.64402,0.57113,0.6291,0.6177,0.81637,0.54402,0.62469,0.48522,0.60947,0.62043,0.68734,0.60131,0.70885,0.66727,0.61038,0.57736,0.62418,0.56996,0.34596,0.33613,0.76352,0.68176,0.62606,0.6026,1,0.5095,0.61292,0.58623,0.46375,0.41163,0.60393,0.62227,0.51263,0.51781,0.49623,0.5032,0.51697,0.47957,0.58288,0.6033,0.58565,0.52137,0.46852,0.36443,0.49186,0.29007,0.68542,0.44782,0.34137,0.3132,0.46519,0.36883,0.52727,0.44218,0.6241,0.48451,0.62006,0.5533,0.57136,0.44006,0.65446,0.52995,0.60189,0.64891,0.6601,0.71161,0.7327,0.73378,0.63596,0.60965,0.46941,0.54756,0.61933,0.58526,0.52435,0.67838,0.50444,0.66774,0.50056,0.4695,0.66319,0.63044,0.63636,0.64815,0.36265,0.70329,0.54634,0.67748,0.70078,0.73041,0.43484,0.23175,0.36209,0.59311,0.65007,0.61601,0.66375,0.65877,0.75429,0.44015
0.48268,0.48212,0.33065,0.29107,0.2993,0.25232,0.33568,0.38738,0.36945,0.30509,0.36223,0.40186,0.32186,0.33747,0.40481,0.42394,0.41505,0.42255,0.38179,0.43095,0.4455,0.57928,0.32599,0.25196,0.16231,0.32503,0.26451,0.25326,0.43823,0.47021,0.30131,0.33987,0.44182,0.47168,0.18106,0.16548,0.24658,0.31345,0.3805,0.43736,0.5095,1,0.39967,0.43918,0.39393,0.38794,0.36946,0.40059,0.31908,0.33674,0.30699,0.31968,0.32756,0.35048,0.40233,0.40978,0.44293,0.42643,0.3896,0.40314,0.34693,0.27687,0.42537,0.39842,0.17494,0.22626,0.29541,0.2993,0.38098,0.40147,0.28267,0.26503,0.42907,0.44279,0.3448,0.34535,0.3668,0.29051,0.4272,0.43238,0.43525,0.43119,0.52519,0.50246,0.405,0.37969,0.32136,0.35013,0.43119,0.35657,0.21303,0.28375,0.12525,0.27015,0.37155,0.40262,0.4104,0.37451,0.3386,0.36744,0.27239,0.33601,0.36446,0.31733,0.34568,0.29368,0.24562,0.23145,0.31923,0.31814,0.32154,0.29551,0.35741,0.39087,0.36667,0.33442
0.74964,0.73697,0.73711,0.588,0.73478,0.60757,0.75027,0.61562,0.74568,0.67863,0.5475,0.69091,0.68215,0.6871,0.72964,0.5965,0.68155,0.7442,0.66686,0.61853,0.70762,0.47736,0.65654,0.53143,0.57712,0.65464,0.70806,0.66944,0.62877,0.5989,0.59712,0.54474,0.77218,0.69775,0.56058,0.53408,0.62705,0.57085,0.45065,0.50442,0.61292,0.39967,1,0.94074,0.90412,0.81391,0.94953,0.94025,0.86402,0.85982,0.8108,0.81813,0.79232,0.76804,0.7796,0.80119,0.78929,0.76016,0.69902,0.67505,0.65918,0.51662,0.73516,0.60156,0.49511,0.5261,0.72206,0.67541,0.62064,0.61729,0.50904,0.47421,0.44975,0.43266,0.42003,0.31997,0.50718,0.43414,0.68847,0.68666,0.80254,0.8012,0.70291,0.763,0.75427,0.78415,0.49653,0.63371,0.7422,0.75194,0.68267,0.7106,0.5978,0.64062,0.41177,0.30885,0.82668,0.66366,0.74286,0.76403,0.55317,0.73635,0.65978,0.66093,0.61998,0.6295,0.56356,0.34545,0.22192,0.50423,0.74397,0.66031,0.62433,0.64869,0.61199,0.26513
0.72347,0.7364,0.65134,0.47536,0.66284,0.52931,0.66128,0.5168,0.7109,0.60699,0.58565,0.65398,0.66209,0.61898,0.68406,0.51433,0.69681,0.72886,0.63508,0.58878,0.63154,0.42199,0.5524,0.42348,0.51244,0.5693,0.59017,0.58478,0.65527,0.60369,0.56386,0.51386,0.72979,0.67379,0.4507,0.42166,0.59481,0.52674,0.44564,0.49342,0.58623,0.43918,0.94074,1,0.89284,0.78963,0.92002,0.93474,0.84808,0.84738,0.76499,0.78635,0.74811,0.73974,0.74379,0.79015,0.77184,0.74562,0.62029,0.58693,0.59991,0.43326,0.70914,0.54397,0.3838,0.40179,0.60306,0.55164,0.60903,0.59735,0.50252,0.46676,0.48975,0.47922,0.4878,0.39444,0.53058,0.44025,0.72984,0.70872,0.78588,0.77396,0.68684,0.74744,0.70782,0.70438,0.48052,0.6058,0.69094,0.70124,0.56193,0.63841,0.46375,0.54918,0.44076,0.31848,0.78774,0.67031,0.70751,0.75321,0.44158,0.68744,0.58959,0.66032,0.60473,0.6024,0.46843,0.35349,0.26007,0.50264,0.68964,0.63433,0.60206,0.65843,0.6229,0.27205
