1,0.93125,-0.36596,-0.037262,-0.3832,-0.52531,0.22055,0.55746,-0.42691,-0.37738,0.89005,0.76205,0.79726,0.71532,0.48604,0.40529,0.83611,0.74432,0.86013,0.83625,0.13193,0.050627,-0.33957,-0.45938,-0.48993,-0.46884,0.068375,0.3426,0.82302,0.74396,0.50195,0.052543,0.86125,0.81567,0.81731,0.66561,0.78328,0.78315,0.22232,0.33837,0.58398,0.48905,0.45708,-0.029585,0.81934,0.72753,-0.30777,0.2931,0.33688,-0.08647,0.68639,-0.056648,-0.34791,-0.33631,0.68424,0.59208,0.94963,0.86552,0.64341,0.41538,0.90564,0.80087,0.86941,0.86318,0.79254,0.46758,0.79397,0.82884,0.85993,0.79948,0.74217,0.26221,0.83066,0.77374,0.74611,0.66789,0.59516,0.55323,0.73899,0.74363,0.81887,0.82688,0.57713,0.42824,0.7082,0.69748,0.4184,0.29296,0.74365,0.49999,0.29152,0.63946,-0.22518,0.1485,0.65431,0.66748,0.81217,0.75107,0.81741,0.83366,0.66446,0.57267,0.77447,0.7555,0.52601,0.72621,0.65505,0.67698,0.61761,0.72113,0.73791,0.61358,0.39207,0.52388,0.73016,0.62477
0.93125,1,-0.36434,-0.047821,-0.39816,-0.51714,0.19599,0.53922,-0.41087,-0.35586,0.85337,0.76419,0.7804,0.71134,0.52162,0.44676,0.83327,0.78838,0.88125,0.8552,0.13019,0.10513,-0.32493,-0.45521,-0.4708,-0.4522,0.11277,0.39957,0.82839,0.77356,0.49277,0.030006,0.85875,0.79396,0.77389,0.62445,0.75326,0.79163,0.25496,0.39103,0.57719,0.50023,0.46217,-0.016942,0.76312,0.71535,-0.32466,0.247,0.2581,-0.081274,0.62673,-0.067879,-0.3477,-0.3439,0.68817,0.58169,0.92094,0.88976,0.59242,0.38831,0.85733,0.79219,0.82611,0.89435,0.72648,0.42516,0.73861,0.78448,0.86511,0.81087,0.72478,0.23398,0.83087,0.79679,0.72978,0.65068,0.56259,0.53666,0.74157,0.76692,0.8162,0.83698,0.62833,0.4809,0.67497,0.69836,0.48639,0.37942,0.71985,0.50079,0.27316,0.62609,-0.22574,0.13874,0.64566,0.69183,0.79192,0.75611,0.80155,0.82459,0.64436,0.54167,0.76433,0.74575,0.52665,0.73079,0.65411,0.66391,0.62397,0.7052,0.71338,0.61552,0.42667,0.56555,0.71042,0.57812
-0.36596,-0.36434,1,0.80529,0.86969,0.91718,0.77668,0.29545,0.88109,0.91498,-0.24324,-0.084595,-0.1251,-0.11485,0.2498,0.33306,-0.23735,-0.14072,-0.31226,-0.22046,0.35473,0.01834,0.97362,0.93221,0.89234,0.89077,0.67019,0.32293,-0.3795,-0.29577,0.070445,0.43305,-0.1982,-0.21324,-0.13925,0.041539,-0.40449,-0.26647,0.3047,0.25263,-0.18693,-0.24171,0.44009,0.8196,-0.58528,-0.17508,0.76316,0.31238,0.30804,0.83885,-0.50458,0.85595,0.87257,0.87278,-0.12741,0.11543,-0.40909,-0.35734,0.11029,0.33721,-0.28756,-0.19703,-0.28498,-0.36955,-0.084382,0.36021,-0.1394,-0.19331,-0.47416,-0.40087,-0.095252,0.35518,-0.46039,-0.37721,-0.36189,-0.21539,-0.12839,-0.067913,-0.16901,-0.14019,-0.21851,-0.26114,0.10617,0.23558,-0.10584,-0.021449,0.13364,0.16964,-0.26464,0.24999,0.44835,-0.058993,0.79108,0.45395,-0.44452,-0.70296,-0.70345,-0.72709,-0.66524,-0.57668,-0.1002,0.052992,-0.33081,-0.41347,-0.14531,-0.29814,-0.51444,-0.66186,-0.54153,-0.65471,-0.71359,-0.66347,-0.15066,-0.29798,-0.70964,-0.43276
-0.037262,-0.047821,0.80529,1,0.71369,0.74156,0.78621,0.67376,0.71059,0.78149,0.11191,0.27757,0.22394,0.29803,0.45968,0.55215,0.048054,0.13693,-0.032778,0.12525,0.38519,0.12339,0.84283,0.80248,0.71293,0.7595,0.70525,0.58692,-0.041421,0.050901,0.453,0.66637,0.094581,0.179,0.10404,0.26421,-0.12905,0.030225,0.35428,0.31022,0.023842,-0.027829,0.42269,0.61764,-0.1665,-0.074299,0.66889,0.5276,0.62875,0.58629,-0.027434,0.70871,0.68534,0.63961,0.035256,0.22361,-0.12143,-0.11317,0.26453,0.3844,-0.0067068,0.051957,0.041818,-0.060776,0.22733,0.52146,0.11428,0.079791,-0.22798,-0.18231,0.20259,0.56951,-0.11597,-0.018258,-0.023465,0.1303,0.091517,0.14238,0.08272,0.14736,0.037625,0.036064,0.27945,0.36975,0.16012,0.1972,0.22626,0.25201,-0.035346,0.3068,0.50803,0.098583,0.71148,0.4753,-0.067165,-0.44029,-0.34246,-0.48325,-0.34036,-0.3296,0.18843,0.25412,-0.038032,-0.13148,0.12575,-0.0648,-0.30766,-0.44407,-0.33264,-0.34509,-0.35186,-0.47497,-0.22905,-0.13609,-0.29878,-0.055818
-0.3832,-0.39816,0.86969,0.71369,1,0.88927,0.59852,0.18166,0.9079,0.89803,-0.25751,-0.12161,-0.19889,-0.1429,0.31558,0.34396,-0.14943,-0.081905,-0.4322,-0.22088,0.45978,0.2414,0.84875,0.88877,0.84113,0.83371,0.70262,0.24388,-0.40257,-0.30118,-0.078478,0.41305,-0.28858,-0.25618,-0.17614,0.080699,-0.39368,-0.25768,0.4626,0.36568,-0.18878,-0.22501,0.23889,0.67711,-0.5173,-0.32971,0.84464,0.44532,0.39607,0.659,-0.37124,0.7563,0.87247,0.84865,-0.10904,0.14054,-0.39897,-0.33887,0.14039,0.38567,-0.29619,-0.19627,-0.28791,-0.38237,-0.14947,0.2925,-0.10307,-0.17234,-0.4771,-0.34006,-0.18039,0.37618,-0.48013,-0.40521,-0.38838,-0.2344,-0.19043,-0.096234,-0.09913,-0.13392,-0.17045,-0.20463,0.13545,0.31403,-0.025318,0.0063981,0.1558,0.30423,-0.17233,0.24507,0.34873,-0.084559,0.70983,0.36583,-0.31252,-0.64935,-0.65719,-0.73226,-0.68143,-0.57459,-0.1658,-0.013386,-0.3607,-0.45586,-0.11764,-0.39459,-0.54662,-0.6815,-0.46798,-0.6544,-0.68123,-0.7164,-0.27918,-0.26101,-0.63446,-0.28837
-0.52531,-0.51714,0.91718,0.74156,0.88927,1,0.54555,0.11534,0.94898,0.94899,-0.41123,-0.26126,-0.32127,-0.28329,0.18163,0.29184,-0.37616,-0.27756,-0.52268,-0.35152,0.3362,0.079674,0.89806,0.95709,0.96332,0.97026,0.59697,0.2663,-0.52615,-0.41135,-0.043669,0.44234,-0.34141,-0.33079,-0.2987,-0.057385,-0.51754,-0.36915,0.27877,0.20436,-0.29532,-0.29018,0.1837,0.6717,-0.65766,-0.44872,0.82191,0.34239,0.30645,0.64905,-0.4888,0.74033,0.86897,0.84827,-0.29287,-0.037411,-0.53907,-0.47401,0.0047692,0.27536,-0.43278,-0.29569,-0.43356,-0.49262,-0.27171,0.24722,-0.2663,-0.33301,-0.57961,-0.48896,-0.23866,0.37335,-0.60348,-0.49493,-0.47316,-0.28362,-0.20463,-0.11938,-0.29757,-0.24611,-0.36242,-0.40079,-0.024614,0.1311,-0.21016,-0.17234,0.031639,0.074242,-0.40049,0.086643,0.38279,-0.14644,0.83766,0.46702,-0.44061,-0.79429,-0.77736,-0.83443,-0.76725,-0.70199,-0.18139,0.002878,-0.45106,-0.49744,-0.17512,-0.42126,-0.56942,-0.72421,-0.64946,-0.76173,-0.77262,-0.78989,-0.34737,-0.31882,-0.73052,-0.41756
0.22055,0.19599,0.77668,0.78621,0.59852,0.54555,1,0.71282,0.57586,0.65212,0.3438,0.44075,0.43909,0.39513,0.54272,0.5871,0.26033,0.30984,0.25241,0.29682,0.38492,-0.003615,0.77854,0.6238,0.54047,0.55302,0.71506,0.56134,0.17335,0.20304,0.45446,0.46718,0.31391,0.29498,0.34561,0.40474,0.10053,0.20554,0.38556,0.37061,0.19275,0.054571,0.77997,0.79964,-0.065903,0.36719,0.47439,0.38689,0.46319,0.81656,-0.1219,0.80293,0.59521,0.61728,0.28923,0.4404,0.13975,0.12254,0.44959,0.50359,0.25929,0.22673,0.27247,0.15503,0.42281,0.59463,0.31376,0.29595,1.9066e-05,0.027713,0.38064,0.46764,0.080944,0.11305,0.12539,0.18737,0.23479,0.25577,0.26827,0.2908,0.27602,0.23888,0.46247,0.49233,0.27599,0.3926,0.40681,0.3412,0.18686,0.5444,0.62501,0.32626,0.6105,0.50379,-0.087674,-0.25369,-0.19014,-0.22805,-0.1208,-0.043317,0.30966,0.37645,0.1732,0.07001,0.14948,0.18139,-0.1166,-0.23463,-0.15502,-0.17799,-0.24392,-0.22496,0.17574,0.013253,-0.25125,-0.079918
0.55746,0.53922,0.29545,0.67376,0.18166,0.11534,0.71282,1,0.14478,0.25244,0.67872,0.7868,0.75265,0.81399,0.57291,0.65511,0.52264,0.55208,0.55635,0.6046,0.29939,0.086447,0.37335,0.2098,0.088923,0.14206,0.50758,0.67357,0.54706,0.5807,0.71239,0.51505,0.58557,0.6778,0.53447,0.52985,0.42664,0.51271,0.27864,0.28075,0.38251,0.3073,0.61564,0.33832,0.47513,0.50443,0.13163,0.44064,0.65581,0.33452,0.46226,0.40452,0.15596,0.13292,0.42206,0.44069,0.45387,0.40655,0.51974,0.40029,0.55391,0.4993,0.58887,0.52082,0.70668,0.62918,0.53105,0.5457,0.29787,0.28337,0.64829,0.53,0.48585,0.52927,0.51257,0.53733,0.43108,0.4219,0.48357,0.5459,0.52706,0.53489,0.50662,0.47553,0.51025,0.54988,0.44152,0.33157,0.41397,0.48176,0.54153,0.48199,0.29463,0.36921,0.39277,0.19341,0.34249,0.22438,0.37392,0.35466,0.5687,0.50491,0.49616,0.43589,0.39529,0.4458,0.21965,0.17218,0.21283,0.29968,0.29715,0.15006,0.16081,0.26941,0.3041,0.36332
-0.42691,-0.41087,0.88109,0.71059,0.9079,0.94898,0.57586,0.14478,1,0.94793,-0.30844,-0.17538,-0.2055,-0.20822,0.34755,0.40681,-0.2365,-0.17235,-0.45233,-0.26349,0.38599,0.14666,0.87025,0.91859,0.93923,0.93348,0.67736,0.31751,-0.41644,-0.31053,-0.015741,0.42764,-0.27282,-0.28779,-0.21785,0.034158,-0.42654,-0.28657,0.38915,0.2774,-0.20028,-0.26815,0.25676,0.69856,-0.56668,-0.35499,0.82401,0.42501,0.34564,0.66447,-0.4194,0.76199,0.8578,0.85096,-0.1334,0.094477,-0.41967,-0.35598,0.11716,0.36806,-0.32724,-0.19934,-0.32061,-0.39475,-0.18661,0.26892,-0.15193,-0.21466,-0.4991,-0.36932,-0.18499,0.38364,-0.51675,-0.43075,-0.42686,-0.26578,-0.20065,-0.094048,-0.18189,-0.16615,-0.21523,-0.27696,0.11902,0.25134,-0.06346,-0.04228,0.15454,0.21196,-0.26523,0.21875,0.45102,-0.0020709,0.84038,0.54211,-0.33744,-0.69687,-0.67185,-0.72965,-0.66328,-0.57486,-0.10005,0.1075,-0.33965,-0.36518,-0.065891,-0.29802,-0.44816,-0.62552,-0.57661,-0.6882,-0.68855,-0.72496,-0.28113,-0.15184,-0.62223,-0.3307
-0.37738,-0.35586,0.91498,0.78149,0.89803,0.94899,0.65212,0.25244,0.94793,1,-0.26292,-0.10455,-0.15859,-0.12584,0.33873,0.43569,-0.19884,-0.1147,-0.38851,-0.20988,0.37566,0.13528,0.89772,0.93078,0.92597,0.92817,0.71984,0.39762,-0.38402,-0.2716,0.028856,0.47214,-0.22279,-0.23149,-0.17082,0.067132,-0.4241,-0.26197,0.36823,0.29481,-0.20796,-0.23142,0.33002,0.72679,-0.54208,-0.28476,0.79812,0.40588,0.37462,0.71905,-0.40065,0.7999,0.87754,0.86376,-0.097561,0.14466,-0.39258,-0.30681,0.14736,0.40179,-0.26104,-0.11079,-0.28754,-0.33215,-0.11368,0.37314,-0.12281,-0.17641,-0.45854,-0.34681,-0.12733,0.41514,-0.48411,-0.37377,-0.40105,-0.2058,-0.16118,-0.057878,-0.12537,-0.098261,-0.18254,-0.2228,0.13573,0.30248,-0.048334,0.014415,0.17423,0.25886,-0.23994,0.26244,0.45706,-0.013649,0.82766,0.50546,-0.34512,-0.68602,-0.66062,-0.73812,-0.64902,-0.57088,-0.074149,0.097626,-0.31344,-0.36771,-0.10304,-0.2978,-0.4748,-0.62827,-0.53239,-0.65605,-0.68569,-0.71165,-0.2511,-0.18463,-0.63932,-0.33918
0.89005,0.85337,-0.24324,0.11191,-0.25751,-0.41123,0.3438,0.67872,-0.30844,-0.26292,1,0.87163,0.88484,0.82575,0.6108,0.55254,0.86575,0.80522,0.81316,0.83329,0.21118,0.15212,-0.18091,-0.33348,-0.38183,-0.36363,0.20987,0.43241,0.87901,0.82893,0.62127,0.17418,0.83551,0.84356,0.77114,0.66518,0.77135,0.79859,0.30224,0.37923,0.59547,0.5169,0.5033,0.040751,0.79508,0.69227,-0.2012,0.39041,0.4425,-0.015197,0.68698,0.049635,-0.23519,-0.23635,0.69946,0.62128,0.86447,0.77624,0.63603,0.4191,0.83851,0.68312,0.90595,0.84931,0.79568,0.4352,0.77634,0.7988,0.7264,0.69134,0.75896,0.36795,0.82794,0.79264,0.76735,0.68522,0.56109,0.52803,0.75717,0.77474,0.85564,0.85365,0.65848,0.54347,0.74013,0.74139,0.49376,0.38492,0.70744,0.54636,0.32757,0.64235,-0.14402,0.17659,0.65976,0.64283,0.75165,0.69653,0.7698,0.7859,0.64276,0.55527,0.75079,0.71741,0.55329,0.69718,0.59771,0.61176,0.57391,0.68379,0.70785,0.56486,0.35884,0.50945,0.68977,0.62975
0.76205,0.76419,-0.084595,0.27757,-0.12161,-0.26126,0.44075,0.7868,-0.17538,-0.10455,0.87163,1,0.86936,0.93704,0.64889,0.65979,0.77408,0.79071,0.75409,0.78693,0.27925,0.19443,0.00046787,-0.17734,-0.25616,-0.2259,0.33746,0.50848,0.83882,0.86807,0.63559,0.26742,0.72972,0.75609,0.66891,0.5904,0.69491,0.7577,0.3687,0.38455,0.59714,0.47452,0.53204,0.11206,0.66981,0.65025,-0.14288,0.34199,0.42961,0.086342,0.57373,0.10613,-0.13331,-0.15613,0.62852,0.54737,0.7093,0.66389,0.58495,0.36792,0.72765,0.6061,0.81353,0.78174,0.74365,0.44718,0.67881,0.69141,0.59761,0.56377,0.73344,0.40849,0.75506,0.77514,0.71082,0.68589,0.50853,0.48821,0.67397,0.72181,0.77292,0.80316,0.66308,0.62178,0.66406,0.70565,0.58112,0.48988,0.64608,0.54188,0.37002,0.58068,-0.021552,0.21821,0.59622,0.53065,0.63008,0.55992,0.655,0.63117,0.59756,0.52486,0.66934,0.62176,0.58035,0.64059,0.50959,0.50906,0.47649,0.59923,0.58268,0.44703,0.30837,0.47198,0.59217,0.64352
0.79726,0.7804,-0.1251,0.22394,-0.19889,-0.32127,0.43909,0.75265,-0.2055,-0.15859,0.88484,0.86936,1,0.8846,0.68576,0.60219,0.75057,0.69407,0.752,0.72269,0.20288,0.12291,-0.030547,-0.21627,-0.26981,-0.25511,0.32388,0.5004,0.85437,0.82332,0.67155,0.24811,0.7152,0.69721,0.65942,0.53185,0.67335,0.6928,0.23917,0.2859,0.57467,0.40863,0.5726,0.1096,0.71377,0.7082,-0.17335,0.35284,0.41586,0.088741,0.60722,0.11638,-0.15835,-0.15816,0.70534,0.59019,0.76556,0.68573,0.5673,0.35302,0.74961,0.62118,0.78383,0.72488,0.77211,0.41177,0.66213,0.70106,0.62303,0.56971,0.70124,0.31057,0.74368,0.71936,0.66508,0.58455,0.41713,0.38257,0.6641,0.66802,0.78034,0.75203,0.64194,0.5252,0.71406,0.69408,0.47354,0.37954,0.64512,0.53165,0.34484,0.61368,-0.08096,0.22415,0.62465,0.57221,0.68327,0.63098,0.71323,0.71244,0.58178,0.53734,0.67576,0.66874,0.58487,0.69819,0.5824,0.56756,0.46321,0.59535,0.60462,0.4856,0.32984,0.5163,0.62614,0.56724
0.71532,0.71134,-0.11485,0.29803,-0.1429,-0.28329,0.39513,0.81399,-0.20822,-0.12584,0.82575,0.93704,0.8846,1,0.60705,0.62069,0.71666,0.72828,0.70207,0.71087,0.24763,0.2097,-0.011542,-0.18962,-0.27494,-0.24259,0.32441,0.5402,0.79662,0.82859,0.66749,0.31407,0.63767,0.70421,0.59539,0.49645,0.63635,0.69227,0.28885,0.31777,0.54627,0.46292,0.47491,0.020461,0.71675,0.63719,-0.18324,0.31637,0.46778,0.022385,0.64655,0.049194,-0.16223,-0.18408,0.63019,0.51148,0.65773,0.61617,0.52134,0.29299,0.69046,0.56271,0.74249,0.70096,0.74993,0.40313,0.62521,0.65049,0.54115,0.50321,0.66606,0.34097,0.7285,0.75765,0.67685,0.65666,0.40981,0.39266,0.62589,0.64204,0.71617,0.74888,0.58854,0.54579,0.65129,0.67121,0.49737,0.44672,0.62864,0.49133,0.30909,0.54438,-0.076469,0.17475,0.62094,0.54646,0.66479,0.5703,0.67018,0.63604,0.54581,0.49105,0.63629,0.61912,0.54348,0.60783,0.48466,0.49865,0.45684,0.60422,0.59435,0.43597,0.2385,0.46967,0.63457,0.61754
0.48604,0.52162,0.2498,0.45968,0.31558,0.18163,0.54272,0.57291,0.34755,0.33873,0.6108,0.64889,0.68576,0.60705,1,0.88101,0.66176,0.61719,0.44419,0.58544,0.50057,0.35278,0.34166,0.24465,0.25473,0.25959,0.71355,0.61748,0.61396,0.65115,0.53132,0.39712,0.53636,0.48981,0.50361,0.56426,0.41599,0.54584,0.64858,0.62339,0.4966,0.30978,0.51337,0.3756,0.33023,0.36632,0.29641,0.56983,0.48983,0.31996,0.31977,0.40863,0.27779,0.27851,0.61031,0.62594,0.49775,0.50428,0.59117,0.57029,0.49182,0.48823,0.54829,0.50944,0.52445,0.4531,0.56085,0.56533,0.37003,0.45713,0.48601,0.44438,0.41782,0.45836,0.36101,0.39924,0.23075,0.30321,0.63193,0.58647,0.64479,0.61683,0.84109,0.79714,0.65804,0.66149,0.60055,0.61923,0.48885,0.6267,0.47557,0.57744,0.33271,0.47736,0.4801,0.24176,0.28822,0.21091,0.28207,0.3535,0.43063,0.54227,0.42777,0.41043,0.58306,0.48804,0.33875,0.21283,0.19744,0.20345,0.20325,0.047653,0.12995,0.4736,0.29283,0.41549
0.40529,0.44676,0.33306,0.55215,0.34396,0.29184,0.5871,0.65511,0.40681,0.43569,0.55254,0.65979,0.60219,0.62069,0.88101,1,0.55842,0.56823,0.42731,0.57586,0.46644,0.30761,0.42384,0.33203,0.33576,0.35091,0.71219,0.72108,0.54693,0.6419,0.58723,0.4885,0.51374,0.50531,0.4494,0.53191,0.39632,0.52827,0.59723,0.54416,0.46468,0.32102,0.52621,0.40954,0.24209,0.30797,0.30314,0.50341,0.47122,0.34739,0.23634,0.41805,0.28963,0.27115,0.45993,0.48565,0.3837,0.40404,0.52781,0.50961,0.43462,0.45578,0.5055,0.47936,0.48691,0.48865,0.47051,0.46879,0.28139,0.3424,0.51162,0.5504,0.36894,0.45375,0.37377,0.44804,0.30979,0.3892,0.532,0.56377,0.5325,0.53907,0.73775,0.74821,0.52668,0.5721,0.59424,0.54285,0.35198,0.56451,0.61245,0.57027,0.49678,0.58002,0.40815,0.14321,0.2079,0.12029,0.23591,0.26128,0.5119,0.57968,0.4322,0.40825,0.51553,0.47326,0.27313,0.14228,0.12375,0.13345,0.139,0.0024315,0.14987,0.46776,0.22713,0.3623
0.83611,0.83327,-0.23735,0.048054,-0.14943,-0.37616,0.26033,0.52264,-0.2365,-0.19884,0.86575,0.77408,0.75057,0.71666,0.66176,0.55842,1,0.90849,0.72443,0.8119,0.26145,0.287,-0.18406,-0.31402,-0.32426,-0.33539,0.28629,0.37392,0.82859,0.806,0.41211,0.066236,0.74965,0.72999,0.75871,0.71899,0.68558,0.76282,0.44562,0.56949,0.55582,0.45526,0.47699,0.082897,0.7175,0.64954,-0.092099,0.44761,0.40535,0.0093021,0.63111,0.06499,-0.11923,-0.12835,0.78405,0.73184,0.85931,0.83454,0.68016,0.52851,0.79667,0.73295,0.81716,0.82015,0.7092,0.46983,0.80125,0.83319,0.78847,0.8163,0.67374,0.33214,0.75601,0.75663,0.65714,0.61146,0.46692,0.49961,0.92658,0.86382,0.9486,0.94037,0.77701,0.71878,0.82345,0.83638,0.60056,0.59507,0.77518,0.65088,0.25124,0.60556,-0.17092,0.11696,0.64773,0.64772,0.70093,0.63164,0.67406,0.74571,0.53515,0.50196,0.6795,0.6451,0.54988,0.62515,0.54367,0.55627,0.63982,0.65681,0.64266,0.49513,0.35126,0.53168,0.62698,0.61521
0.74432,0.78838,-0.14072,0.13693,-0.081905,-0.27756,0.30984,0.55208,-0.17235,-0.1147,0.80522,0.79071,0.69407,0.72828,0.61719,0.56823,0.90849,1,0.67994,0.77099,0.27613,0.34657,-0.094495,-0.22802,-0.24244,-0.2441,0.31373,0.40419,0.76923,0.80802,0.45297,0.14423,0.71385,0.70912,0.71864,0.66556,0.65295,0.76908,0.47605,0.57254,0.5263,0.45414,0.47811,0.14272,0.63446,0.57549,-0.029581,0.43895,0.40473,0.043003,0.56579,0.10361,-0.051512,-0.082491,0.70163,0.6885,0.76246,0.76808,0.6171,0.48276,0.71696,0.64121,0.76764,0.7897,0.64384,0.44503,0.7401,0.74928,0.69634,0.71712,0.69987,0.42945,0.7472,0.79977,0.67487,0.67749,0.53395,0.56625,0.85263,0.88218,0.87337,0.91175,0.71568,0.72907,0.74803,0.79038,0.61897,0.63063,0.70917,0.62905,0.26591,0.55165,-0.10159,0.14409,0.57532,0.56248,0.61434,0.54451,0.58185,0.6572,0.51904,0.49436,0.64363,0.59522,0.55011,0.58243,0.4711,0.46838,0.56148,0.58971,0.56808,0.42579,0.30532,0.46863,0.5628,0.58027
0.86013,0.88125,-0.31226,-0.032778,-0.4322,-0.52268,0.25241,0.55635,-0.45233,-0.38851,0.81316,0.75409,0.752,0.70207,0.44419,0.42731,0.72443,0.67994,1,0.87936,0.08968,-0.016327,-0.26095,-0.43715,-0.48818,-0.45564,0.069545,0.39327,0.80118,0.74524,0.58096,0.06327,0.85687,0.81594,0.74783,0.57385,0.7721,0.76485,0.1932,0.25924,0.62696,0.47205,0.47173,-0.043289,0.71103,0.77119,-0.44397,0.056091,0.18155,-0.028109,0.51186,-0.099655,-0.43071,-0.40459,0.57213,0.42854,0.81234,0.74768,0.51508,0.28424,0.78523,0.66031,0.77624,0.80898,0.71538,0.36235,0.67751,0.7248,0.76936,0.69149,0.71027,0.1817,0.81552,0.75098,0.73867,0.64254,0.57284,0.51644,0.61918,0.64347,0.68836,0.72498,0.54395,0.40565,0.53938,0.58198,0.45541,0.29008,0.63706,0.41326,0.29868,0.59415,-0.2073,0.13447,0.53872,0.64641,0.74434,0.73074,0.79168,0.76007,0.62749,0.50811,0.73467,0.71804,0.44823,0.72918,0.61467,0.61981,0.54908,0.68516,0.67418,0.63758,0.50569,0.50119,0.6643,0.48184
0.83625,0.8552,-0.22046,0.12525,-0.22088,-0.35152,0.29682,0.6046,-0.26349,-0.20988,0.83329,0.78693,0.72269,0.71087,0.58544,0.57586,0.8119,0.77099,0.87936,1,0.16909,0.10452,-0.1627,-0.27957,-0.32935,-0.29781,0.20024,0.44895,0.78909,0.76712,0.58522,0.19932,0.83311,0.85122,0.75333,0.66939,0.73343,0.78388,0.35497,0.38794,0.61519,0.46055,0.4063,0.0040473,0.69862,0.59982,-0.21111,0.29539,0.39513,-0.036059,0.5907,-0.0093901,-0.25555,-0.25845,0.57645,0.50095,0.78788,0.74474,0.6148,0.42312,0.78059,0.67844,0.78386,0.8072,0.70744,0.45893,0.73823,0.75713,0.75561,0.73438,0.72883,0.36703,0.76925,0.75577,0.70382,0.69433,0.59278,0.58265,0.70671,0.72046,0.74397,0.78367,0.63027,0.55734,0.61112,0.63478,0.52348,0.40123,0.67029,0.48345,0.35333,0.60982,-0.068002,0.19767,0.59796,0.54362,0.67785,0.59926,0.6918,0.68894,0.63742,0.52079,0.70622,0.65315,0.47781,0.62426,0.49252,0.50218,0.52447,0.61056,0.61651,0.48028,0.34839,0.48278,0.64564,0.59787
0.13193,0.13019,0.35473,0.38519,0.45978,0.3362,0.38492,0.29939,0.38599,0.37566,0.21118,0.27925,0.20288,0.24763,0.50057,0.46644,0.26145,0.27613,0.08968,0.16909,1,0.41481,0.37289,0.32877,0.28485,0.32422,0.52044,0.23123,0.18002,0.21693,0.16984,0.19872,0.1897,0.21159,0.17774,0.28934,0.23213,0.30608,0.62171,0.62002,0.18764,0.3034,0.25159,0.3469,-0.017405,0.058095,0.41303,0.38559,0.31592,0.33054,0.021869,0.40308,0.38171,0.3403,0.27383,0.33975,0.14264,0.12888,0.3442,0.38503,0.14819,0.11952,0.23198,0.16073,0.18352,0.20331,0.23583,0.21405,0.031856,0.098703,0.1987,0.37251,0.14252,0.17578,0.17055,0.2343,0.090672,0.097501,0.18405,0.20469,0.20243,0.22675,0.43895,0.47572,0.28416,0.3048,0.37633,0.32663,0.28953,0.40486,0.33696,0.25009,0.34882,0.31052,0.14599,-0.035406,-0.052247,-0.094291,-0.054337,0.0048852,0.16674,0.27559,0.10326,0.054846,0.2021,0.034161,-0.0075078,-0.086556,0.0075148,-0.034918,-0.053277,-0.1229,0.044182,0.14049,-0.048281,0.12272
0.050627,0.10513,0.01834,0.12339,0.2414,0.079674,-0.003615,0.086447,0.14666,0.13528,0.15212,0.19443,0.12291,0.2097,0.35278,0.30761,0.287,0.34657,-0.016327,0.10452,0.41481,1,0.067948,0.102,0.057768,0.050225,0.27557,0.1553,0.11203,0.21057,-0.010365,0.22639,0.054081,0.092163,0.12504,0.24127,0.098972,0.21059,0.53121,0.46994,0.17838,0.28535,-0.042332,-0.027337,0.11217,-0.096933,0.20693,0.29805,0.18852,-0.10211,0.21462,0.010857,0.1462,0.078136,0.20925,0.20148,0.094946,0.167,0.15248,0.18802,0.064758,0.11484,0.11587,0.16503,0.084039,0.060209,0.18759,0.18247,0.10238,0.17814,0.072597,0.3664,0.09331,0.20152,0.050265,0.15062,-0.033067,0.06186,0.24438,0.23655,0.26546,0.28949,0.32347,0.42895,0.30854,0.28781,0.34249,0.47979,0.25476,0.21892,-0.018088,0.051284,0.013044,-0.0068218,0.25454,0.14512,0.089647,0.0024129,-0.0029324,0.034992,-0.02597,0.051493,0.046974,0.05489,0.18795,-0.022153,0.023627,-0.031198,0.1075,0.020865,0.084173,-0.080122,-0.20133,0.23856,0.12874,0.24633
-0.33957,-0.32493,0.97362,0.84283,0.84875,0.89806,0.77854,0.37335,0.87025,0.89772,-0.18091,0.00046787,-0.030547,-0.011542,0.34166,0.42384,-0.18406,-0.094495,-0.26095,-0.1627,0.37289,0.067948,1,0.92994,0.88396,0.88687,0.71603,0.39532,-0.29758,-0.20393,0.17345,0.49362,-0.15749,-0.15378,-0.11917,0.070917,-0.35676,-0.20821,0.34416,0.26595,-0.12936,-0.21391,0.45271,0.78639,-0.51529,-0.14042,0.73793,0.33794,0.36787,0.81004,-0.42421,0.83805,0.84798,0.84258,-0.086961,0.12702,-0.37408,-0.32848,0.12856,0.33542,-0.27066,-0.18204,-0.25062,-0.33578,-0.041274,0.36156,-0.10766,-0.15001,-0.44627,-0.37992,-0.047205,0.38516,-0.40814,-0.31203,-0.30545,-0.16784,-0.12875,-0.062497,-0.12708,-0.097875,-0.16563,-0.21148,0.18399,0.29821,-0.041664,0.032418,0.19872,0.2261,-0.23179,0.26132,0.45572,-0.024183,0.7801,0.45811,-0.36987,-0.64497,-0.64058,-0.66657,-0.60545,-0.52744,-0.089104,0.075633,-0.3114,-0.37744,-0.084749,-0.2471,-0.47135,-0.61847,-0.52606,-0.59748,-0.65125,-0.63398,-0.16157,-0.25623,-0.64385,-0.36727
-0.45938,-0.45521,0.93221,0.80248,0.88877,0.95709,0.6238,0.2098,0.91859,0.93078,-0.33348,-0.17734,-0.21627,-0.18962,0.24465,0.33203,-0.31402,-0.22802,-0.43715,-0.27957,0.32877,0.102,0.92994,1,0.93742,0.95081,0.63806,0.30985,-0.44375,-0.3453,0.06274,0.60535,-0.29108,-0.26952,-0.24358,-0.010798,-0.47167,-0.3395,0.29527,0.20126,-0.24669,-0.28691,0.23689,0.68741,-0.60366,-0.37947,0.80895,0.36035,0.34704,0.67297,-0.44856,0.76059,0.86037,0.8386,-0.23912,0.0020708,-0.49135,-0.43621,0.01924,0.27329,-0.39479,-0.26309,-0.39172,-0.4512,-0.19669,0.29145,-0.22908,-0.28437,-0.55444,-0.47498,-0.17375,0.40029,-0.54476,-0.44942,-0.4335,-0.24879,-0.18558,-0.10459,-0.24551,-0.20522,-0.31811,-0.34764,0.046048,0.18265,-0.15506,-0.11892,0.037618,0.11534,-0.35415,0.11993,0.37014,-0.14943,0.79926,0.42982,-0.40507,-0.8078,-0.7322,-0.8214,-0.73499,-0.67951,-0.15968,0.00088992,-0.4134,-0.47934,-0.14197,-0.37892,-0.56416,-0.70978,-0.66558,-0.77859,-0.78672,-0.83403,-0.39815,-0.34821,-0.69973,-0.39751
-0.48993,-0.4708,0.89234,0.71293,0.84113,0.96332,0.54047,0.088923,0.93923,0.92597,-0.38183,-0.25616,-0.26981,-0.27494,0.25473,0.33576,-0.32426,-0.24244,-0.48818,-0.32935,0.28485,0.057768,0.88396,0.93742,1,0.97856,0.63876,0.32054,-0.46572,-0.35602,0.00054838,0.44526,-0.29943,-0.32352,-0.25002,-0.02911,-0.51002,-0.34814,0.26714,0.21785,-0.28645,-0.32492,0.22132,0.69235,-0.6308,-0.3963,0.81524,0.37108,0.29309,0.65995,-0.47448,0.74829,0.8711,0.86201,-0.21209,0.041938,-0.48258,-0.40547,0.040235,0.31541,-0.40193,-0.25339,-0.4202,-0.45688,-0.24376,0.25844,-0.21801,-0.27309,-0.5125,-0.41442,-0.21328,0.34725,-0.58338,-0.46957,-0.47229,-0.29271,-0.22573,-0.12465,-0.23047,-0.1984,-0.29989,-0.34375,0.054669,0.19046,-0.13261,-0.095522,0.035138,0.12039,-0.37574,0.14477,0.37651,-0.09307,0.81917,0.50133,-0.41749,-0.7598,-0.7284,-0.78217,-0.72559,-0.64156,-0.16549,0.057712,-0.42665,-0.4437,-0.11456,-0.34536,-0.50752,-0.66112,-0.64346,-0.73485,-0.74491,-0.77115,-0.3424,-0.28373,-0.69872,-0.42743
-0.46884,-0.4522,0.89077,0.7595,0.83371,0.97026,0.55302,0.14206,0.93348,0.92817,-0.36363,-0.2259,-0.25511,-0.24259,0.25959,0.35091,-0.33539,-0.2441,-0.45564,-0.29781,0.32422,0.050225,0.88687,0.95081,0.97856,1,0.62539,0.35442,-0.45118,-0.34135,0.068479,0.50023,-0.27243,-0.26981,-0.24933,-0.016214,-0.47767,-0.32546,0.27701,0.22156,-0.25709,-0.27515,0.20119,0.66387,-0.60753,-0.41512,0.79171,0.35879,0.31678,0.62541,-0.44592,0.72352,0.83638,0.82226,-0.26105,-0.011206,-0.48515,-0.43025,0.0043563,0.27514,-0.4048,-0.26367,-0.40027,-0.44928,-0.24255,0.26317,-0.23572,-0.28563,-0.52331,-0.44453,-0.18053,0.38855,-0.55122,-0.44212,-0.43293,-0.25181,-0.18438,-0.086006,-0.24686,-0.19537,-0.32418,-0.35699,0.050159,0.17585,-0.16228,-0.12824,0.028107,0.079203,-0.38696,0.092535,0.39084,-0.10972,0.83542,0.49968,-0.39741,-0.7576,-0.72197,-0.78439,-0.71839,-0.65307,-0.13222,0.063772,-0.40765,-0.44408,-0.11371,-0.34722,-0.5236,-0.6806,-0.67644,-0.73287,-0.73857,-0.78169,-0.37694,-0.31006,-0.67374,-0.39436
0.068375,0.11277,0.67019,0.70525,0.70262,0.59697,0.71506,0.50758,0.67736,0.71984,0.20987,0.33746,0.32388,0.32441,0.71355,0.71219,0.28629,0.31373,0.069545,0.20024,0.52044,0.27557,0.71603,0.63806,0.63876,0.62539,1,0.68547,0.14326,0.20848,0.30772,0.44468,0.17286,0.14913,0.23362,0.39497,-0.0043063,0.15398,0.52008,0.4999,0.11812,-0.024527,0.56027,0.66249,-0.12245,0.14188,0.57461,0.50058,0.41727,0.64049,-0.077833,0.69545,0.64365,0.6454,0.32629,0.45882,0.064097,0.11917,0.38351,0.51041,0.14402,0.21259,0.1751,0.1084,0.26121,0.47042,0.25413,0.25801,-0.040127,0.066034,0.20551,0.42265,-0.010444,0.067818,0.017343,0.082097,0.028647,0.12612,0.30838,0.2859,0.2691,0.25839,0.5653,0.63257,0.35351,0.44194,0.4936,0.58957,0.16567,0.55406,0.54539,0.35037,0.61917,0.53864,0.076964,-0.19116,-0.19375,-0.28331,-0.18459,-0.10174,0.22594,0.35242,0.10801,0.053738,0.2858,0.13594,-0.095786,-0.25115,-0.098435,-0.21945,-0.25985,-0.30605,0.074274,0.18718,-0.21526,-0.0089406
0.3426,0.39957,0.32293,0.58692,0.24388,0.2663,0.56134,0.67357,0.31751,0.39762,0.43241,0.50848,0.5004,0.5402,0.61748,0.72108,0.37392,0.40419,0.39327,0.44895,0.23123,0.1553,0.39532,0.30985,0.32054,0.35442,0.68547,1,0.37643,0.4071,0.62715,0.52432,0.48384,0.50505,0.45745,0.53077,0.30579,0.43322,0.29333,0.32693,0.27502,0.21096,0.49712,0.34367,0.25898,0.31463,0.18257,0.36379,0.46111,0.3004,0.27243,0.37313,0.20897,0.21425,0.29746,0.3363,0.29196,0.30721,0.40628,0.39283,0.40485,0.41126,0.40257,0.3729,0.50864,0.55911,0.42083,0.44031,0.23336,0.25651,0.5092,0.52307,0.29977,0.37719,0.34075,0.42291,0.36903,0.43179,0.3883,0.44327,0.37046,0.3959,0.49786,0.49042,0.4052,0.48085,0.4305,0.40375,0.28992,0.43814,0.64811,0.55833,0.4983,0.59812,0.32809,0.10349,0.19902,0.072211,0.23007,0.21942,0.57265,0.60353,0.45204,0.42218,0.41895,0.46272,0.18647,0.070485,0.089048,0.10943,0.12091,0.0021589,0.15517,0.37118,0.20188,0.24626
0.82302,0.82839,-0.3795,-0.041421,-0.40257,-0.52615,0.17335,0.54706,-0.41644,-0.38402,0.87901,0.83882,0.85437,0.79662,0.61396,0.54693,0.82859,0.76923,0.80118,0.78909,0.18002,0.11203,-0.29758,-0.44375,-0.46572,-0.45118,0.14326,0.37643,1,0.94464,0.61113,0.084734,0.77379,0.74708,0.67173,0.53721,0.78098,0.78428,0.24427,0.30784,0.62526,0.47264,0.37724,-0.10102,0.73964,0.65418,-0.31953,0.24456,0.2253,-0.14313,0.60973,-0.13431,-0.36872,-0.37421,0.66738,0.52414,0.81414,0.73512,0.485,0.23902,0.75171,0.62054,0.83408,0.83249,0.68224,0.28331,0.65448,0.69933,0.72758,0.6773,0.73009,0.24322,0.86448,0.83899,0.77636,0.68342,0.49251,0.47061,0.75003,0.76491,0.81094,0.84299,0.68988,0.55228,0.65754,0.67166,0.44984,0.35803,0.64019,0.44025,0.22632,0.60084,-0.24674,0.11644,0.72221,0.75045,0.78727,0.76846,0.80743,0.79767,0.61265,0.5035,0.75318,0.73979,0.66682,0.76423,0.70311,0.70001,0.63582,0.74345,0.73352,0.63101,0.41017,0.56988,0.74855,0.69215
0.74396,0.77356,-0.29577,0.050901,-0.30118,-0.41135,0.20304,0.5807,-0.31053,-0.2716,0.82893,0.86807,0.82332,0.82859,0.65115,0.6419,0.806,0.80802,0.74524,0.76712,0.21693,0.21057,-0.20393,-0.3453,-0.35602,-0.34135,0.20848,0.4071,0.94464,1,0.59553,0.13586,0.71758,0.70585,0.61334,0.50145,0.7172,0.7701,0.32611,0.36863,0.62403,0.49099,0.35749,-0.065665,0.67627,0.57591,-0.229,0.29173,0.26775,-0.11185,0.58537,-0.086585,-0.26957,-0.29949,0.64619,0.52246,0.74468,0.69804,0.48958,0.26614,0.68841,0.58671,0.77623,0.79985,0.62991,0.28927,0.62387,0.65227,0.66143,0.62979,0.69792,0.31201,0.79648,0.83718,0.72198,0.6746,0.44122,0.44235,0.72575,0.77659,0.79489,0.83893,0.69816,0.63909,0.66404,0.67694,0.4948,0.43959,0.60606,0.47192,0.21347,0.54537,-0.18669,0.13051,0.69211,0.67657,0.71588,0.68631,0.72272,0.71027,0.53116,0.48223,0.65527,0.67224,0.65359,0.70128,0.62723,0.63832,0.55934,0.67647,0.66934,0.54055,0.32466,0.5495,0.68472,0.68603
0.50195,0.49277,0.070445,0.453,-0.078478,-0.043669,0.45446,0.71239,-0.015741,0.028856,0.62127,0.63559,0.67155,0.66749,0.53132,0.58723,0.41211,0.45297,0.58096,0.58522,0.16984,-0.010365,0.17345,0.06274,0.00054838,0.068479,0.30772,0.62715,0.61113,0.59553,1,0.56494,0.62298,0.70528,0.52264,0.48183,0.56096,0.55944,0.14936,0.1186,0.43501,0.30879,0.40342,0.13524,0.4704,0.36098,-0.012242,0.32271,0.46249,0.060187,0.42989,0.14484,-0.092965,-0.086474,0.28901,0.26527,0.42602,0.31118,0.29803,0.15017,0.43579,0.3171,0.53416,0.43053,0.53043,0.34111,0.42137,0.43214,0.31711,0.25461,0.70118,0.49066,0.59046,0.58716,0.63644,0.62305,0.56046,0.55162,0.40127,0.48494,0.38764,0.42665,0.44151,0.3294,0.3479,0.35917,0.26245,0.11242,0.27198,0.22707,0.50636,0.53137,0.2413,0.4342,0.40868,0.25505,0.39898,0.33768,0.44702,0.41799,0.63841,0.56869,0.5668,0.53712,0.48989,0.57152,0.3439,0.26244,0.17399,0.36923,0.38561,0.25837,0.16405,0.28571,0.4603,0.43464
0.052543,0.030006,0.43305,0.66637,0.41305,0.44234,0.46718,0.51505,0.42764,0.47214,0.17418,0.26742,0.24811,0.31407,0.39712,0.4885,0.066236,0.14423,0.06327,0.19932,0.19872,0.22639,0.49362,0.60535,0.44526,0.50023,0.44468,0.52432,0.084734,0.13586,0.56494,1,0.16169,0.28057,0.16879,0.26402,0.052369,0.10718,0.22301,0.12478,0.084177,0.060148,0.20326,0.26376,0.072004,-0.079462,0.37811,0.39599,0.55362,0.20653,0.18917,0.37174,0.34504,0.31672,-0.026327,0.061137,-0.030383,-0.03972,0.16353,0.2063,0.036656,0.055321,0.063031,0.016542,0.22406,0.35366,0.13589,0.10325,-0.13238,-0.11591,0.31141,0.58959,0.029197,0.097561,0.093765,0.266,0.24018,0.27515,0.088607,0.15825,0.023386,0.053664,0.19107,0.23318,0.1332,0.094353,0.098404,0.094474,-0.012688,0.11761,0.40831,0.16013,0.49241,0.40818,0.13454,-0.39777,-0.064839,-0.32676,-0.10817,-0.17792,0.27259,0.31734,0.12066,0.068442,0.21534,0.097225,-0.112,-0.20596,-0.33037,-0.33015,-0.25531,-0.52133,-0.44706,-0.032217,-0.0096431,0.11536
0.86125,0.85875,-0.1982,0.094581,-0.28858,-0.34141,0.31391,0.58557,-0.27282,-0.22279,0.83551,0.72972,0.7152,0.63767,0.53636,0.51374,0.74965,0.71385,0.85687,0.83311,0.1897,0.054081,-0.15749,-0.29108,-0.29943,-0.27243,0.17286,0.48384,0.77379,0.71758,0.62298,0.16169,1,0.92213,0.88563,0.7691,0.78588,0.83806,0.2759,0.385,0.57702,0.46878,0.53095,0.11756,0.69786,0.66044,-0.15827,0.36169,0.38186,0.029849,0.57512,0.089334,-0.23835,-0.20826,0.59618,0.56683,0.85623,0.7958,0.65117,0.47377,0.83676,0.7566,0.83501,0.86917,0.75921,0.55322,0.81318,0.82878,0.78458,0.75588,0.81572,0.4579,0.78205,0.76622,0.76844,0.72926,0.69892,0.67823,0.68284,0.75201,0.74818,0.78446,0.6158,0.48777,0.65495,0.68709,0.43947,0.28912,0.6334,0.5399,0.46216,0.71427,-1.022e-05,0.33526,0.59904,0.55688,0.68827,0.64233,0.72014,0.74442,0.72483,0.6772,0.73693,0.74609,0.50372,0.71451,0.59015,0.56434,0.52223,0.62027,0.65363,0.54061,0.42717,0.51198,0.61377,0.52838
0.81567,0.79396,-0.21324,0.179,-0.25618,-0.33079,0.29498,0.6778,-0.28779,-0.23149,0.84356,0.75609,0.69721,0.70421,0.48981,0.50531,0.72999,0.70912,0.81594,0.85122,0.21159,0.092163,-0.15378,-0.26952,-0.32352,-0.26981,0.14913,0.50505,0.74708,0.70585,0.70528,0.28057,0.92213,1,0.82816,0.75413,0.77876,0.81425,0.26716,0.34687,0.55351,0.5285,0.42225,0.012877,0.75088,0.57475,-0.16944,0.36241,0.48798,-0.078024,0.66741,0.01643,-0.2769,-0.26329,0.48452,0.45891,0.76844,0.68778,0.5686,0.37725,0.77577,0.65676,0.8194,0.81157,0.75135,0.52434,0.76555,0.78345,0.69632,0.67271,0.83722,0.51181,0.79144,0.7778,0.80238,0.78688,0.73082,0.71102,0.66469,0.73609,0.69584,0.74352,0.55813,0.455,0.60852,0.61666,0.42383,0.23999,0.60649,0.43322,0.4462,0.66297,0.00049244,0.28901,0.61369,0.53611,0.69166,0.59959,0.70801,0.69654,0.7406,0.64833,0.74674,0.71748,0.49236,0.65267,0.50222,0.51012,0.5243,0.63522,0.67394,0.50413,0.32949,0.45066,0.66422,0.60274
0.81731,0.77389,-0.13925,0.10404,-0.17614,-0.2987,0.34561,0.53447,-0.21785,-0.17082,0.77114,0.66891,0.65942,0.59539,0.50361,0.4494,0.75871,0.71864,0.74783,0.75333,0.17774,0.12504,-0.11917,-0.24358,-0.25002,-0.24933,0.23362,0.45745,0.67173,0.61334,0.52264,0.16879,0.88563,0.82816,1,0.87953,0.76009,0.79727,0.33933,0.44663,0.54296,0.4042,0.58728,0.1932,0.69363,0.67623,-0.084166,0.41607,0.42193,0.092636,0.56382,0.15796,-0.13852,-0.099822,0.64713,0.64569,0.8149,0.7863,0.71732,0.56839,0.8481,0.76548,0.74804,0.75409,0.80782,0.63683,0.88825,0.90211,0.7454,0.76187,0.78765,0.47776,0.70133,0.69495,0.69566,0.67992,0.70045,0.70252,0.72171,0.74099,0.75884,0.77993,0.59538,0.50358,0.70796,0.74392,0.47934,0.36831,0.70306,0.63321,0.47575,0.723,0.020493,0.34704,0.55848,0.49648,0.66303,0.56285,0.66247,0.70818,0.67188,0.68513,0.70583,0.70874,0.45103,0.67088,0.51667,0.49522,0.52792,0.58962,0.6126,0.48286,0.41688,0.48121,0.56458,0.51015
0.66561,0.62445,0.041539,0.26421,0.080699,-0.057385,0.40474,0.52985,0.034158,0.067132,0.66518,0.5904,0.53185,0.49645,0.56426,0.53191,0.71899,0.66556,0.57385,0.66939,0.28934,0.24127,0.070917,-0.010798,-0.02911,-0.016214,0.39497,0.53077,0.53721,0.50145,0.48183,0.26402,0.7691,0.75413,0.87953,1,0.61572,0.70769,0.46993,0.53849,0.46652,0.31484,0.5526,0.31594,0.51744,0.48632,0.1577,0.54614,0.48605,0.17816,0.45552,0.29025,0.065247,0.093633,0.55469,0.62001,0.67133,0.65704,0.66661,0.61632,0.70865,0.70894,0.6336,0.62543,0.69235,0.7222,0.79956,0.82544,0.59146,0.65367,0.70098,0.58182,0.53547,0.549,0.56726,0.58898,0.61887,0.68572,0.69934,0.70403,0.70418,0.70754,0.65475,0.59444,0.68901,0.73962,0.54526,0.4694,0.59045,0.62085,0.52113,0.63996,0.19353,0.38296,0.47186,0.33626,0.45452,0.35797,0.43603,0.51558,0.59753,0.61457,0.57838,0.54185,0.41443,0.51772,0.34007,0.29186,0.38502,0.39955,0.43868,0.28029,0.28858,0.38691,0.38843,0.43988
0.78328,0.75326,-0.40449,-0.12905,-0.39368,-0.51754,0.10053,0.42664,-0.42654,-0.4241,0.77135,0.69491,0.67335,0.63635,0.41599,0.39632,0.68558,0.65295,0.7721,0.73343,0.23213,0.098972,-0.35676,-0.47167,-0.51002,-0.47767,-0.0043063,0.30579,0.78098,0.7172,0.56096,0.052369,0.78588,0.77876,0.76009,0.61572,1,0.91827,0.3367,0.35463,0.72992,0.62265,0.34632,-0.1124,0.72514,0.62182,-0.35589,0.15415,0.2194,-0.16215,0.56075,-0.14796,-0.44454,-0.43442,0.52134,0.39789,0.78319,0.67198,0.52909,0.27227,0.75521,0.5728,0.77935,0.73364,0.66221,0.28837,0.69076,0.69556,0.70482,0.64476,0.78888,0.37722,0.85463,0.80837,0.86819,0.78871,0.74458,0.67779,0.5602,0.61045,0.63657,0.69375,0.47276,0.34616,0.53747,0.54307,0.39489,0.19653,0.66913,0.40822,0.41246,0.69799,-0.12774,0.25329,0.64583,0.66156,0.76889,0.74204,0.80935,0.77853,0.69832,0.60906,0.79106,0.77747,0.52086,0.76181,0.66814,0.67339,0.59549,0.72249,0.75205,0.67156,0.50483,0.56865,0.74966,0.65965
0.78315,0.79163,-0.26647,0.030225,-0.25768,-0.36915,0.20554,0.51271,-0.28657,-0.26197,0.79859,0.7577,0.6928,0.69227,0.54584,0.52827,0.76282,0.76908,0.76485,0.78388,0.30608,0.21059,-0.20821,-0.3395,-0.34814,-0.32546,0.15398,0.43322,0.78428,0.7701,0.55944,0.10718,0.83806,0.81425,0.79727,0.70769,0.91827,1,0.46135,0.55923,0.71332,0.65772,0.43446,0.015722,0.70639,0.6123,-0.19715,0.30605,0.35283,-0.049806,0.58418,-0.0027482,-0.26814,-0.27202,0.60115,0.53307,0.79585,0.74267,0.6289,0.42146,0.77048,0.64555,0.78706,0.79129,0.69131,0.42339,0.76933,0.76592,0.73729,0.71501,0.79972,0.48123,0.82249,0.8491,0.83392,0.81671,0.71309,0.69275,0.64841,0.71913,0.73328,0.80077,0.606,0.53518,0.64918,0.68707,0.5007,0.37838,0.70148,0.53976,0.43396,0.69832,-0.044667,0.28316,0.67892,0.62705,0.72173,0.67719,0.73211,0.74296,0.65548,0.62006,0.73512,0.73424,0.53896,0.71941,0.60125,0.59704,0.55578,0.67475,0.69698,0.57171,0.42675,0.54705,0.67637,0.62982
0.22232,0.25496,0.3047,0.35428,0.4626,0.27877,0.38556,0.27864,0.38915,0.36823,0.30224,0.3687,0.23917,0.28885,0.64858,0.59723,0.44562,0.47605,0.1932,0.35497,0.62171,0.53121,0.34416,0.29527,0.26714,0.27701,0.52008,0.29333,0.24427,0.32611,0.14936,0.22301,0.2759,0.26716,0.33933,0.46993,0.3367,0.46135,1,0.82288,0.55218,0.4387,0.32165,0.35344,0.061388,0.14503,0.35369,0.38878,0.34054,0.3354,0.067389,0.38197,0.32874,0.31328,0.40905,0.44196,0.25143,0.30992,0.50722,0.55662,0.27418,0.28811,0.29421,0.27077,0.28419,0.3578,0.40972,0.3743,0.17981,0.27063,0.25923,0.40375,0.19891,0.24333,0.21854,0.2942,0.17442,0.24926,0.37343,0.36997,0.38514,0.38876,0.63242,0.66331,0.41572,0.45439,0.61132,0.62558,0.41178,0.5304,0.35108,0.30685,0.32328,0.30585,0.20139,0.064048,0.03124,-0.013961,-0.00075157,0.070493,0.15086,0.29252,0.16525,0.1201,0.31409,0.19291,0.09165,-0.0060331,0.066245,0.044527,0.011854,-0.089611,0.079602,0.26156,0.040235,0.26196
0.33837,0.39103,0.25263,0.31022,0.36568,0.20436,0.37061,0.28075,0.2774,0.29481,0.37923,0.38455,0.2859,0.31777,0.62339,0.54416,0.56949,0.57254,0.25924,0.38794,0.62002,0.46994,0.26595,0.20126,0.21785,0.22156,0.4999,0.32693,0.30784,0.36863,0.1186,0.12478,0.385,0.34687,0.44663,0.53849,0.35463,0.55923,0.82288,1,0.44156,0.53739,0.4227,0.39453,0.17034,0.26316,0.35087,0.46348,0.37773,0.34518,0.16615,0.40779,0.36199,0.33639,0.51872,0.59386,0.39116,0.47049,0.55186,0.62074,0.3657,0.40661,0.36445,0.38612,0.34299,0.44431,0.51291,0.49326,0.36632,0.45486,0.34069,0.42413,0.26189,0.33835,0.26084,0.34511,0.23322,0.30643,0.52742,0.49973,0.51838,0.5183,0.66241,0.72221,0.53436,0.59588,0.52466,0.60513,0.49627,0.61017,0.30611,0.34669,0.22819,0.24673,0.26146,0.16906,0.12804,0.06133,0.077244,0.18737,0.17518,0.3165,0.21706,0.16817,0.29983,0.20669,0.12479,0.052312,0.18553,0.13253,0.094295,-0.012232,0.12031,0.23518,0.077619,0.21787
0.58398,0.57719,-0.18693,0.023842,-0.18878,-0.29532,0.19275,0.38251,-0.20028,-0.20796,0.59547,0.59714,0.57467,0.54627,0.4966,0.46468,0.55582,0.5263,0.62696,0.61519,0.18764,0.17838,-0.12936,-0.24669,-0.28645,-0.25709,0.11812,0.27502,0.62526,0.62403,0.43501,0.084177,0.57702,0.55351,0.54296,0.46652,0.72992,0.71332,0.55218,0.44156,1,0.60489,0.35698,0.026666,0.46358,0.48532,-0.21864,0.10353,0.12783,-0.0082158,0.30128,-0.071559,-0.29698,-0.28275,0.44378,0.31481,0.57596,0.48698,0.41326,0.21705,0.5394,0.40062,0.58005,0.52175,0.48662,0.20122,0.49629,0.49941,0.49826,0.44587,0.55306,0.25735,0.65102,0.62075,0.63609,0.60403,0.49696,0.46216,0.4404,0.49457,0.50647,0.52716,0.51792,0.39361,0.39186,0.4084,0.43292,0.28366,0.50478,0.3271,0.33679,0.47279,-0.036585,0.2058,0.4069,0.50172,0.50879,0.51112,0.5472,0.514,0.48701,0.43458,0.57944,0.54541,0.51961,0.62651,0.52789,0.51006,0.40403,0.49547,0.48973,0.45142,0.41072,0.50374,0.52274,0.5395
0.48905,0.50023,-0.24171,-0.027829,-0.22501,-0.29018,0.054571,0.3073,-0.26815,-0.23142,0.5169,0.47452,0.40863,0.46292,0.30978,0.32102,0.45526,0.45414,0.47205,0.46055,0.3034,0.28535,-0.21391,-0.28691,-0.32492,-0.27515,-0.024527,0.21096,0.47264,0.49099,0.30879,0.060148,0.46878,0.5285,0.4042,0.31484,0.62265,0.65772,0.4387,0.53739,0.60489,1,0.17358,-0.15265,0.466,0.34756,-0.28315,0.0025935,0.13987,-0.16,0.37738,-0.16157,-0.29712,-0.31254,0.30971,0.17912,0.4722,0.4091,0.26092,0.10351,0.42865,0.3004,0.52671,0.49283,0.42148,0.12775,0.36223,0.35013,0.4324,0.36642,0.48003,0.27202,0.58007,0.60357,0.56861,0.57508,0.47181,0.41372,0.35085,0.4147,0.39798,0.43476,0.31732,0.28796,0.29345,0.30601,0.25005,0.13834,0.44969,0.23223,0.21118,0.35254,-0.10681,0.081972,0.39309,0.44729,0.47841,0.4383,0.48653,0.43757,0.37502,0.35176,0.48353,0.46931,0.30911,0.44348,0.4138,0.44779,0.35202,0.44964,0.46035,0.3719,0.21058,0.34702,0.48213,0.42779
