1,0.69976,0.61289,0.62648,0.5926,0.68651,0.68221,0.62131,0.5684,0.48871,0.52149,0.64922,0.55462,0.63691,0.3131,0.48561,0.42371,0.58928,0.67685,0.71524,0.35475,0.22157,0.40395,0.41703,-0.08879,0.4883,0.21958,0.28717,0.58459,0.6651,0.42558,0.49395,0.62533,0.56538,0.54251,0.55774,0.62974,0.55042,0.63679,0.6155,0.62676,0.6736,0.52872,0.47857,0.43832,0.65424,0.55816,0.73943,0.50674,0.7381,0.70096,0.70476,0.59748,0.43169,0.72876,0.63896,0.58265,0.59723,0.7233,0.72457,0.76246,0.74834,0.77321,0.7271,0.4306,0.58405,0.61212,0.5959,0.73671,0.70226,0.44755,0.54964,0.3794,0.66451,0.40757,0.60039,0.55331,0.66029,0.61978,0.24303,0.62843,0.59599,0.62321,0.52932,0.71567,0.76009,0.63768,0.26203,0.79149,0.84899,0.60309,0.61837,0.55934,0.63284,0.55356,0.2749,0.75899,0.59121,0.63386,0.71168,0.56357,0.60438,0.55791,0.6385,0.54465,0.62822,-0.18545,0.46122,0.27164,0.5828,0.74734,0.64056,0.61845,0.67543,0.48864,-0.53707
0.69976,1,0.42445,0.43383,0.41214,0.51148,0.40182,0.44451,0.29535,0.29,0.44157,0.46814,0.38813,0.45071,0.38408,0.4585,0.77665,0.81347,0.52067,0.63813,0.37437,0.25229,0.38457,0.33907,0.035043,0.33432,0.17626,0.29396,0.64333,0.58544,0.37554,0.42609,0.5594,0.58463,0.4001,0.38656,0.39209,0.33152,0.39201,0.36772,0.44428,0.38788,0.55735,0.50818,0.55064,0.61453,0.687,0.66221,0.66444,0.58414,0.64407,0.66359,0.66809,0.52042,0.60466,0.56577,0.85347,0.87061,0.63079,0.60133,0.66137,0.52751,0.7067,0.62296,0.38464,0.3248,0.41662,0.37518,0.72846,0.73644,0.26905,0.29648,0.41555,0.43044,0.3548,0.28793,0.36911,0.37015,0.77625,0.5914,0.80724,0.72548,0.48154,0.55665,0.56875,0.61476,0.42357,0.3743,0.46442,0.5606,0.44273,0.321,0.23029,0.2677,0.48481,0.27178,0.5849,0.54754,0.66075,0.61741,0.31902,0.27325,0.32649,0.33232,0.26169,0.2493,-0.028403,0.17453,0.21801,0.33058,0.41821,0.43115,0.30253,0.37015,0.19288,-0.32404
0.61289,0.42445,1,0.79685,0.54559,0.58222,0.82812,0.68815,0.42913,0.42463,0.3736,0.50745,0.55858,0.57872,0.52557,0.62044,0.25441,0.38862,0.75178,0.7283,0.51065,0.44496,0.85017,0.82014,0.2768,0.71587,0.34953,0.4511,0.54988,0.5756,0.77922,0.79339,0.81198,0.75975,0.80533,0.71491,0.5087,0.42668,0.45051,0.40166,0.41777,0.46117,0.54124,0.4404,0.65586,0.65723,0.42486,0.63106,0.392,0.50533,0.52592,0.40485,0.3304,0.2319,0.51342,0.47772,0.26723,0.34908,0.50169,0.50174,0.60921,0.62721,0.48471,0.51769,0.76619,0.59593,0.78675,0.69995,0.45814,0.51783,0.65145,0.70403,0.44527,0.59815,0.47646,0.53095,0.57888,0.64125,0.42326,0.19371,0.35933,0.37492,0.61331,0.47034,0.71289,0.60956,0.55341,0.26305,0.58898,0.60984,0.61934,0.68378,0.5874,0.69938,0.4299,0.19194,0.54925,0.4871,0.48917,0.54545,0.56914,0.57401,0.44659,0.52695,0.45368,0.54669,0.0080602,0.42016,0.047651,0.47261,0.58051,0.50866,0.47294,0.51789,0.47225,-0.36237
0.62648,0.43383,0.79685,1,0.57511,0.75537,0.75331,0.93048,0.45229,0.50021,0.34027,0.67706,0.42211,0.75008,0.27762,0.59662,0.24765,0.43914,0.70232,0.78577,0.49263,0.35903,0.64442,0.82027,0.045449,0.71322,0.21667,0.39061,0.56649,0.73628,0.72976,0.83488,0.83715,0.8161,0.79103,0.76845,0.5408,0.52537,0.65729,0.53209,0.61889,0.63558,0.48278,0.38527,0.63742,0.77596,0.34246,0.72229,0.40171,0.67368,0.56784,0.5056,0.39302,0.17749,0.60407,0.6043,0.27569,0.28399,0.47868,0.60451,0.57915,0.79307,0.55823,0.70841,0.54146,0.72635,0.75372,0.87088,0.45004,0.44968,0.59257,0.79345,0.4954,0.77416,0.53996,0.71945,0.64726,0.80375,0.45273,0.12489,0.39056,0.40819,0.55374,0.43361,0.66622,0.71217,0.53148,0.16176,0.66118,0.71731,0.8313,0.65759,0.81589,0.65435,0.44646,0.26395,0.67377,0.56618,0.62279,0.71012,0.8297,0.6347,0.72582,0.70077,0.69105,0.71331,-0.18363,0.52827,0.063812,0.46052,0.7197,0.6841,0.62989,0.71518,0.63818,-0.57497
0.5926,0.41214,0.54559,0.57511,1,0.80216,0.56573,0.61385,0.62128,0.65266,0.2209,0.61807,0.46274,0.61627,0.3005,0.52731,0.06328,0.30332,0.4444,0.47735,0.20639,0.10852,0.4144,0.3876,-0.2107,0.42246,0.5661,0.48243,0.48589,0.63602,0.52886,0.5567,0.51593,0.44741,0.55533,0.53323,0.63634,0.62373,0.53814,0.62177,0.62277,0.66553,0.38013,0.35706,0.3935,0.57625,0.36907,0.59393,0.31514,0.67579,0.55886,0.63709,0.45887,0.26927,0.59206,0.54547,0.19813,0.38582,0.49409,0.61667,0.55468,0.74412,0.54826,0.64568,0.39012,0.46476,0.51486,0.60079,0.46559,0.45279,0.38782,0.48558,0.16847,0.58297,0.32453,0.64593,0.41278,0.6006,0.36658,0.11713,0.36859,0.5011,0.59877,0.49543,0.58283,0.69657,0.66192,0.16814,0.61873,0.73374,0.42261,0.37484,0.53296,0.57001,0.45104,0.28914,0.57135,0.46831,0.26233,0.36949,0.48617,0.42512,0.40145,0.38811,0.42216,0.5945,-0.389,0.34667,0.040996,0.61121,0.60078,0.39132,0.4728,0.51497,0.47742,-0.54779
0.68651,0.51148,0.58222,0.75537,0.80216,1,0.63476,0.81506,0.62661,0.65909,0.32475,0.69091,0.43781,0.73892,0.22294,0.5584,0.23258,0.51117,0.59894,0.69178,0.33047,0.14235,0.41337,0.47429,-0.19617,0.51471,0.31725,0.39039,0.57771,0.78273,0.58702,0.67424,0.65497,0.6177,0.62796,0.63423,0.53197,0.50774,0.65527,0.58937,0.69821,0.71475,0.4167,0.31419,0.51729,0.74109,0.38371,0.71511,0.48384,0.80652,0.60626,0.69194,0.50759,0.30595,0.66572,0.64387,0.36888,0.42708,0.52909,0.6499,0.58683,0.83574,0.69526,0.79344,0.38186,0.55849,0.57079,0.73108,0.55234,0.50288,0.40281,0.61912,0.29476,0.74872,0.40046,0.74081,0.48723,0.70239,0.53953,0.14818,0.51488,0.55053,0.5579,0.43095,0.6429,0.72925,0.63358,0.025634,0.73599,0.80687,0.66878,0.54838,0.71421,0.64823,0.44626,0.26127,0.70843,0.52642,0.56875,0.64594,0.69793,0.56776,0.67773,0.65267,0.62191,0.71016,-0.45236,0.42222,0.046021,0.54268,0.72649,0.62871,0.60504,0.72191,0.5707,-0.66503
0.68221,0.40182,0.82812,0.75331,0.56573,0.63476,1,0.78582,0.57789,0.53122,0.6248,0.74877,0.74528,0.71978,0.49476,0.57963,0.17348,0.37418,0.81156,0.76944,0.5107,0.42476,0.5711,0.56545,0.0083249,0.47676,0.19446,0.2398,0.65696,0.63752,0.6954,0.70683,0.80291,0.74326,0.69362,0.65934,0.50156,0.36491,0.46537,0.38746,0.45828,0.52609,0.3806,0.29655,0.52717,0.62424,0.32989,0.60557,0.36407,0.59134,0.45856,0.41626,0.39695,0.22873,0.50677,0.45286,0.17162,0.2194,0.555,0.61796,0.68842,0.71037,0.55248,0.67435,0.57839,0.52507,0.66117,0.67533,0.40148,0.46467,0.74704,0.77399,0.53886,0.65792,0.53707,0.58452,0.66566,0.73175,0.37179,0.072339,0.3195,0.29697,0.54646,0.34354,0.66536,0.52555,0.44491,-0.0030424,0.75456,0.69297,0.75157,0.83176,0.6672,0.76507,0.43199,0.17581,0.56445,0.43348,0.53641,0.57506,0.70206,0.79645,0.60313,0.6505,0.46387,0.60322,-0.0096933,0.44675,0.093862,0.50043,0.62911,0.59308,0.60645,0.58981,0.48915,-0.41376
0.62131,0.44451,0.68815,0.93048,0.61385,0.81506,0.78582,1,0.54302,0.58846,0.40204,0.78799,0.44676,0.82212,0.20772,0.54623,0.25072,0.47995,0.6865,0.7742,0.48649,0.33851,0.47943,0.63373,-0.09505,0.58146,0.14211,0.29012,0.61881,0.78078,0.70607,0.79549,0.80703,0.79073,0.72702,0.72953,0.51392,0.47286,0.66469,0.51874,0.63865,0.65308,0.39315,0.28309,0.58329,0.76107,0.30069,0.695,0.38576,0.72969,0.50032,0.50302,0.39776,0.12928,0.59233,0.55786,0.25273,0.23386,0.50461,0.65656,0.58607,0.85629,0.60079,0.81222,0.39515,0.67629,0.65745,0.85374,0.3979,0.41191,0.58605,0.78866,0.47121,0.78222,0.54051,0.74129,0.65243,0.82854,0.45834,0.10129,0.40094,0.38005,0.46578,0.32441,0.58615,0.62548,0.45819,-0.046384,0.70949,0.72852,0.84237,0.665,0.81198,0.63709,0.43892,0.23221,0.67335,0.53132,0.63785,0.70227,0.85604,0.69683,0.7891,0.73912,0.68649,0.71008,-0.27984,0.49603,0.066807,0.48676,0.74469,0.72846,0.68189,0.75071,0.61172,-0.60254
0.5684,0.29535,0.42913,0.45229,0.62128,0.62661,0.57789,0.54302,1,0.65405,0.466,0.60661,0.59438,0.64761,0.38823,0.45599,0.13999,0.34179,0.48462,0.48172,0.18411,0.098654,0.27451,0.26268,-0.0060628,0.31823,0.22199,0.19462,0.50109,0.56926,0.37458,0.4014,0.47442,0.41294,0.46147,0.43737,0.52981,0.40817,0.52253,0.49266,0.50724,0.61887,0.10928,0.047939,0.1723,0.35165,0.14593,0.46736,0.18887,0.49951,0.35709,0.42768,0.38683,0.14523,0.52071,0.42189,0.13927,0.17867,0.44295,0.50541,0.57293,0.65012,0.5474,0.60452,0.24879,0.31412,0.30268,0.39982,0.35552,0.35994,0.32745,0.46767,0.29947,0.59455,0.35093,0.55862,0.47351,0.55468,0.35384,0.028626,0.29356,0.2577,0.41086,0.2681,0.46948,0.44301,0.44999,-0.074691,0.77789,0.7348,0.48544,0.57339,0.55586,0.66227,0.30491,0.16767,0.51673,0.38964,0.38382,0.48498,0.51399,0.66664,0.53966,0.61127,0.43623,0.57794,-0.16314,0.49972,0.1324,0.40289,0.6255,0.54232,0.56263,0.53112,0.38219,-0.46208
0.48871,0.29,0.42463,0.50021,0.65266,0.65909,0.53122,0.58846,0.65405,1,0.32884,0.63553,0.54039,0.59656,0.28394,0.4698,0.045684,0.22139,0.38969,0.38025,0.26659,0.17163,0.23652,0.25411,-0.096427,0.37676,0.53967,0.54218,0.3642,0.46512,0.36417,0.35899,0.43843,0.35266,0.4113,0.38224,0.42834,0.39228,0.3846,0.42105,0.43748,0.57119,0.26378,0.24279,0.19611,0.42868,0.24599,0.45953,0.17941,0.52635,0.34449,0.40934,0.29997,0.20487,0.39883,0.33663,0.10033,0.19402,0.42927,0.51023,0.47479,0.67068,0.46675,0.55329,0.21023,0.46136,0.29147,0.43341,0.38622,0.39943,0.33797,0.42891,0.1719,0.46536,0.23086,0.55024,0.36618,0.521,0.30321,0.10064,0.35842,0.34902,0.44376,0.33282,0.43416,0.44564,0.42263,-0.044746,0.65829,0.66002,0.40307,0.40927,0.50944,0.49884,0.29513,0.16988,0.3838,0.35525,0.18923,0.27731,0.49217,0.50129,0.39725,0.37136,0.30237,0.40436,-0.18115,0.27863,0.16196,0.47101,0.49277,0.34848,0.3587,0.4254,0.33935,-0.47836
0.52149,0.44157,0.3736,0.34027,0.2209,0.32475,0.6248,0.40204,0.466,0.32884,1,0.68244,0.77632,0.57086,0.61408,0.60013,0.37042,0.45401,0.57919,0.54884,0.40887,0.36116,0.26177,0.16817,0.055276,0.057294,-0.048857,0.0071082,0.70324,0.48971,0.35777,0.32885,0.51523,0.52114,0.24613,0.26045,0.24167,0.069521,0.16043,0.11482,0.18804,0.22631,0.076178,0.071487,0.18297,0.21581,0.25115,0.32419,0.25026,0.2783,0.23776,0.27664,0.51945,0.41855,0.36668,0.31583,0.24994,0.27325,0.40056,0.42084,0.61776,0.40401,0.56745,0.56123,0.29672,0.10362,0.1912,0.16288,0.27131,0.33264,0.56671,0.47416,0.60972,0.40879,0.43814,0.21522,0.53143,0.40415,0.35477,0.28218,0.41398,0.30653,0.3964,0.40899,0.48529,0.28278,0.22133,0.13189,0.57285,0.53383,0.4849,0.65658,0.27569,0.42214,0.35014,0.2161,0.32969,0.30679,0.49613,0.45383,0.41183,0.56714,0.43331,0.45542,0.21401,0.24582,0.19873,0.053254,0.21801,0.27387,0.2885,0.39046,0.30301,0.27648,0.094641,-0.055176
0.64922,0.46814,0.50745,0.67706,0.61807,0.69091,0.74877,0.78799,0.60661,0.63553,0.68244,1,0.65161,0.86122,0.35456,0.63968,0.27246,0.46318,0.59118,0.65765,0.41799,0.31554,0.28144,0.3331,-0.24737,0.27189,0.20805,0.22873,0.74518,0.75622,0.53603,0.57244,0.68771,0.66409,0.49552,0.51433,0.53992,0.46016,0.53996,0.49684,0.5775,0.62198,0.25974,0.23283,0.36607,0.55298,0.30419,0.59012,0.31486,0.66549,0.42606,0.52251,0.4937,0.28728,0.57774,0.52823,0.22186,0.27628,0.537,0.69096,0.67522,0.78155,0.68031,0.8473,0.2775,0.5014,0.46693,0.61653,0.42567,0.44215,0.59422,0.6852,0.49326,0.67654,0.50433,0.62434,0.64454,0.74511,0.42934,0.20229,0.45083,0.41043,0.54095,0.44802,0.55059,0.54983,0.42684,0.020063,0.72985,0.77575,0.66939,0.58561,0.59247,0.51888,0.48562,0.31966,0.59234,0.5073,0.48842,0.53944,0.6964,0.64743,0.61683,0.57861,0.46522,0.55195,-0.13459,0.30728,0.14089,0.53174,0.6317,0.5573,0.51354,0.55744,0.4044,-0.45969
0.55462,0.38813,0.55858,0.42211,0.46274,0.43781,0.74528,0.44676,0.59438,0.54039,0.77632,0.65161,1,0.61086,0.76993,0.68139,0.21104,0.36328,0.67024,0.55193,0.32168,0.30619,0.47232,0.3285,0.12474,0.24454,0.28936,0.27711,0.71765,0.53374,0.48725,0.44262,0.54819,0.50024,0.42907,0.35846,0.47321,0.31902,0.28739,0.30203,0.36559,0.43038,0.22034,0.2401,0.2073,0.28947,0.34042,0.44762,0.18379,0.34074,0.25425,0.31228,0.41085,0.36891,0.43662,0.3816,0.15376,0.25503,0.35762,0.38357,0.57415,0.45645,0.49764,0.47797,0.49676,0.23854,0.29525,0.25921,0.32367,0.40744,0.6394,0.57178,0.57178,0.50422,0.49752,0.37296,0.604,0.5373,0.37457,0.28877,0.38819,0.39525,0.6392,0.52814,0.6458,0.4241,0.46221,0.19598,0.66002,0.6051,0.44463,0.67715,0.33815,0.58738,0.50583,0.31958,0.42545,0.39675,0.3464,0.39629,0.38679,0.58463,0.34172,0.42246,0.29192,0.40638,0.12845,0.20607,0.20063,0.45245,0.38866,0.35724,0.35862,0.3461,0.35247,-0.15864
0.63691,0.45071,0.57872,0.75008,0.61627,0.73892,0.71978,0.82212,0.64761,0.59656,0.57086,0.86122,0.61086,1,0.37146,0.70223,0.3108,0.51436,0.62165,0.71227,0.43045,0.36359,0.41098,0.49753,-0.11275,0.42687,0.17849,0.25109,0.72468,0.80651,0.59656,0.66241,0.70486,0.70141,0.60038,0.57929,0.54787,0.50022,0.61692,0.55791,0.59101,0.68285,0.30472,0.26297,0.44582,0.61116,0.32752,0.64204,0.37922,0.68032,0.4898,0.54351,0.48586,0.26059,0.63808,0.57725,0.28981,0.28358,0.47947,0.62984,0.5747,0.74792,0.64994,0.80906,0.36438,0.54252,0.53724,0.68758,0.44698,0.48449,0.57427,0.71138,0.49635,0.76196,0.54381,0.70639,0.68618,0.77027,0.50027,0.19277,0.46999,0.46358,0.59133,0.50485,0.62094,0.65539,0.53399,0.12726,0.74998,0.78865,0.71857,0.61297,0.68983,0.58154,0.5112,0.37343,0.65397,0.56187,0.59113,0.66063,0.76237,0.62001,0.71786,0.68686,0.63898,0.68139,-0.20463,0.37165,0.17043,0.52176,0.69752,0.64933,0.60924,0.66796,0.53084,-0.48691
0.3131,0.38408,0.52557,0.27762,0.3005,0.22294,0.49476,0.20772,0.38823,0.28394,0.61408,0.35456,0.76993,0.37146,1,0.7535,0.27827,0.30856,0.59573,0.47377,0.39556,0.41834,0.66055,0.44148,0.41739,0.2746,0.346,0.36778,0.62644,0.34538,0.49752,0.4273,0.48101,0.48924,0.36424,0.25923,0.27047,0.15208,0.038768,0.092327,0.10632,0.13969,0.17434,0.17629,0.27366,0.1754,0.3346,0.2932,0.21696,0.10111,0.19522,0.2111,0.37854,0.42639,0.29555,0.269,0.2024,0.31705,0.24769,0.23353,0.47349,0.25288,0.35166,0.24892,0.66767,0.039589,0.21317,0.061288,0.28781,0.37265,0.51124,0.39223,0.57474,0.30635,0.45782,0.14894,0.4377,0.27197,0.35802,0.35546,0.32721,0.33556,0.63616,0.61811,0.63099,0.33134,0.43734,0.4973,0.39995,0.36598,0.22963,0.46143,0.088754,0.35394,0.40044,0.3038,0.20931,0.31048,0.26099,0.25087,0.14518,0.25831,0.093435,0.17374,0.081797,0.12516,0.28166,-0.009149,0.17912,0.27846,0.1128,0.12826,0.065913,0.049248,0.096792,0.078815
0.48561,0.4585,0.62044,0.59662,0.52731,0.5584,0.57963,0.54623,0.45599,0.4698,0.60013,0.63968,0.68139,0.70223,0.7535,1,0.32387,0.4368,0.63628,0.65159,0.47043,0.41881,0.65885,0.59768,0.21152,0.44218,0.32197,0.38444,0.74639,0.66034,0.63881,0.64257,0.65667,0.68361,0.52437,0.47627,0.41538,0.34287,0.31978,0.33916,0.35383,0.41669,0.28441,0.28806,0.43487,0.46908,0.40111,0.51324,0.35955,0.43542,0.40473,0.46916,0.52422,0.46257,0.54338,0.51849,0.29715,0.39912,0.34038,0.43185,0.54814,0.55278,0.5659,0.5896,0.60643,0.29995,0.39486,0.40333,0.38912,0.45052,0.58181,0.5732,0.55552,0.56619,0.55468,0.4584,0.54131,0.5219,0.46777,0.30761,0.48387,0.50625,0.69769,0.73355,0.73722,0.61658,0.60033,0.48159,0.54482,0.62129,0.44143,0.50407,0.38557,0.43585,0.47468,0.37517,0.4509,0.50228,0.44098,0.4804,0.4734,0.34679,0.41286,0.41459,0.4041,0.41633,-0.0096382,0.071336,0.14301,0.46201,0.42054,0.35532,0.26592,0.34825,0.28449,-0.20867
0.42371,0.77665,0.25441,0.24765,0.06328,0.23258,0.17348,0.25072,0.13999,0.045684,0.37042,0.27246,0.21104,0.3108,0.27827,0.32387,1,0.88003,0.36149,0.49356,0.32268,0.2259,0.30875,0.27059,0.12425,0.20662,-0.044115,0.045032,0.56957,0.46681,0.24322,0.27195,0.43098,0.48858,0.23684,0.25559,0.20664,0.10923,0.19681,0.14036,0.2416,0.16417,0.37249,0.30964,0.38004,0.34956,0.52427,0.45828,0.45155,0.28511,0.3946,0.35761,0.45359,0.34058,0.43068,0.33005,0.82954,0.70692,0.33336,0.24229,0.38577,0.26,0.54235,0.44581,0.28152,0.16769,0.21239,0.17282,0.49662,0.51807,0.18345,0.18753,0.43534,0.29471,0.25643,0.090746,0.29746,0.23608,0.75246,0.73569,0.76958,0.59536,0.26287,0.40605,0.37195,0.38278,0.16768,0.30461,0.21699,0.25621,0.29294,0.23372,0.039953,0.084441,0.35538,0.18682,0.38722,0.4103,0.62421,0.5617,0.13994,0.080263,0.20535,0.23808,0.20237,0.082007,0.063659,-0.034922,0.26162,0.12722,0.26592,0.37593,0.16891,0.26017,0.077283,-0.052449
0.58928,0.81347,0.38862,0.43914,0.30332,0.51117,0.37418,0.47995,0.34179,0.22139,0.45401,0.46318,0.36328,0.51436,0.30856,0.4368,0.88003,1,0.5235,0.65292,0.33964,0.20966,0.39292,0.36117,0.04997,0.32941,0.0065743,0.10567,0.71368,0.72563,0.44394,0.48808,0.57797,0.61762,0.4084,0.41497,0.33886,0.27714,0.39439,0.34708,0.47746,0.40107,0.43256,0.3273,0.46502,0.51738,0.57011,0.63794,0.5015,0.52764,0.49438,0.54117,0.57928,0.38408,0.60635,0.50959,0.7995,0.74035,0.40428,0.39803,0.50464,0.48676,0.72525,0.66684,0.31632,0.27625,0.33456,0.373,0.58798,0.59609,0.2876,0.38099,0.45086,0.52119,0.37769,0.34187,0.42583,0.45681,0.81602,0.7376,0.81689,0.70949,0.42375,0.49114,0.52619,0.56237,0.36863,0.23021,0.44274,0.48762,0.45263,0.39453,0.25952,0.3055,0.5357,0.30103,0.59557,0.56258,0.73548,0.70523,0.34652,0.29254,0.43255,0.44497,0.40221,0.35652,-0.16033,0.12564,0.24616,0.3266,0.49253,0.53735,0.37779,0.5276,0.28377,-0.24436
0.67685,0.52067,0.75178,0.70232,0.4444,0.59894,0.81156,0.6865,0.48462,0.38969,0.57919,0.59118,0.67024,0.62165,0.59573,0.63628,0.36149,0.5235,1,0.9107,0.43796,0.34372,0.65309,0.62678,0.14441,0.5211,0.11837,0.21843,0.6867,0.65887,0.69375,0.71779,0.7935,0.78523,0.65353,0.6326,0.45355,0.32271,0.44977,0.36048,0.45776,0.50015,0.31666,0.21511,0.47491,0.55157,0.40393,0.62934,0.38147,0.5348,0.3956,0.44529,0.39641,0.2721,0.52201,0.46999,0.36552,0.35698,0.45149,0.52411,0.59824,0.64021,0.59088,0.64992,0.63063,0.37741,0.54528,0.55125,0.52029,0.50663,0.63159,0.69312,0.57772,0.69503,0.53371,0.54782,0.62414,0.67013,0.50013,0.18316,0.43158,0.37726,0.61228,0.43262,0.68732,0.54535,0.52053,0.13567,0.6421,0.61474,0.70715,0.78243,0.57197,0.66116,0.40785,0.15904,0.56696,0.44329,0.66654,0.66738,0.59608,0.62601,0.57939,0.65478,0.48116,0.55583,-0.051794,0.39474,0.13749,0.4311,0.59077,0.63715,0.54619,0.59057,0.48934,-0.35832
0.71524,0.63813,0.7283,0.78577,0.47735,0.69178,0.76944,0.7742,0.48172,0.38025,0.54884,0.65765,0.55193,0.71227,0.47377,0.65159,0.49356,0.65292,0.9107,1,0.51058,0.37295,0.62414,0.65796,0.078996,0.54763,0.080746,0.20551,0.72121,0.7626,0.68855,0.75811,0.84804,0.88015,0.67432,0.68503,0.46124,0.33666,0.50667,0.3886,0.49599,0.51868,0.37393,0.25484,0.59617,0.68553,0.41549,0.69317,0.50789,0.63664,0.52344,0.54677,0.48672,0.30988,0.59881,0.5411,0.50514,0.45662,0.54059,0.61869,0.63137,0.71179,0.6669,0.7652,0.59796,0.44903,0.60567,0.66098,0.60342,0.58938,0.58825,0.69795,0.58759,0.74128,0.54808,0.59165,0.60107,0.70029,0.59566,0.21855,0.54483,0.47926,0.57175,0.46484,0.69904,0.64737,0.49071,0.16487,0.66036,0.66734,0.79885,0.76455,0.65818,0.65863,0.43694,0.19904,0.64336,0.51149,0.8023,0.79548,0.7114,0.65015,0.69518,0.72156,0.58546,0.59964,-0.095628,0.39778,0.14706,0.40746,0.67044,0.72806,0.62929,0.68508,0.50206,-0.45279
0.35475,0.37437,0.51065,0.49263,0.20639,0.33047,0.5107,0.48649,0.18411,0.26659,0.40887,0.41799,0.32168,0.43045,0.39556,0.47043,0.32268,0.33964,0.43796,0.51058,1,0.79735,0.49517,0.50144,0.32098,0.50021,0.17025,0.31645,0.44486,0.38222,0.58473,0.56118,0.63011,0.6265,0.52706,0.53948,0.23193,0.08725,0.22813,0.065585,0.14038,0.11004,0.29652,0.2002,0.55356,0.47681,0.21609,0.33167,0.39394,0.31742,0.32329,0.22166,0.34507,0.23289,0.26064,0.23497,0.28027,0.24337,0.50563,0.46828,0.42973,0.45208,0.33525,0.41623,0.39438,0.36312,0.46068,0.41408,0.29071,0.3316,0.64519,0.57544,0.54422,0.41077,0.44018,0.28091,0.44624,0.39757,0.3324,0.1918,0.29287,0.26709,0.3221,0.31525,0.47294,0.33964,0.18283,0.24271,0.44401,0.32106,0.52637,0.49025,0.40881,0.38806,0.23001,0.14594,0.28299,0.25364,0.49406,0.46413,0.49592,0.41725,0.38295,0.37494,0.24769,0.17719,0.14582,0.059649,0.12971,0.19697,0.28522,0.40293,0.30073,0.27934,0.16557,-0.10482
0.22157,0.25229,0.44496,0.35903,0.10852,0.14235,0.42476,0.33851,0.098654,0.17163,0.36116,0.31554,0.30619,0.36359,0.41834,0.41881,0.2259,0.20966,0.34372,0.37295,0.79735,1,0.45596,0.42274,0.47312,0.49035,0.20911,0.3857,0.37607,0.27622,0.57306,0.51524,0.52426,0.51791,0.39534,0.40921,0.15796,0.071563,0.14599,0.13583,-0.01682,0.059321,0.28146,0.24364,0.57565,0.39652,0.23525,0.28695,0.39872,0.23001,0.2482,0.12839,0.26983,0.25302,0.21602,0.23442,0.16484,0.1396,0.39976,0.35605,0.28776,0.22313,0.20897,0.23527,0.31799,0.26459,0.40854,0.31646,0.22831,0.33464,0.57178,0.43339,0.46655,0.27773,0.35335,0.14389,0.36731,0.24152,0.22136,0.20507,0.20408,0.23041,0.31347,0.35372,0.35938,0.23565,0.11835,0.28521,0.3055,0.22484,0.33473,0.37165,0.25058,0.22739,0.19636,0.17636,0.15827,0.3156,0.36099,0.37433,0.35693,0.29235,0.29537,0.2768,0.17419,0.13476,0.17327,0.083777,0.13212,0.11829,0.1428,0.26616,0.15298,0.13024,0.063345,0.087821
0.40395,0.38457,0.85017,0.64442,0.4144,0.41337,0.5711,0.47943,0.27451,0.23652,0.26177,0.28144,0.47232,0.41098,0.66055,0.65885,0.30875,0.39292,0.65309,0.62414,0.49517,0.45596,1,0.8909,0.47567,0.69098,0.33628,0.44748,0.49339,0.48807,0.73565,0.73994,0.68538,0.68599,0.74665,0.62359,0.41888,0.3354,0.2921,0.27907,0.32611,0.30164,0.49921,0.43103,0.60342,0.5245,0.41862,0.53079,0.306,0.313,0.41048,0.30717,0.29617,0.26473,0.42263,0.40265,0.28883,0.37022,0.27549,0.24609,0.40311,0.42546,0.36339,0.33166,0.81748,0.38467,0.62476,0.49337,0.36051,0.45243,0.55291,0.58621,0.4676,0.48606,0.46805,0.37712,0.49383,0.50762,0.4186,0.3202,0.34415,0.39737,0.64469,0.57779,0.72595,0.57608,0.55897,0.49908,0.38297,0.40161,0.43456,0.53196,0.42707,0.57077,0.41055,0.21467,0.44013,0.4553,0.4317,0.47622,0.40173,0.32845,0.30713,0.33792,0.3946,0.39035,0.055823,0.23922,0.046514,0.35038,0.42904,0.38537,0.31128,0.38055,0.40228,-0.21134
0.41703,0.33907,0.82014,0.82027,0.3876,0.47429,0.56545,0.63373,0.26268,0.25411,0.16817,0.3331,0.3285,0.49753,0.44148,0.59768,0.27059,0.36117,0.62678,0.65796,0.50144,0.42274,0.8909,1,0.40046,0.79799,0.26332,0.43505,0.45185,0.54426,0.72667,0.79488,0.74477,0.75455,0.805,0.7223,0.45929,0.42367,0.44367,0.36645,0.40778,0.39823,0.52516,0.43929,0.64165,0.62506,0.37452,0.59061,0.3253,0.3993,0.46819,0.33355,0.27886,0.15797,0.47557,0.4859,0.25629,0.28336,0.28192,0.30495,0.3883,0.50479,0.35959,0.39048,0.71367,0.57238,0.694,0.66468,0.35484,0.40076,0.53698,0.66725,0.49628,0.60806,0.50859,0.50831,0.55282,0.61299,0.40516,0.21488,0.30053,0.35346,0.5673,0.50527,0.67585,0.63617,0.50644,0.43219,0.41844,0.44513,0.59127,0.53276,0.60185,0.55232,0.38133,0.23787,0.51811,0.50445,0.50738,0.57724,0.5884,0.3908,0.46832,0.48062,0.55508,0.5251,0.018645,0.3944,0.055529,0.34096,0.5378,0.49402,0.41806,0.50452,0.53333,-0.33373
-0.08879,0.035043,0.2768,0.045449,-0.2107,-0.19617,0.0083249,-0.09505,-0.0060628,-0.096427,0.055276,-0.24737,0.12474,-0.11275,0.41739,0.21152,0.12425,0.04997,0.14441,0.078996,0.32098,0.47312,0.47567,0.40046,1,0.47182,0.18125,0.35259,0.070045,-0.091586,0.36078,0.25978,0.20259,0.23132,0.27114,0.1763,-0.06001,-0.06901,-0.10997,-0.11872,-0.24254,-0.25615,0.14453,0.085968,0.28068,0.012875,0.051992,-0.020775,0.088494,-0.26547,-0.081422,-0.24397,-0.040631,0.084078,-0.087748,-0.038094,0.04394,0.088889,0.032639,-0.10638,0.049281,-0.18184,-0.08534,-0.2752,0.29757,-0.012383,0.16111,-0.061734,0.046162,0.14585,0.21837,0.10098,0.32414,-0.0028868,0.17972,-0.19104,0.10185,-0.1158,0.067156,0.18862,-0.032322,-0.024156,0.026492,0.10908,0.10712,-0.076235,-0.053121,0.28524,-0.051528,-0.11134,-0.067391,0.15638,-0.099511,0.063432,0.05226,0.057402,-0.10659,0.08193,0.035071,0.082165,-0.053635,0.025293,-0.027553,0.072285,0.013201,-0.093245,0.41935,0.060689,0.17969,-0.18518,-0.15576,-0.049003,-0.15725,-0.11911,0.008083,0.31243
0.4883,0.33432,0.71587,0.71322,0.42246,0.51471,0.47676,0.58146,0.31823,0.37676,0.057294,0.27189,0.24454,0.42687,0.2746,0.44218,0.20662,0.32941,0.5211,0.54763,0.50021,0.49035,0.69098,0.79799,0.47182,1,0.42251,0.59036,0.35452,0.52321,0.73733,0.76658,0.68267,0.64131,0.75124,0.67749,0.52354,0.52892,0.55434,0.53997,0.44735,0.49147,0.55304,0.44636,0.62838,0.63436,0.3734,0.59042,0.36063,0.47036,0.49168,0.38062,0.26233,0.14788,0.49228,0.52811,0.27278,0.31401,0.39399,0.38446,0.35182,0.48773,0.35,0.34962,0.51669,0.63707,0.68036,0.65256,0.45994,0.46988,0.46249,0.58654,0.35866,0.61914,0.4139,0.5686,0.49492,0.5585,0.41036,0.18122,0.28953,0.37631,0.49452,0.42701,0.55574,0.61553,0.50146,0.2878,0.45685,0.49784,0.46704,0.43516,0.52883,0.49134,0.3847,0.25417,0.52903,0.52373,0.41848,0.56443,0.51847,0.39748,0.4663,0.51418,0.56716,0.57006,-0.1055,0.48264,0.18956,0.37765,0.51941,0.45649,0.40323,0.53061,0.57111,-0.35259
0.21958,0.17626,0.34953,0.21667,0.5661,0.31725,0.19446,0.14211,0.22199,0.53967,-0.048857,0.20805,0.28936,0.17849,0.346,0.32197,-0.044115,0.0065743,0.11837,0.080746,0.17025,0.20911,0.33628,0.26332,0.18125,0.42251,1,0.8254,0.18007,0.16969,0.3535,0.28085,0.25278,0.15757,0.32138,0.24377,0.44755,0.47789,0.18253,0.35814,0.23968,0.33365,0.33911,0.34358,0.19848,0.22071,0.26768,0.27543,0.09126,0.20213,0.29119,0.25981,0.11184,0.25167,0.22908,0.22825,0.021738,0.27143,0.27681,0.29364,0.27754,0.29723,0.1648,0.098033,0.35475,0.38156,0.28582,0.21924,0.36651,0.35552,0.19819,0.17272,0.015719,0.16396,0.10716,0.26267,0.13297,0.2073,0.13579,0.18773,0.17773,0.31723,0.46721,0.41389,0.33363,0.38239,0.41278,0.27918,0.25472,0.32196,-0.013116,0.0063787,0.071347,0.18187,0.27403,0.22057,0.14626,0.25266,-0.20949,-0.058215,0.0046955,0.03722,-0.14954,-0.092463,-0.022689,0.13437,0.035411,0.11496,0.11048,0.31516,0.091566,-0.07423,-0.037316,0.034822,0.22314,-0.16037
0.28717,0.29396,0.4511,0.39061,0.48243,0.39039,0.2398,0.29012,0.19462,0.54218,0.0071082,0.22873,0.27711,0.25109,0.36778,0.38444,0.045032,0.10567,0.21843,0.20551,0.31645,0.3857,0.44748,0.43505,0.35259,0.59036,0.8254,1,0.21679,0.24499,0.45772,0.40473,0.38392,0.31642,0.46235,0.41222,0.40792,0.47937,0.26703,0.40671,0.2687,0.31748,0.45607,0.44307,0.40568,0.39961,0.33364,0.40384,0.27211,0.30315,0.39827,0.32072,0.21196,0.29324,0.30389,0.37985,0.12941,0.32743,0.36748,0.36084,0.32942,0.37334,0.25399,0.15915,0.38815,0.50944,0.44012,0.36542,0.45006,0.46648,0.24821,0.26619,0.15616,0.2662,0.19343,0.2766,0.20113,0.27787,0.24969,0.26339,0.28572,0.40877,0.48533,0.48847,0.43432,0.46621,0.43687,0.38889,0.31716,0.42025,0.1436,0.084101,0.21164,0.20567,0.33703,0.31099,0.28968,0.42658,0.0024519,0.15088,0.16483,0.087357,0.025378,0.05752,0.12007,0.21532,0.044335,0.24479,0.10895,0.32626,0.22441,0.11125,0.070114,0.12989,0.24551,-0.22717
0.58459,0.64333,0.54988,0.56649,0.48589,0.57771,0.65696,0.61881,0.50109,0.3642,0.70324,0.74518,0.71765,0.72468,0.62644,0.74639,0.56957,0.71368,0.6867,0.72121,0.44486,0.37607,0.49339,0.45185,0.070045,0.35452,0.18007,0.21679,1,0.83814,0.69562,0.69621,0.74356,0.77233,0.52678,0.53971,0.54764,0.44816,0.46706,0.44395,0.53579,0.51117,0.36081,0.30787,0.47028,0.49327,0.49694,0.63453,0.39423,0.50733,0.38205,0.4732,0.56744,0.39849,0.64398,0.58324,0.4251,0.48305,0.40336,0.47696,0.60154,0.56384,0.67852,0.70907,0.43191,0.30299,0.39646,0.44604,0.45202,0.50037,0.65777,0.66915,0.7148,0.68629,0.68538,0.52961,0.70176,0.6595,0.64912,0.51377,0.61019,0.59559,0.63025,0.61883,0.65453,0.5679,0.49425,0.23992,0.59869,0.63011,0.56095,0.59443,0.33729,0.43842,0.63766,0.49364,0.6338,0.61013,0.6102,0.63319,0.48332,0.49045,0.48873,0.54468,0.47094,0.50348,-0.0024164,0.18633,0.23889,0.50377,0.50807,0.48662,0.39726,0.49863,0.44562,-0.18604
0.6651,0.58544,0.5756,0.73628,0.63602,0.78273,0.63752,0.78078,0.56926,0.46512,0.48971,0.75622,0.53374,0.80651,0.34538,0.66034,0.46681,0.72563,0.65887,0.7626,0.38222,0.27622,0.48807,0.54426,-0.091586,0.52321,0.16969,0.24499,0.83814,1,0.70614,0.78116,0.75585,0.76397,0.64024,0.65108,0.66326,0.62592,0.71613,0.68364,0.76757,0.7598,0.42316,0.33346,0.5052,0.65607,0.46732,0.75445,0.4243,0.73258,0.53992,0.65847,0.60485,0.33368,0.77989,0.72405,0.43712,0.47317,0.4083,0.54574,0.54499,0.73595,0.73842,0.84238,0.36259,0.47035,0.53033,0.66615,0.52172,0.5223,0.55372,0.7235,0.51724,0.85555,0.6077,0.75987,0.67464,0.78633,0.64166,0.39362,0.60061,0.64656,0.6728,0.6142,0.68129,0.75668,0.63658,0.16031,0.68838,0.76934,0.64965,0.56283,0.58756,0.56304,0.67484,0.52731,0.80438,0.71438,0.68,0.74705,0.65902,0.54418,0.69329,0.68097,0.70284,0.74979,-0.33531,0.39173,0.18654,0.59603,0.73708,0.64303,0.60398,0.76297,0.61793,-0.47097
0.42558,0.37554,0.77922,0.72976,0.52886,0.58702,0.6954,0.70607,0.37458,0.36417,0.35777,0.53603,0.48725,0.59656,0.49752,0.63881,0.24322,0.44394,0.69375,0.68855,0.58473,0.57306,0.73565,0.72667,0.36078,0.73733,0.3535,0.45772,0.69562,0.70614,1,0.95395,0.84237,0.83213,0.76192,0.7124,0.484,0.44784,0.45998,0.44201,0.43396,0.44012,0.45669,0.33169,0.67507,0.61005,0.37416,0.6063,0.3777,0.49262,0.37468,0.3614,0.36428,0.20039,0.52736,0.51902,0.1806,0.28455,0.38792,0.43798,0.46835,0.56099,0.46037,0.54794,0.53717,0.45428,0.63445,0.64255,0.34687,0.40745,0.70188,0.73451,0.53711,0.64237,0.60718,0.57686,0.62916,0.64719,0.4114,0.26637,0.2923,0.37845,0.53666,0.43471,0.58574,0.50938,0.46839,0.15286,0.51272,0.51008,0.56132,0.57972,0.46855,0.51781,0.46308,0.34179,0.52054,0.52953,0.47924,0.54708,0.5478,0.49141,0.49994,0.53046,0.48152,0.52582,-0.085976,0.34152,0.08047,0.42556,0.47591,0.4606,0.39826,0.50795,0.52083,-0.21965
0.49395,0.42609,0.79339,0.83488,0.5567,0.67424,0.70683,0.79549,0.4014,0.35899,0.32885,0.57244,0.44262,0.66241,0.4273,0.64257,0.27195,0.48808,0.71779,0.75811,0.56118,0.51524,0.73994,0.79488,0.25978,0.76658,0.28085,0.40473,0.69621,0.78116,0.95395,1,0.8527,0.86354,0.79362,0.7545,0.53327,0.49796,0.57402,0.51492,0.53625,0.54121,0.50041,0.36901,0.69397,0.69356,0.40365,0.69651,0.42644,0.58086,0.45793,0.44882,0.40814,0.20661,0.60895,0.61019,0.26116,0.30406,0.38119,0.47002,0.4743,0.62505,0.49964,0.61669,0.54319,0.5117,0.67266,0.72814,0.39749,0.42932,0.67016,0.77571,0.53665,0.73163,0.64597,0.66565,0.65377,0.72429,0.45512,0.21881,0.34588,0.42642,0.58247,0.47093,0.63305,0.61873,0.53683,0.16859,0.56037,0.5777,0.67077,0.60648,0.60578,0.57298,0.50117,0.36287,0.62104,0.59706,0.5922,0.66414,0.67389,0.53469,0.61891,0.61847,0.62783,0.64232,-0.17638,0.42682,0.082802,0.45107,0.58982,0.57066,0.49909,0.62062,0.59436,-0.32576
0.62533,0.5594,0.81198,0.83715,0.51593,0.65497,0.80291,0.80703,0.47442,0.43843,0.51523,0.68771,0.54819,0.70486,0.48101,0.65667,0.43098,0.57797,0.7935,0.84804,0.63011,0.52426,0.68538,0.74477,0.20259,0.68267,0.25278,0.38392,0.74356,0.75585,0.84237,0.8527,1,0.94804,0.83889,0.81663,0.55571,0.44448,0.54379,0.4572,0.50746,0.51404,0.48429,0.38158,0.72367,0.73487,0.41003,0.69134,0.48876,0.60521,0.54978,0.50029,0.45361,0.25777,0.58987,0.5662,0.3541,0.42831,0.56232,0.62136,0.66999,0.72967,0.64324,0.72895,0.61805,0.61492,0.74534,0.76615,0.53689,0.57204,0.72899,0.80292,0.64632,0.73767,0.62112,0.61517,0.72158,0.77136,0.55103,0.30151,0.46522,0.4378,0.53886,0.46982,0.71009,0.64196,0.45645,0.18967,0.66144,0.66603,0.73581,0.70231,0.62302,0.62092,0.44761,0.2393,0.62045,0.57376,0.63781,0.69761,0.68991,0.63487,0.60434,0.63356,0.53725,0.58753,-0.019367,0.43705,0.13194,0.44235,0.62999,0.60287,0.52709,0.60376,0.52575,-0.40941
0.56538,0.58463,0.75975,0.8161,0.44741,0.6177,0.74326,0.79073,0.41294,0.35266,0.52114,0.66409,0.50024,0.70141,0.48924,0.68361,0.48858,0.61762,0.78523,0.88015,0.6265,0.51791,0.68599,0.75455,0.23132,0.64131,0.15757,0.31642,0.77233,0.76397,0.83213,0.86354,0.94804,1,0.77282,0.77717,0.4655,0.35856,0.46364,0.36636,0.43894,0.42735,0.43745,0.31962,0.734,0.7071,0.39483,0.65511,0.4965,0.56295,0.49395,0.44719,0.46901,0.26234,0.55565,0.54916,0.39242,0.42052,0.51897,0.57587,0.62197,0.67683,0.61699,0.71855,0.6091,0.53174,0.683,0.71449,0.47638,0.52197,0.67371,0.74895,0.65814,0.71684,0.63173,0.55969,0.68461,0.72395,0.55403,0.30716,0.47164,0.43296,0.49336,0.4677,0.66952,0.59864,0.39616,0.21023,0.58094,0.60017,0.74378,0.68608,0.57843,0.56644,0.44157,0.25534,0.5839,0.55956,0.71128,0.7346,0.68405,0.59173,0.62985,0.62727,0.5315,0.52707,-0.011573,0.34358,0.124,0.38239,0.59456,0.6276,0.48549,0.56074,0.45127,-0.3617
0.54251,0.4001,0.80533,0.79103,0.55533,0.62796,0.69362,0.72702,0.46147,0.4113,0.24613,0.49552,0.42907,0.60038,0.36424,0.52437,0.23684,0.4084,0.65353,0.67432,0.52706,0.39534,0.74665,0.805,0.27114,0.75124,0.32138,0.46235,0.52678,0.64024,0.76192,0.79362,0.83889,0.77282,1,0.89104,0.64323,0.55198,0.58135,0.49784,0.5544,0.54182,0.5202,0.39931,0.68471,0.69423,0.33053,0.61402,0.36799,0.51682,0.51443,0.41036,0.3034,0.10806,0.5001,0.48363,0.20793,0.32202,0.42035,0.48528,0.50483,0.68718,0.47864,0.54501,0.63058,0.65403,0.80439,0.80767,0.42909,0.47791,0.62028,0.75886,0.49384,0.70408,0.57624,0.62622,0.6735,0.75956,0.41368,0.19447,0.30178,0.33092,0.51853,0.40382,0.68382,0.64441,0.51282,0.21017,0.58935,0.5955,0.65816,0.62319,0.68997,0.68711,0.45425,0.19772,0.61454,0.50929,0.46813,0.58674,0.64791,0.579,0.55619,0.58585,0.60943,0.65456,-0.048893,0.5478,0.039657,0.42818,0.67319,0.56967,0.58289,0.62425,0.6363,-0.46778
0.55774,0.38656,0.71491,0.76845,0.53323,0.63423,0.65934,0.72953,0.43737,0.38224,0.26045,0.51433,0.35846,0.57929,0.25923,0.47627,0.25559,0.41497,0.6326,0.68503,0.53948,0.40921,0.62359,0.7223,0.1763,0.67749,0.24377,0.41222,0.53971,0.65108,0.7124,0.7545,0.81663,0.77717,0.89104,1,0.62949,0.51605,0.54963,0.48633,0.53258,0.51508,0.47883,0.38649,0.69428,0.72467,0.29563,0.613,0.38634,0.55246,0.50759,0.39569,0.32264,0.10166,0.48228,0.46747,0.23383,0.29211,0.45199,0.51237,0.48848,0.69571,0.46689,0.5726,0.52938,0.6391,0.76303,0.81147,0.42211,0.46732,0.62755,0.7335,0.49696,0.70421,0.58002,0.62152,0.65541,0.75993,0.37764,0.16502,0.31621,0.32328,0.43881,0.35456,0.62328,0.61544,0.45225,0.17673,0.55365,0.58469,0.67949,0.61358,0.69378,0.65624,0.40384,0.19917,0.60146,0.50478,0.5077,0.64318,0.68008,0.591,0.58626,0.61903,0.58852,0.64445,-0.099231,0.52417,0.107,0.43686,0.69326,0.60483,0.6016,0.63235,0.60148,-0.43452
0.62974,0.39209,0.5087,0.5408,0.63634,0.53197,0.50156,0.51392,0.52981,0.42834,0.24167,0.53992,0.47321,0.54787,0.27047,0.41538,0.20664,0.33886,0.45355,0.46124,0.23193,0.15796,0.41888,0.45929,-0.06001,0.52354,0.44755,0.40792,0.54764,0.66326,0.484,0.53327,0.55571,0.4655,0.64323,0.62949,1,0.84563,0.7524,0.76009,0.78543,0.79068,0.48051,0.46132,0.34703,0.50598,0.39721,0.62383,0.21144,0.54301,0.51003,0.50555,0.34228,0.14289,0.64686,0.56356,0.2352,0.35307,0.38352,0.44396,0.44791,0.60491,0.47384,0.51253,0.38957,0.60412,0.57169,0.58427,0.46481,0.47232,0.47772,0.59475,0.36737,0.68556,0.49826,0.67635,0.64135,0.73487,0.37788,0.19359,0.36619,0.47421,0.65075,0.53212,0.6076,0.71208,0.64304,0.24465,0.61216,0.6693,0.44319,0.42083,0.48083,0.53263,0.58321,0.4693,0.70424,0.6027,0.27792,0.47779,0.41562,0.44815,0.35859,0.45287,0.52961,0.65407,-0.087596,0.54733,0.22175,0.58658,0.66231,0.45189,0.52362,0.56578,0.65164,-0.48467
0.55042,0.33152,0.42668,0.52537,0.62373,0.50774,0.36491,0.47286,0.40817,0.39228,0.069521,0.46016,0.31902,0.50022,0.15208,0.34287,0.10923,0.27714,0.32271,0.33666,0.08725,0.071563,0.3354,0.42367,-0.06901,0.52892,0.47789,0.47937,0.44816,0.62592,0.44784,0.49796,0.44448,0.35856,0.55198,0.51605,0.84563,1,0.7787,0.893,0.80458,0.81896,0.49485,0.48374,0.3052,0.47419,0.40653,0.61659,0.20703,0.55574,0.51507,0.53734,0.33689,0.20408,0.6557,0.65598,0.17228,0.35005,0.30776,0.4272,0.35751,0.52891,0.43751,0.43304,0.2555,0.59313,0.53724,0.56856,0.48048,0.45832,0.31943,0.46843,0.24414,0.61395,0.40251,0.68571,0.51532,0.6273,0.35836,0.20762,0.33767,0.51076,0.67752,0.56217,0.50298,0.71157,0.68129,0.27368,0.48913,0.66458,0.31907,0.22073,0.40217,0.37226,0.6353,0.59292,0.70168,0.65668,0.17974,0.39945,0.33124,0.28263,0.31257,0.38349,0.54234,0.67757,-0.1978,0.54986,0.27564,0.60424,0.60682,0.35142,0.44505,0.57429,0.69296,-0.43007
0.63679,0.39201,0.45051,0.65729,0.53814,0.65527,0.46537,0.66469,0.52253,0.3846,0.16043,0.53996,0.28739,0.61692,0.038768,0.31978,0.19681,0.39439,0.44977,0.50667,0.22813,0.14599,0.2921,0.44367,-0.10997,0.55434,0.18253,0.26703,0.46706,0.71613,0.45998,0.57402,0.54379,0.46364,0.58135,0.54963,0.7524,0.7787,1,0.85231,0.82394,0.84534,0.4246,0.35201,0.34685,0.58041,0.36121,0.70398,0.33551,0.66933,0.5366,0.57565,0.35514,0.14106,0.73901,0.69661,0.3021,0.32527,0.3722,0.50925,0.41871,0.63169,0.56094,0.60574,0.19534,0.58752,0.56712,0.67448,0.51974,0.4645,0.3541,0.5771,0.29661,0.74665,0.4479,0.75151,0.54467,0.68949,0.4831,0.088084,0.41608,0.49975,0.58245,0.43568,0.51973,0.70351,0.62839,0.054004,0.64762,0.71036,0.5638,0.41375,0.63504,0.51766,0.55815,0.48686,0.80479,0.65769,0.50018,0.63499,0.59163,0.48914,0.63739,0.67316,0.7477,0.80287,-0.34001,0.66481,0.20348,0.5149,0.73866,0.61037,0.62694,0.77245,0.69392,-0.54549
0.6155,0.36772,0.40166,0.53209,0.62177,0.58937,0.38746,0.51874,0.49266,0.42105,0.11482,0.49684,0.30203,0.55791,0.092327,0.33916,0.14036,0.34708,0.36048,0.3886,0.065585,0.13583,0.27907,0.36645,-0.11872,0.53997,0.35814,0.40671,0.44395,0.68364,0.44201,0.51492,0.4572,0.36636,0.49784,0.48633,0.76009,0.893,0.85231,1,0.80662,0.88543,0.4578,0.4426,0.32761,0.53813,0.43749,0.6984,0.32087,0.67706,0.5754,0.65516,0.41981,0.27335,0.76446,0.77726,0.25148,0.38304,0.3493,0.47871,0.38584,0.5542,0.54602,0.54766,0.16865,0.54417,0.51817,0.59422,0.55857,0.53167,0.26909,0.43702,0.14402,0.63535,0.34796,0.70676,0.45415,0.61266,0.42732,0.18381,0.42469,0.55691,0.67312,0.54882,0.51663,0.74128,0.73002,0.21284,0.56179,0.74803,0.32773,0.24241,0.47039,0.40903,0.59614,0.54099,0.75928,0.7349,0.30746,0.50995,0.42309,0.33659,0.45985,0.48784,0.63615,0.75302,-0.40866,0.61505,0.28189,0.61849,0.69223,0.44615,0.48562,0.65593,0.61912,-0.47082
0.62676,0.44428,0.41777,0.61889,0.62277,0.69821,0.45828,0.63865,0.50724,0.43748,0.18804,0.5775,0.36559,0.59101,0.10632,0.35383,0.2416,0.47746,0.45776,0.49599,0.14038,-0.01682,0.32611,0.40778,-0.24254,0.44735,0.23968,0.2687,0.53579,0.76757,0.43396,0.53625,0.50746,0.43894,0.5544,0.53258,0.78543,0.80458,0.82394,0.80662,1,0.87979,0.42424,0.37161,0.2959,0.56622,0.37576,0.68135,0.24118,0.66519,0.49406,0.61428,0.39158,0.17776,0.67302,0.66581,0.29924,0.39425,0.32515,0.45528,0.41902,0.67837,0.57477,0.65436,0.22245,0.52916,0.47721,0.61213,0.45889,0.41942,0.33882,0.56931,0.30987,0.76293,0.46479,0.7526,0.54623,0.73863,0.46717,0.22677,0.43954,0.52263,0.63571,0.47197,0.54392,0.72029,0.68121,0.11514,0.61864,0.72324,0.53099,0.36882,0.57647,0.50695,0.57061,0.44361,0.76554,0.59346,0.39982,0.54454,0.52209,0.45264,0.51182,0.54971,0.65993,0.7295,-0.37394,0.55207,0.19483,0.60499,0.7116,0.51679,0.58713,0.72273,0.70272,-0.60411
0.6736,0.38788,0.46117,0.63558,0.66553,0.71475,0.52609,0.65308,0.61887,0.57119,0.22631,0.62198,0.43038,0.68285,0.13969,0.41669,0.16417,0.40107,0.50015,0.51868,0.11004,0.059321,0.30164,0.39823,-0.25615,0.49147,0.33365,0.31748,0.51117,0.7598,0.44012,0.54121,0.51404,0.42735,0.54182,0.51508,0.79068,0.81896,0.84534,0.88543,0.87979,1,0.4055,0.37085,0.27,0.56857,0.39411,0.71557,0.26845,0.71956,0.54079,0.65808,0.41941,0.24541,0.73142,0.69271,0.26704,0.34466,0.34628,0.50597,0.43739,0.69574,0.59883,0.67568,0.20991,0.54931,0.48818,0.63192,0.52618,0.47868,0.32602,0.54497,0.19482,0.74159,0.36742,0.79559,0.53312,0.72673,0.43529,0.13648,0.43211,0.51411,0.7024,0.5043,0.55846,0.75335,0.73252,0.079683,0.6993,0.80351,0.51207,0.39456,0.62394,0.55144,0.53659,0.40512,0.76246,0.61669,0.39233,0.54996,0.55159,0.4998,0.56447,0.58424,0.65997,0.79352,-0.40723,0.59951,0.20443,0.60245,0.75085,0.54713,0.61065,0.72545,0.67014,-0.63694
0.52872,0.55735,0.54124,0.48278,0.38013,0.4167,0.3806,0.39315,0.10928,0.26378,0.076178,0.25974,0.22034,0.30472,0.17434,0.28441,0.37249,0.43256,0.31666,0.37393,0.29652,0.28146,0.49921,0.52516,0.14453,0.55304,0.33911,0.45607,0.36081,0.42316,0.45669,0.50041,0.48429,0.43745,0.5202,0.47883,0.48051,0.49485,0.4246,0.4578,0.42424,0.4055,1,0.91514,0.67524,0.72408,0.81732,0.74889,0.62025,0.57249,0.686,0.57253,0.46981,0.38255,0.59304,0.59588,0.4767,0.55613,0.37802,0.32143,0.38786,0.37848,0.41229,0.32793,0.39362,0.56022,0.59994,0.48769,0.54559,0.61236,0.34081,0.386,0.27902,0.39581,0.28801,0.37824,0.3883,0.43247,0.56493,0.42041,0.515,0.5859,0.43085,0.45842,0.54387,0.63569,0.39623,0.32817,0.32631,0.41384,0.34273,0.2277,0.25282,0.28336,0.47616,0.31777,0.6175,0.61273,0.39165,0.46333,0.26306,0.16541,0.19932,0.22749,0.31225,0.3582,-0.014766,0.30701,0.21386,0.38428,0.43607,0.28659,0.23209,0.35365,0.43085,-0.31095
