1,0.91916,0.78669,0.71872,0.62174,0.64595,0.70119,0.69261,0.7194,0.74869,0.76123,0.75776,0.74412,0.76,0.75967,0.69483,0.77334,0.74465,0.89159,0.87446,0.52814,0.38712,0.66244,0.59295,0.69946,0.59048,0.56862,0.60148,0.69801,0.69262,0.47282,0.48564,0.71073,0.65055,0.52733,0.53247,0.55015,0.45502,0.34865,0.50991,0.20211,0.36942,0.83939,0.83832,0.77221,0.78812,0.80715,0.82982,0.80942,0.79474,0.79187,0.76403,0.75945,0.7542,0.78961,0.8055,0.91081,0.88181,0.87066,0.78872,0.7553,0.63254,0.76163,0.75508,0.58743,0.57451,0.77328,0.68019,0.84954,0.82134,0.54034,0.50902,0.34716,0.28639,0.29803,0.22115,0.36887,0.3963,0.76602,0.74035,0.7794,0.81139,0.56977,0.60843,0.81547,0.80479,0.66547,0.67517,0.79596,0.82265,0.47891,0.54295,0.33592,0.56139,0.57678,0.47864,0.65068,0.62138,0.5744,0.55875,0.41118,0.50837,0.41523,0.49771,0.37951,0.49671,0.3133,0.32861,0.29842,0.46544,0.39034,0.46529,0.44898,0.43616,0.4909,0.26071
0.91916,1,0.70844,0.68446,0.49506,0.5768,0.58865,0.65295,0.61253,0.68618,0.65055,0.74574,0.64901,0.7206,0.69925,0.6604,0.76684,0.76804,0.8334,0.8643,0.44813,0.33743,0.58293,0.53974,0.62567,0.54659,0.52374,0.56441,0.64899,0.67936,0.36627,0.39633,0.64337,0.58356,0.44759,0.45642,0.43009,0.3581,0.29805,0.46249,0.18058,0.26835,0.8378,0.84624,0.79128,0.80794,0.80956,0.80939,0.80553,0.78329,0.77616,0.7603,0.73946,0.74546,0.783,0.78463,0.91917,0.91416,0.79136,0.7613,0.64471,0.59316,0.74493,0.75291,0.54229,0.55355,0.70176,0.64658,0.82423,0.83683,0.47401,0.45571,0.23098,0.19919,0.19168,0.10947,0.2602,0.32715,0.75511,0.75085,0.7856,0.83749,0.5523,0.63419,0.78536,0.79417,0.63883,0.68661,0.7282,0.77285,0.40637,0.42665,0.2615,0.45389,0.56337,0.43568,0.60014,0.57675,0.52281,0.49952,0.33108,0.42864,0.3405,0.39539,0.32048,0.42178,0.23809,0.24924,0.23118,0.43482,0.27905,0.38673,0.38651,0.39027,0.41356,0.24117
0.78669,0.70844,1,0.90784,0.83897,0.77218,0.88854,0.8203,0.82514,0.82427,0.70238,0.69533,0.78074,0.80644,0.8224,0.80487,0.59549,0.53325,0.74616,0.70246,0.66491,0.49595,0.92173,0.87199,0.8634,0.79552,0.75035,0.74562,0.59962,0.57922,0.64259,0.64376,0.69829,0.6597,0.7383,0.68517,0.60191,0.48192,0.42113,0.57009,0.24781,0.39066,0.67186,0.68298,0.69932,0.68302,0.64859,0.65901,0.69935,0.69981,0.70145,0.67506,0.65007,0.62236,0.73792,0.69683,0.66677,0.65206,0.82406,0.79478,0.70989,0.78625,0.57632,0.62241,0.84403,0.82229,0.84381,0.78887,0.64297,0.62321,0.61299,0.58459,0.38723,0.3248,0.32504,0.216,0.34698,0.38471,0.62296,0.60961,0.61422,0.65706,0.50501,0.55421,0.82591,0.81198,0.68418,0.64923,0.84991,0.82388,0.49403,0.55195,0.53872,0.70939,0.51048,0.45624,0.50443,0.50332,0.40897,0.39424,0.47051,0.56784,0.45249,0.515,0.42382,0.60669,0.3159,0.30014,0.16069,0.40936,0.27595,0.29004,0.42079,0.35932,0.46464,0.24036
0.71872,0.68446,0.90784,1,0.82222,0.85772,0.78101,0.88367,0.76951,0.86911,0.6617,0.70466,0.67613,0.81373,0.77259,0.82862,0.5515,0.54666,0.71251,0.70745,0.68698,0.56203,0.87772,0.92264,0.82229,0.81007,0.75921,0.79898,0.55535,0.58603,0.63144,0.67806,0.6812,0.69064,0.76222,0.75124,0.5999,0.55257,0.42511,0.6167,0.27264,0.47686,0.60551,0.6327,0.67199,0.65251,0.60725,0.61895,0.6761,0.6702,0.64826,0.64719,0.59249,0.55169,0.70236,0.66166,0.62303,0.63674,0.77827,0.83622,0.63459,0.88402,0.5544,0.65008,0.80543,0.88894,0.83147,0.85104,0.60915,0.60948,0.56465,0.56842,0.34826,0.34043,0.32671,0.20057,0.29465,0.37287,0.57809,0.58204,0.56118,0.62694,0.48676,0.55016,0.77637,0.80211,0.70263,0.61088,0.80508,0.7985,0.53397,0.52309,0.62253,0.66751,0.41487,0.41657,0.41909,0.42779,0.41295,0.35926,0.49293,0.53589,0.48004,0.51976,0.42192,0.50898,0.33241,0.29988,0.12076,0.325,0.27231,0.31007,0.44238,0.28982,0.41467,0.16117
0.62174,0.49506,0.83897,0.82222,1,0.82454,0.82175,0.75822,0.81316,0.78698,0.60162,0.59693,0.62723,0.68976,0.65626,0.67818,0.44213,0.40125,0.59753,0.54338,0.64197,0.42429,0.80771,0.79047,0.76251,0.6517,0.69296,0.6565,0.48476,0.43989,0.62235,0.62242,0.61988,0.63304,0.71831,0.68157,0.57237,0.49617,0.26807,0.45519,0.15117,0.34344,0.55799,0.56582,0.56271,0.54413,0.55628,0.57489,0.60161,0.59607,0.58974,0.55965,0.5496,0.51026,0.60009,0.59501,0.47532,0.48393,0.71991,0.70071,0.63497,0.76803,0.42299,0.50191,0.73458,0.75202,0.76889,0.73196,0.51037,0.46725,0.53289,0.51631,0.35014,0.3339,0.35804,0.2636,0.36456,0.36116,0.46751,0.48536,0.42498,0.47917,0.33714,0.37999,0.63538,0.65695,0.59162,0.44681,0.73598,0.70869,0.58014,0.6258,0.63073,0.70986,0.32279,0.36714,0.41608,0.40073,0.44495,0.42857,0.53216,0.57746,0.52385,0.56075,0.43213,0.52566,0.34517,0.34367,0.20991,0.25704,0.36134,0.39953,0.44506,0.31932,0.4505,0.17312
0.64595,0.5768,0.77218,0.85772,0.82454,1,0.71325,0.81406,0.70481,0.84259,0.62263,0.63462,0.58539,0.70488,0.66015,0.70704,0.51147,0.51082,0.61848,0.60897,0.57354,0.43312,0.76349,0.80076,0.74563,0.72122,0.67245,0.72794,0.47068,0.49434,0.53116,0.57664,0.6058,0.63369,0.66774,0.67137,0.53022,0.48297,0.27944,0.47818,0.11587,0.33711,0.55563,0.58819,0.57237,0.57038,0.54595,0.58276,0.6172,0.59555,0.57631,0.58113,0.5437,0.50208,0.61023,0.59468,0.54846,0.56328,0.70622,0.72871,0.58618,0.79834,0.52457,0.59367,0.66946,0.73545,0.73577,0.74992,0.55533,0.50519,0.42072,0.45646,0.24272,0.23208,0.29866,0.18064,0.22721,0.27639,0.51627,0.53238,0.48492,0.55486,0.33861,0.42511,0.66798,0.68684,0.62652,0.47164,0.72694,0.69263,0.48571,0.46782,0.55053,0.56883,0.29435,0.33526,0.32773,0.3334,0.36226,0.33118,0.40544,0.43995,0.42268,0.45661,0.33061,0.38394,0.27012,0.26006,0.1657,0.25082,0.28523,0.3646,0.39356,0.22722,0.37116,0.090165
0.70119,0.58865,0.88854,0.78101,0.82175,0.71325,1,0.8613,0.83752,0.81742,0.66465,0.70196,0.79835,0.79434,0.67472,0.7029,0.48885,0.43402,0.64454,0.57547,0.5804,0.40156,0.78504,0.72679,0.70715,0.60893,0.52159,0.53001,0.58143,0.5739,0.62594,0.61713,0.67742,0.62481,0.60924,0.57243,0.55402,0.42886,0.34962,0.46597,0.16933,0.34843,0.58697,0.60136,0.54369,0.5435,0.53092,0.55342,0.57111,0.60143,0.6187,0.56206,0.54668,0.51037,0.59284,0.56063,0.52114,0.49014,0.72748,0.67914,0.79507,0.71382,0.49807,0.54812,0.66347,0.69568,0.75422,0.67605,0.5073,0.4983,0.67008,0.64194,0.48833,0.4148,0.44257,0.34052,0.4269,0.43769,0.48161,0.50431,0.52061,0.52504,0.38139,0.4558,0.65089,0.64756,0.48051,0.46165,0.70894,0.67965,0.51459,0.55393,0.52769,0.68586,0.47823,0.41915,0.48259,0.47831,0.42774,0.41236,0.53946,0.64453,0.53096,0.55163,0.48244,0.60431,0.36407,0.32807,0.19255,0.42739,0.29813,0.31937,0.43973,0.36415,0.50102,0.24337
0.69261,0.65295,0.8203,0.88367,0.75822,0.81406,0.8613,1,0.76762,0.88859,0.67452,0.77524,0.71089,0.8511,0.65745,0.74576,0.53235,0.54113,0.69012,0.66589,0.61287,0.49263,0.73712,0.78606,0.66503,0.64718,0.52622,0.59856,0.59854,0.67428,0.6203,0.66535,0.70765,0.71443,0.63836,0.65742,0.5887,0.54573,0.38849,0.5549,0.23635,0.46713,0.55205,0.58571,0.5463,0.54988,0.53153,0.55053,0.58475,0.61699,0.61627,0.59356,0.56,0.49808,0.6161,0.57485,0.54969,0.54432,0.70483,0.76409,0.73438,0.84279,0.571,0.66142,0.61859,0.75823,0.73991,0.7578,0.51908,0.54393,0.63314,0.67112,0.46442,0.43124,0.47671,0.347,0.40203,0.47482,0.51818,0.53851,0.54046,0.56344,0.39957,0.50091,0.65505,0.68259,0.54212,0.46685,0.68662,0.70101,0.59438,0.54935,0.63074,0.65567,0.41674,0.40103,0.43663,0.44302,0.48689,0.42087,0.60148,0.63136,0.59669,0.58999,0.51618,0.52896,0.43649,0.37917,0.14601,0.38872,0.32102,0.3765,0.4883,0.34734,0.46514,0.15773
0.7194,0.61253,0.82514,0.76951,0.81316,0.70481,0.83752,0.76762,1,0.85335,0.73856,0.75695,0.81456,0.79598,0.77784,0.76905,0.5751,0.54824,0.65849,0.62364,0.58961,0.40478,0.75326,0.70396,0.7219,0.61739,0.66035,0.65921,0.61187,0.58138,0.56186,0.57087,0.60339,0.58245,0.54041,0.5088,0.51368,0.45291,0.23796,0.47668,0.11515,0.36033,0.62461,0.61924,0.59813,0.60895,0.62134,0.62729,0.60078,0.62284,0.61318,0.574,0.59861,0.56058,0.66937,0.66805,0.58103,0.58999,0.75215,0.75006,0.77303,0.75644,0.5712,0.65623,0.67476,0.67725,0.71412,0.642,0.58634,0.58346,0.56983,0.50206,0.39768,0.33123,0.38537,0.20357,0.28487,0.30023,0.60178,0.61675,0.62223,0.64267,0.42726,0.52351,0.75174,0.77312,0.66851,0.62646,0.81142,0.81623,0.47338,0.53685,0.44259,0.61025,0.48431,0.41513,0.4918,0.48942,0.43951,0.42735,0.44678,0.55678,0.4091,0.49244,0.38576,0.50068,0.24682,0.25282,0.17021,0.35838,0.26528,0.3052,0.34395,0.31464,0.42694,0.28047
0.74869,0.68618,0.82427,0.86911,0.78698,0.84259,0.81742,0.88859,0.85335,1,0.72102,0.81802,0.77383,0.8599,0.74432,0.81525,0.56783,0.58681,0.71513,0.68893,0.63036,0.4986,0.76425,0.76403,0.7508,0.68909,0.61951,0.67824,0.62495,0.63659,0.59685,0.63831,0.65585,0.67042,0.60004,0.57785,0.5631,0.52836,0.32815,0.55925,0.20138,0.44803,0.62108,0.6492,0.60492,0.62275,0.61424,0.6479,0.63824,0.67103,0.65375,0.63709,0.62716,0.56304,0.67513,0.65551,0.61734,0.64472,0.79098,0.82368,0.753,0.84792,0.60985,0.71333,0.62446,0.71586,0.73315,0.70985,0.59193,0.59734,0.57928,0.58599,0.4092,0.35956,0.41598,0.25172,0.31733,0.37347,0.55888,0.58614,0.60729,0.64241,0.45727,0.55325,0.72161,0.75515,0.62306,0.56164,0.7764,0.79189,0.55238,0.5464,0.55015,0.63817,0.46484,0.43167,0.47444,0.47743,0.4795,0.43317,0.51116,0.5871,0.50095,0.53375,0.43074,0.47511,0.33671,0.31077,0.17554,0.40092,0.32556,0.38225,0.4358,0.33227,0.44208,0.18393
0.76123,0.65055,0.70238,0.6617,0.60162,0.62263,0.66465,0.67452,0.73856,0.72102,1,0.75303,0.79524,0.76688,0.73485,0.68874,0.7827,0.72958,0.75307,0.72289,0.43117,0.26569,0.65636,0.60084,0.61629,0.50824,0.56239,0.54868,0.72306,0.71941,0.40155,0.41746,0.55769,0.49758,0.42653,0.42912,0.48845,0.46834,0.24601,0.49144,0.1205,0.36257,0.62204,0.62349,0.59042,0.59924,0.64173,0.62145,0.58157,0.57146,0.58198,0.53899,0.58714,0.55282,0.6845,0.68499,0.6501,0.60954,0.67168,0.62492,0.65008,0.61313,0.71719,0.7154,0.55217,0.50137,0.56681,0.5259,0.56483,0.56652,0.50311,0.45961,0.36,0.29957,0.38627,0.2285,0.26319,0.28305,0.7156,0.70781,0.74985,0.73122,0.4715,0.56263,0.76271,0.72255,0.63631,0.62142,0.72824,0.73773,0.37895,0.44297,0.31693,0.47339,0.5753,0.52945,0.57972,0.53858,0.44977,0.41826,0.36346,0.43094,0.34603,0.44401,0.33868,0.45572,0.21187,0.19325,0.2558,0.42102,0.22801,0.30469,0.36358,0.36176,0.43301,0.35043
0.75776,0.74574,0.69533,0.70466,0.59693,0.63462,0.70196,0.77524,0.75695,0.81802,0.75303,1,0.75496,0.86792,0.71907,0.7505,0.70057,0.74183,0.71108,0.71019,0.48085,0.34795,0.60785,0.58927,0.59027,0.50464,0.49471,0.53548,0.72125,0.75451,0.42765,0.46232,0.58349,0.54514,0.43488,0.45157,0.50579,0.49766,0.32574,0.55499,0.23151,0.38068,0.63342,0.65506,0.61416,0.64842,0.6475,0.63865,0.63299,0.669,0.65664,0.64583,0.64379,0.59554,0.73222,0.70607,0.66617,0.69712,0.74139,0.78178,0.75649,0.746,0.70765,0.80609,0.499,0.58723,0.63741,0.60342,0.61257,0.66093,0.52388,0.49702,0.33915,0.31592,0.36196,0.17346,0.26855,0.32568,0.6723,0.69285,0.74693,0.76042,0.54782,0.66361,0.75526,0.7656,0.63301,0.64343,0.75801,0.7925,0.4468,0.4648,0.34355,0.4776,0.56965,0.54306,0.52569,0.51801,0.48748,0.45089,0.42161,0.50415,0.38344,0.46162,0.36129,0.44076,0.2586,0.23771,0.24684,0.40817,0.20814,0.306,0.38428,0.35544,0.45552,0.29351
0.74412,0.64901,0.78074,0.67613,0.62723,0.58539,0.79835,0.71089,0.81456,0.77383,0.79524,0.75496,1,0.85787,0.83304,0.78064,0.65101,0.62223,0.75823,0.72892,0.50766,0.37735,0.73419,0.63219,0.7143,0.61863,0.56113,0.57882,0.79088,0.73855,0.55735,0.56025,0.68283,0.60903,0.48211,0.4256,0.55623,0.46466,0.36039,0.53372,0.24342,0.3677,0.63794,0.64253,0.58541,0.60762,0.60576,0.62123,0.59311,0.62542,0.65469,0.58557,0.63813,0.60538,0.6726,0.63599,0.63695,0.60921,0.73124,0.64858,0.77603,0.60129,0.70227,0.70385,0.59225,0.52049,0.62608,0.53676,0.5302,0.53718,0.5977,0.53448,0.45199,0.33612,0.42837,0.31034,0.3567,0.36939,0.60691,0.62146,0.74708,0.69358,0.59849,0.67682,0.76669,0.73356,0.55898,0.6446,0.70832,0.72965,0.42242,0.45503,0.35613,0.57049,0.58583,0.5124,0.56769,0.53565,0.45389,0.41824,0.4442,0.53939,0.39974,0.47306,0.4831,0.63252,0.27403,0.25111,0.25435,0.5341,0.26086,0.27485,0.35254,0.39631,0.5092,0.43528
0.76,0.7206,0.80644,0.81373,0.68976,0.70488,0.79434,0.8511,0.79598,0.8599,0.76688,0.86792,0.85787,1,0.79979,0.84784,0.64045,0.64154,0.74116,0.73773,0.58816,0.47073,0.75874,0.74412,0.737,0.67064,0.65127,0.6805,0.71053,0.72429,0.55873,0.58482,0.66191,0.6186,0.58641,0.56357,0.56855,0.53452,0.38161,0.59971,0.24817,0.44915,0.63341,0.65454,0.64032,0.66013,0.6334,0.63257,0.64969,0.68857,0.67737,0.65779,0.63639,0.61181,0.73586,0.69134,0.65959,0.6628,0.78459,0.79481,0.7532,0.79062,0.68379,0.7502,0.64686,0.72193,0.72384,0.69489,0.58024,0.60374,0.59268,0.56859,0.39301,0.33792,0.38359,0.22354,0.30383,0.37426,0.63562,0.64668,0.71442,0.71673,0.56591,0.66346,0.79171,0.80435,0.65852,0.67641,0.7711,0.80065,0.46271,0.47548,0.46111,0.58142,0.52216,0.47738,0.50166,0.47596,0.44718,0.38663,0.47661,0.54317,0.43442,0.49638,0.4618,0.55758,0.28449,0.27409,0.16808,0.41019,0.21495,0.27123,0.39798,0.36761,0.45217,0.3117
0.75967,0.69925,0.8224,0.77259,0.65626,0.66015,0.67472,0.65745,0.77784,0.74432,0.73485,0.71907,0.83304,0.79979,1,0.89902,0.68753,0.67933,0.77673,0.76925,0.65405,0.54805,0.83977,0.78078,0.86132,0.78978,0.78578,0.75611,0.7316,0.67849,0.60412,0.61105,0.65986,0.60891,0.60022,0.54335,0.5989,0.50775,0.47141,0.6322,0.36381,0.45143,0.67643,0.67378,0.70728,0.71264,0.67933,0.67876,0.68833,0.67626,0.65795,0.6352,0.64179,0.63441,0.78199,0.73795,0.69837,0.70221,0.75588,0.72443,0.62307,0.68448,0.71517,0.73822,0.72544,0.67576,0.71666,0.66898,0.64099,0.64201,0.49748,0.46292,0.3331,0.25635,0.25937,0.12983,0.2076,0.27442,0.69387,0.67757,0.74818,0.76353,0.71183,0.76538,0.86016,0.84006,0.78125,0.8095,0.8134,0.82927,0.36967,0.42271,0.35316,0.56381,0.57222,0.49813,0.51263,0.51573,0.40233,0.36202,0.31673,0.45447,0.30573,0.43601,0.37835,0.56506,0.23515,0.26493,0.23926,0.43879,0.20616,0.24411,0.32385,0.36094,0.45746,0.35313
0.69483,0.6604,0.80487,0.82862,0.67818,0.70704,0.7029,0.74576,0.76905,0.81525,0.68874,0.7505,0.78064,0.84784,0.89902,1,0.59162,0.61456,0.71497,0.71525,0.63187,0.56545,0.8361,0.8242,0.7988,0.76273,0.73359,0.74999,0.6912,0.68809,0.63172,0.68098,0.63472,0.61208,0.60987,0.56786,0.56875,0.52131,0.46485,0.62818,0.33402,0.49634,0.60901,0.61841,0.65816,0.65315,0.61686,0.61499,0.64123,0.63741,0.60545,0.59846,0.58505,0.56173,0.71868,0.67157,0.61723,0.64802,0.71866,0.74339,0.6253,0.762,0.63463,0.7218,0.69133,0.70907,0.71004,0.6848,0.57476,0.6032,0.57188,0.55145,0.36595,0.35093,0.30314,0.16182,0.22093,0.31061,0.61037,0.63101,0.66737,0.69188,0.66878,0.73267,0.77376,0.79314,0.70991,0.74507,0.75352,0.78091,0.40494,0.43304,0.43453,0.57103,0.55926,0.47131,0.46169,0.47187,0.39773,0.33653,0.38605,0.48196,0.34738,0.44283,0.39955,0.52839,0.26209,0.26883,0.18156,0.37956,0.17527,0.22346,0.35438,0.29403,0.41005,0.33226
0.77334,0.76684,0.59549,0.5515,0.44213,0.51147,0.48885,0.53235,0.5751,0.56783,0.7827,0.70057,0.65101,0.64045,0.68753,0.59162,1,0.91867,0.74813,0.80679,0.30901,0.1515,0.51304,0.47452,0.54317,0.47121,0.48229,0.47981,0.79723,0.78342,0.2752,0.29779,0.60496,0.49879,0.34459,0.38489,0.39029,0.32626,0.20117,0.38947,0.12746,0.20561,0.69241,0.69144,0.68435,0.69662,0.74724,0.69584,0.68932,0.65453,0.67598,0.62449,0.69653,0.68455,0.76152,0.74231,0.82378,0.78906,0.65782,0.59124,0.59046,0.46054,0.85384,0.79899,0.45415,0.39051,0.54623,0.50235,0.68782,0.71386,0.33299,0.3099,0.19661,0.13014,0.1924,0.089598,0.16723,0.23131,0.90144,0.88272,0.91856,0.87895,0.56253,0.69545,0.75987,0.72801,0.57999,0.66758,0.67072,0.70201,0.31075,0.32551,0.14383,0.31995,0.57503,0.53488,0.58881,0.50251,0.43827,0.4165,0.24615,0.29603,0.24565,0.30839,0.26015,0.37415,0.14468,0.099166,0.34237,0.44508,0.16796,0.27047,0.23638,0.32916,0.36501,0.43098
0.74465,0.76804,0.53325,0.54666,0.40125,0.51082,0.43402,0.54113,0.54824,0.58681,0.72958,0.74183,0.62223,0.64154,0.67933,0.61456,0.91867,1,0.76225,0.83215,0.30915,0.21709,0.46738,0.44515,0.49456,0.43998,0.41941,0.45178,0.80049,0.82737,0.26421,0.30454,0.61766,0.54134,0.30217,0.35392,0.40539,0.38331,0.22502,0.4485,0.18389,0.28829,0.67033,0.67178,0.67345,0.70277,0.7432,0.70033,0.68868,0.67583,0.69052,0.65324,0.70359,0.69787,0.7745,0.75703,0.80776,0.81773,0.64444,0.61491,0.57899,0.47931,0.89473,0.87809,0.38516,0.3517,0.52008,0.49114,0.69035,0.73106,0.34919,0.34732,0.23078,0.20543,0.26832,0.13818,0.18951,0.26414,0.84094,0.86197,0.90035,0.89278,0.59785,0.74562,0.74174,0.73329,0.59529,0.67696,0.64663,0.70318,0.33851,0.3306,0.14286,0.30083,0.56824,0.5097,0.57472,0.50919,0.48689,0.43635,0.25588,0.30547,0.257,0.31837,0.24864,0.31687,0.1974,0.12178,0.33513,0.47705,0.19436,0.30532,0.26416,0.3321,0.33589,0.36181
0.89159,0.8334,0.74616,0.71251,0.59753,0.61848,0.64454,0.69012,0.65849,0.71513,0.75307,0.71108,0.75823,0.74116,0.77673,0.71497,0.74813,0.76225,1,0.93916,0.5202,0.43033,0.65485,0.60191,0.65291,0.56566,0.52856,0.58183,0.80414,0.80387,0.54238,0.56994,0.80663,0.77488,0.54199,0.55169,0.64017,0.56747,0.43781,0.59497,0.31721,0.43808,0.73122,0.73926,0.66992,0.69563,0.7178,0.73903,0.71425,0.71503,0.74231,0.69456,0.72029,0.68623,0.76482,0.74046,0.79382,0.78466,0.77102,0.69478,0.69217,0.60087,0.77818,0.76079,0.5706,0.53255,0.70653,0.64785,0.7655,0.73864,0.57117,0.54223,0.44534,0.38541,0.43417,0.35844,0.4709,0.48469,0.68331,0.67489,0.74625,0.73985,0.63644,0.68305,0.74965,0.73207,0.62878,0.64432,0.73195,0.75746,0.56983,0.59891,0.42588,0.61793,0.55986,0.54928,0.65777,0.64704,0.64025,0.5916,0.52537,0.58032,0.50626,0.6006,0.49237,0.57743,0.42604,0.43013,0.33712,0.53181,0.4498,0.50921,0.50486,0.49418,0.59474,0.26621
0.87446,0.8643,0.70246,0.70745,0.54338,0.60897,0.57547,0.66589,0.62364,0.68893,0.72289,0.71019,0.72892,0.73773,0.76925,0.71525,0.80679,0.83215,0.93916,1,0.4929,0.42318,0.64108,0.60164,0.64766,0.58625,0.55419,0.60706,0.81121,0.81678,0.50465,0.5433,0.82361,0.77075,0.55042,0.56674,0.60861,0.55319,0.40201,0.59316,0.31033,0.4295,0.74951,0.74524,0.72713,0.74131,0.76269,0.76965,0.75286,0.74477,0.76265,0.72671,0.74617,0.72525,0.79461,0.77963,0.84544,0.8435,0.77765,0.71601,0.66362,0.57802,0.83321,0.81254,0.55791,0.51516,0.72184,0.67733,0.80956,0.81512,0.50376,0.48734,0.36211,0.31787,0.359,0.29715,0.40632,0.45162,0.752,0.74994,0.81354,0.81141,0.66491,0.73354,0.77148,0.75732,0.61704,0.67849,0.7122,0.75509,0.54267,0.54617,0.38685,0.56167,0.55607,0.53266,0.65343,0.6223,0.62641,0.57533,0.45564,0.51079,0.45161,0.54527,0.46882,0.54383,0.38893,0.36681,0.34643,0.49547,0.43192,0.48929,0.45201,0.48816,0.53441,0.30237
0.52814,0.44813,0.66491,0.68698,0.64197,0.57354,0.5804,0.61287,0.58961,0.63036,0.43117,0.48085,0.50766,0.58816,0.65405,0.63187,0.30901,0.30915,0.5202,0.4929,1,0.84233,0.70923,0.74116,0.72156,0.7033,0.64221,0.63701,0.41626,0.39537,0.75175,0.72399,0.58725,0.62001,0.70312,0.66546,0.6537,0.59845,0.49022,0.62966,0.4144,0.57433,0.45405,0.44475,0.4867,0.47681,0.45851,0.49318,0.50644,0.5359,0.48192,0.50345,0.43261,0.40227,0.52814,0.53361,0.43072,0.42516,0.58044,0.62395,0.43579,0.63292,0.35677,0.41434,0.63814,0.69186,0.69072,0.70106,0.46092,0.42412,0.57168,0.58007,0.46287,0.3948,0.37467,0.30014,0.42303,0.45476,0.41138,0.37933,0.34414,0.40352,0.46016,0.4351,0.53923,0.57278,0.55189,0.44728,0.57208,0.6,0.54085,0.54149,0.62041,0.69492,0.37491,0.35004,0.45328,0.44773,0.45726,0.40761,0.51859,0.60526,0.53066,0.58222,0.53529,0.57549,0.40349,0.50437,0.20767,0.40459,0.43329,0.39549,0.46114,0.39019,0.49442,0.094644
0.38712,0.33743,0.49595,0.56203,0.42429,0.43312,0.40156,0.49263,0.40478,0.4986,0.26569,0.34795,0.37735,0.47073,0.54805,0.56545,0.1515,0.21709,0.43033,0.42318,0.84233,1,0.55536,0.6237,0.5678,0.61104,0.48416,0.54628,0.35345,0.36125,0.70698,0.73027,0.54259,0.58788,0.62074,0.59537,0.69369,0.66222,0.62707,0.71641,0.58677,0.70957,0.33016,0.3228,0.3848,0.36921,0.33838,0.38354,0.41156,0.44627,0.39334,0.42834,0.34819,0.30047,0.45798,0.42043,0.31385,0.3347,0.46077,0.51279,0.34217,0.53757,0.3218,0.3866,0.48805,0.56612,0.57333,0.61154,0.34008,0.33737,0.52677,0.58038,0.49548,0.43194,0.43584,0.35104,0.40605,0.46088,0.22888,0.22817,0.24373,0.28966,0.51083,0.46037,0.39984,0.43549,0.44719,0.39424,0.42944,0.47283,0.52229,0.49236,0.59034,0.62186,0.29584,0.29327,0.35981,0.4001,0.44471,0.36996,0.49439,0.54467,0.4979,0.54502,0.5251,0.4924,0.46392,0.5682,0.15779,0.36893,0.43259,0.38,0.44102,0.35173,0.45037,-0.068226
0.66244,0.58293,0.92173,0.87772,0.80771,0.76349,0.78504,0.73712,0.75326,0.76425,0.65636,0.60785,0.73419,0.75874,0.83977,0.8361,0.51304,0.46738,0.65485,0.64108,0.70923,0.55536,1,0.94424,0.91583,0.8702,0.83178,0.80754,0.54277,0.51249,0.75385,0.74012,0.65745,0.64765,0.7729,0.69698,0.59648,0.49527,0.36753,0.56388,0.20235,0.38005,0.58726,0.59582,0.63588,0.60419,0.5778,0.58216,0.61984,0.61038,0.59363,0.58157,0.56416,0.53986,0.67404,0.62852,0.56043,0.55285,0.72038,0.70932,0.55732,0.73371,0.49024,0.55049,0.83192,0.79745,0.78674,0.76026,0.54101,0.52404,0.55671,0.52928,0.32754,0.2652,0.25909,0.14214,0.28699,0.32244,0.57509,0.57583,0.53708,0.58335,0.46299,0.50977,0.76615,0.75202,0.64866,0.61627,0.77063,0.74251,0.41831,0.47774,0.52888,0.68189,0.4757,0.41654,0.45215,0.44098,0.32356,0.30315,0.404,0.49773,0.37363,0.44665,0.39257,0.58323,0.22764,0.25613,0.1292,0.35496,0.24524,0.23068,0.3791,0.31471,0.41734,0.24739
0.59295,0.53974,0.87199,0.92264,0.79047,0.80076,0.72679,0.78606,0.70396,0.76403,0.60084,0.58927,0.63219,0.74412,0.78078,0.8242,0.47452,0.44515,0.60191,0.60164,0.74116,0.6237,0.94424,1,0.87054,0.88487,0.82166,0.84141,0.49912,0.50438,0.74438,0.76961,0.64705,0.65873,0.81653,0.76329,0.62291,0.55758,0.41245,0.61295,0.2552,0.44711,0.52208,0.54032,0.60823,0.57311,0.53257,0.5316,0.59518,0.58658,0.56555,0.5634,0.51694,0.47804,0.64803,0.5958,0.51007,0.50953,0.67519,0.71491,0.50579,0.79285,0.46142,0.54092,0.83051,0.86173,0.78891,0.81891,0.49005,0.48214,0.54169,0.5451,0.32045,0.29004,0.27583,0.15636,0.27457,0.33293,0.53564,0.54237,0.48262,0.54079,0.44664,0.50046,0.72535,0.73843,0.66218,0.58709,0.73736,0.71748,0.46639,0.47153,0.61549,0.66592,0.41016,0.39731,0.39437,0.38773,0.33455,0.28931,0.45032,0.5043,0.43743,0.46809,0.44028,0.55548,0.27812,0.292,0.11671,0.31401,0.23576,0.24093,0.39853,0.29092,0.40681,0.20875
0.69946,0.62567,0.8634,0.82229,0.76251,0.74563,0.70715,0.66503,0.7219,0.7508,0.61629,0.59027,0.7143,0.737,0.86132,0.7988,0.54317,0.49456,0.65291,0.64766,0.72156,0.5678,0.91583,0.87054,1,0.92391,0.86305,0.83858,0.51984,0.46795,0.68532,0.65657,0.64052,0.61278,0.74358,0.66325,0.56784,0.45954,0.38387,0.54505,0.22752,0.34621,0.65674,0.65957,0.72433,0.70501,0.65593,0.67456,0.71419,0.70518,0.68263,0.6799,0.6398,0.63276,0.73281,0.70039,0.63785,0.63975,0.77167,0.74302,0.54218,0.68295,0.54984,0.59175,0.81821,0.77961,0.80673,0.76472,0.59205,0.55272,0.45919,0.44604,0.26293,0.17388,0.17534,0.079758,0.18829,0.22926,0.59722,0.58478,0.57701,0.64602,0.50687,0.5567,0.80654,0.80048,0.68635,0.6645,0.79361,0.78358,0.40681,0.45631,0.46293,0.62895,0.42704,0.35379,0.43524,0.41905,0.33609,0.3207,0.33758,0.44524,0.3381,0.42583,0.36709,0.54314,0.19533,0.26382,0.17929,0.36311,0.25293,0.26498,0.3394,0.31889,0.38843,0.25138
0.59048,0.54659,0.79552,0.81007,0.6517,0.72122,0.60893,0.64718,0.61739,0.68909,0.50824,0.50464,0.61863,0.67064,0.78978,0.76273,0.47121,0.43998,0.56566,0.58625,0.7033,0.61104,0.8702,0.88487,0.92391,1,0.82129,0.87239,0.44839,0.43104,0.67916,0.67816,0.61905,0.60501,0.75416,0.6832,0.55464,0.46499,0.41697,0.53404,0.22374,0.36248,0.54277,0.55531,0.62629,0.60113,0.54577,0.56416,0.61422,0.6059,0.59246,0.60369,0.54529,0.54498,0.65173,0.60464,0.57557,0.56039,0.66182,0.6745,0.43925,0.64383,0.49789,0.53651,0.78146,0.77027,0.74297,0.74783,0.49587,0.47887,0.44147,0.43489,0.2758,0.18577,0.16735,0.099602,0.1879,0.25768,0.55623,0.53803,0.50429,0.5706,0.45341,0.5108,0.72635,0.7381,0.62503,0.60702,0.68643,0.6904,0.35901,0.3621,0.47928,0.56692,0.40843,0.30249,0.38984,0.36803,0.27431,0.23637,0.32709,0.3923,0.3205,0.36896,0.36834,0.51068,0.20302,0.24482,0.14703,0.38223,0.23741,0.20669,0.31801,0.27399,0.33897,0.21827
0.56862,0.52374,0.75035,0.75921,0.69296,0.67245,0.52159,0.52622,0.66035,0.61951,0.56239,0.49471,0.56113,0.65127,0.78578,0.73359,0.48229,0.41941,0.52856,0.55419,0.64221,0.48416,0.83178,0.82166,0.86305,0.82129,1,0.89108,0.38164,0.33802,0.507,0.50633,0.46864,0.45254,0.67576,0.6034,0.44768,0.38058,0.25505,0.47613,0.12841,0.33369,0.5626,0.55108,0.65896,0.63081,0.59773,0.5699,0.60861,0.58848,0.54214,0.58104,0.50621,0.53645,0.66503,0.66225,0.52546,0.53687,0.65002,0.68112,0.36716,0.65262,0.42976,0.49218,0.82117,0.77865,0.68972,0.68756,0.5037,0.46594,0.34099,0.30429,0.11229,0.096399,0.076794,-0.065439,0.055078,0.10252,0.56911,0.55897,0.49727,0.57434,0.40299,0.4679,0.77319,0.76968,0.74551,0.69369,0.75661,0.74303,0.27687,0.34947,0.38333,0.49205,0.33616,0.30715,0.34339,0.33316,0.22455,0.20948,0.18861,0.27155,0.17134,0.29691,0.2455,0.4341,0.044018,0.14628,0.085066,0.18662,0.11871,0.12891,0.22377,0.21799,0.26923,0.2667
0.60148,0.56441,0.74562,0.79898,0.6565,0.72794,0.53001,0.59856,0.65921,0.67824,0.54868,0.53548,0.57882,0.6805,0.75611,0.74999,0.47981,0.45178,0.58183,0.60706,0.63701,0.54628,0.80754,0.84141,0.83858,0.87239,0.89108,1,0.43267,0.42281,0.5661,0.6033,0.55279,0.54408,0.70692,0.64438,0.54961,0.51284,0.32485,0.56047,0.14729,0.37433,0.55159,0.54477,0.62442,0.59421,0.57123,0.56405,0.60023,0.58161,0.55856,0.58594,0.51576,0.52047,0.66907,0.64683,0.57593,0.57112,0.66889,0.68176,0.42827,0.6834,0.46825,0.52919,0.78976,0.76565,0.71281,0.71949,0.5498,0.49268,0.38851,0.36299,0.18564,0.14764,0.17678,0.025784,0.16454,0.20804,0.57849,0.57035,0.51134,0.57885,0.42275,0.47584,0.74629,0.7599,0.74169,0.67346,0.74673,0.74258,0.34019,0.38651,0.44986,0.51526,0.39195,0.36466,0.38747,0.38965,0.29925,0.26672,0.2787,0.32255,0.25841,0.34785,0.33198,0.46204,0.14443,0.22605,0.17205,0.28494,0.21915,0.23395,0.32534,0.26429,0.33448,0.2567
0.69801,0.64899,0.59962,0.55535,0.48476,0.47068,0.58143,0.59854,0.61187,0.62495,0.72306,0.72125,0.79088,0.71053,0.7316,0.6912,0.79723,0.80049,0.80414,0.81121,0.41626,0.35345,0.54277,0.49912,0.51984,0.44839,0.38164,0.43267,1,0.9232,0.51682,0.55721,0.71617,0.63271,0.4071,0.39875,0.62258,0.59152,0.46011,0.62962,0.4225,0.44849,0.58687,0.58314,0.56199,0.58816,0.60789,0.59928,0.59314,0.61587,0.65142,0.58666,0.664,0.59523,0.71696,0.6501,0.67508,0.66738,0.64489,0.56857,0.68067,0.48562,0.80725,0.77626,0.40359,0.35554,0.53295,0.48783,0.58148,0.60331,0.53756,0.50572,0.48274,0.39506,0.47568,0.39051,0.42725,0.46429,0.67326,0.68361,0.83458,0.74085,0.76292,0.81104,0.65307,0.6409,0.51308,0.62761,0.61419,0.66406,0.51208,0.49378,0.32976,0.49286,0.63974,0.70848,0.64042,0.60463,0.61792,0.54924,0.48369,0.52352,0.4619,0.52922,0.54892,0.60079,0.4222,0.36026,0.46667,0.55345,0.31762,0.38319,0.4122,0.47232,0.59907,0.46877
0.69262,0.67936,0.57922,0.58603,0.43989,0.49434,0.5739,0.67428,0.58138,0.63659,0.71941,0.75451,0.73855,0.72429,0.67849,0.68809,0.78342,0.82737,0.80387,0.81678,0.39537,0.36125,0.51249,0.50438,0.46795,0.43104,0.33802,0.42281,0.9232,1,0.48641,0.54312,0.71866,0.65844,0.36916,0.40524,0.58353,0.57625,0.43882,0.6038,0.38937,0.49892,0.55894,0.5613,0.52677,0.55129,0.57954,0.56264,0.55451,0.58115,0.62478,0.55979,0.61629,0.55322,0.68295,0.6174,0.66215,0.652,0.60044,0.57237,0.67747,0.52272,0.80009,0.79485,0.36615,0.37388,0.51144,0.48948,0.57352,0.61864,0.59473,0.5852,0.54395,0.49416,0.53799,0.40182,0.43832,0.50701,0.67728,0.7028,0.80238,0.72997,0.68556,0.77819,0.63024,0.62388,0.47855,0.59069,0.59141,0.63948,0.49073,0.45521,0.33962,0.47033,0.62802,0.67641,0.60074,0.5946,0.59528,0.51475,0.49087,0.52592,0.4681,0.53254,0.50059,0.52563,0.41266,0.35578,0.38766,0.54656,0.28396,0.36951,0.41208,0.42871,0.53675,0.40494
0.47282,0.36627,0.64259,0.63144,0.62235,0.53116,0.62594,0.6203,0.56186,0.59685,0.40155,0.42765,0.55735,0.55873,0.60412,0.63172,0.2752,0.26421,0.54238,0.50465,0.75175,0.70698,0.75385,0.74438,0.68532,0.67916,0.507,0.5661,0.51682,0.48641,1,0.94116,0.71009,0.75411,0.7222,0.6232,0.70945,0.65681,0.41153,0.58086,0.29255,0.50411,0.38639,0.38472,0.36251,0.34878,0.37193,0.42045,0.4048,0.44843,0.4534,0.42602,0.44881,0.36222,0.47418,0.41209,0.34569,0.33343,0.50606,0.48888,0.44375,0.50534,0.32608,0.37136,0.51317,0.5537,0.62543,0.62374,0.35318,0.32114,0.62434,0.61318,0.55323,0.45063,0.45374,0.43361,0.53838,0.53776,0.33842,0.351,0.3351,0.32322,0.38714,0.39237,0.42376,0.44571,0.33041,0.32293,0.45971,0.4922,0.59615,0.60173,0.65351,0.74049,0.40971,0.40353,0.50738,0.50225,0.51918,0.46699,0.62571,0.67386,0.58268,0.61391,0.63251,0.6554,0.46838,0.52292,0.25068,0.44794,0.50689,0.43826,0.51921,0.46434,0.56419,0.18287
0.48564,0.39633,0.64376,0.67806,0.62242,0.57664,0.61713,0.66535,0.57087,0.63831,0.41746,0.46232,0.56025,0.58482,0.61105,0.68098,0.29779,0.30454,0.56994,0.5433,0.72399,0.73027,0.74012,0.76961,0.65657,0.67816,0.50633,0.6033,0.55721,0.54312,0.94116,1,0.73714,0.77915,0.74031,0.67503,0.74182,0.71607,0.46178,0.64748,0.36666,0.55248,0.39104,0.38341,0.39005,0.36615,0.39105,0.43287,0.43232,0.45694,0.46286,0.43077,0.47028,0.36701,0.50358,0.43361,0.37313,0.37276,0.53154,0.51352,0.49068,0.56499,0.36595,0.4193,0.51904,0.5766,0.6472,0.66283,0.39175,0.3703,0.64527,0.63105,0.54838,0.47308,0.49949,0.45371,0.54372,0.56793,0.32708,0.36727,0.35779,0.34548,0.46593,0.46644,0.43687,0.46369,0.36888,0.38313,0.47982,0.51562,0.64992,0.63041,0.70392,0.74225,0.41347,0.46218,0.49875,0.5132,0.56083,0.49625,0.64891,0.6804,0.62099,0.62781,0.64437,0.63281,0.5269,0.52522,0.3,0.43975,0.51337,0.47031,0.54949,0.43051,0.54758,0.17651
0.71073,0.64337,0.69829,0.6812,0.61988,0.6058,0.67742,0.70765,0.60339,0.65585,0.55769,0.58349,0.68283,0.66191,0.65986,0.63472,0.60496,0.61766,0.80663,0.82361,0.58725,0.54259,0.65745,0.64705,0.64052,0.61905,0.46864,0.55279,0.71617,0.71866,0.71009,0.73714,1,0.94133,0.73356,0.71816,0.73964,0.64511,0.42914,0.57811,0.32526,0.47324,0.63119,0.62159,0.59271,0.6058,0.64313,0.68693,0.65852,0.68508,0.73209,0.67003,0.7062,0.64323,0.69372,0.66748,0.63737,0.62947,0.70387,0.6313,0.69867,0.54791,0.70289,0.69068,0.5591,0.53608,0.78018,0.74977,0.66114,0.63151,0.61541,0.61054,0.53368,0.46,0.52798,0.55381,0.65146,0.67076,0.56773,0.61191,0.63385,0.59691,0.52707,0.62029,0.61586,0.60943,0.39283,0.47351,0.5722,0.62933,0.75442,0.72945,0.65207,0.78119,0.47561,0.48444,0.69082,0.66283,0.7236,0.68914,0.71653,0.74383,0.70109,0.73693,0.70113,0.728,0.6289,0.54924,0.40228,0.63687,0.64941,0.6163,0.60057,0.60161,0.6527,0.28309
0.65055,0.58356,0.6597,0.69064,0.63304,0.63369,0.62481,0.71443,0.58245,0.67042,0.49758,0.54514,0.60903,0.6186,0.60891,0.61208,0.49879,0.54134,0.77488,0.77075,0.62001,0.58788,0.64765,0.65873,0.61278,0.60501,0.45254,0.54408,0.63271,0.65844,0.75411,0.77915,0.94133,1,0.74459,0.74549,0.74907,0.67584,0.40017,0.5753,0.30954,0.50048,0.55436,0.5599,0.50671,0.52598,0.57014,0.63098,0.58483,0.62544,0.65305,0.59937,0.63761,0.5521,0.61379,0.59165,0.5412,0.56064,0.64628,0.626,0.62181,0.57796,0.61066,0.6292,0.51597,0.54071,0.73515,0.74535,0.58462,0.557,0.61092,0.60927,0.53383,0.48438,0.55199,0.57059,0.66101,0.676,0.48012,0.51511,0.5099,0.4981,0.44194,0.5283,0.54329,0.55258,0.3722,0.38971,0.53395,0.59368,0.78299,0.74763,0.7156,0.79543,0.39068,0.42516,0.63714,0.61206,0.71526,0.66893,0.75025,0.749,0.72401,0.75253,0.67548,0.68034,0.63124,0.5817,0.33576,0.58363,0.69491,0.66479,0.64968,0.58582,0.62375,0.16869
0.52733,0.44759,0.7383,0.76222,0.71831,0.66774,0.60924,0.63836,0.54041,0.60004,0.42653,0.43488,0.48211,0.58641,0.60022,0.60987,0.34459,0.30217,0.54199,0.55042,0.70312,0.62074,0.7729,0.81653,0.74358,0.75416,0.67576,0.70692,0.4071,0.36916,0.7222,0.74031,0.73356,0.74459,1,0.91703,0.72748,0.65697,0.44763,0.60842,0.31068,0.44913,0.51717,0.50981,0.57155,0.53572,0.52611,0.5579,0.59207,0.60123,0.56042,0.56885,0.51778,0.49226,0.59791,0.58749,0.44368,0.44394,0.65989,0.65572,0.45196,0.65559,0.36545,0.42249,0.73886,0.77147,0.83859,0.87258,0.49434,0.45109,0.50024,0.484,0.32043,0.29519,0.30555,0.33614,0.46778,0.48855,0.40258,0.41147,0.36106,0.39611,0.38469,0.38756,0.57502,0.58335,0.47501,0.42894,0.59889,0.61105,0.64521,0.64991,0.74309,0.75575,0.29493,0.36608,0.46634,0.45154,0.49895,0.49872,0.58917,0.58726,0.56196,0.62431,0.553,0.63771,0.481,0.47495,0.25069,0.33294,0.51075,0.47707,0.54519,0.45333,0.52544,0.11292
0.53247,0.45642,0.68517,0.75124,0.68157,0.67137,0.57243,0.65742,0.5088,0.57785,0.42912,0.45157,0.4256,0.56357,0.54335,0.56786,0.38489,0.35392,0.55169,0.56674,0.66546,0.59537,0.69698,0.76329,0.66325,0.6832,0.6034,0.64438,0.39875,0.40524,0.6232,0.67503,0.71816,0.74549,0.91703,1,0.71033,0.65938,0.45541,0.61019,0.31946,0.45433,0.50483,0.50968,0.56105,0.52299,0.51757,0.54653,0.59866,0.59034,0.53221,0.54305,0.48475,0.46034,0.58015,0.57518,0.45009,0.45539,0.63684,0.65109,0.45592,0.66376,0.39049,0.4528,0.68347,0.75168,0.84896,0.90103,0.53512,0.50921,0.4696,0.4739,0.27953,0.28631,0.31198,0.31541,0.46555,0.50088,0.42194,0.43326,0.35175,0.38989,0.38287,0.38415,0.54288,0.55213,0.48187,0.41485,0.58753,0.5756,0.64494,0.63894,0.7116,0.70645,0.24564,0.34868,0.41809,0.39357,0.48052,0.48143,0.5715,0.55817,0.553,0.61583,0.49391,0.54239,0.49318,0.48304,0.26321,0.27566,0.50273,0.4741,0.50927,0.3718,0.46895,0.03871
0.55015,0.43009,0.60191,0.5999,0.57237,0.53022,0.55402,0.5887,0.51368,0.5631,0.48845,0.50579,0.55623,0.56855,0.5989,0.56875,0.39029,0.40539,0.64017,0.60861,0.6537,0.69369,0.59648,0.62291,0.56784,0.55464,0.44768,0.54961,0.62258,0.58353,0.70945,0.74182,0.73964,0.74907,0.72748,0.71033,1,0.90679,0.66669,0.84014,0.54426,0.6599,0.46772,0.47477,0.4221,0.42592,0.45218,0.51194,0.48528,0.52538,0.544,0.51445,0.51434,0.42767,0.60143,0.56743,0.44294,0.41914,0.56543,0.53927,0.53739,0.54315,0.52007,0.4934,0.5323,0.53634,0.66897,0.67912,0.47864,0.43868,0.57125,0.57324,0.56258,0.49478,0.61823,0.56871,0.64835,0.63505,0.37231,0.36825,0.4324,0.39853,0.52425,0.47396,0.50112,0.48463,0.45529,0.4096,0.54098,0.56488,0.71911,0.72913,0.67406,0.75821,0.45691,0.59097,0.63612,0.64903,0.69503,0.66541,0.69001,0.69912,0.6711,0.74066,0.72468,0.74118,0.68684,0.68482,0.46294,0.52177,0.69012,0.64067,0.64831,0.60459,0.74356,0.16671
0.45502,0.3581,0.48192,0.55257,0.49617,0.48297,0.42886,0.54573,0.45291,0.52836,0.46834,0.49766,0.46466,0.53452,0.50775,0.52131,0.32626,0.38331,0.56747,0.55319,0.59845,0.66222,0.49527,0.55758,0.45954,0.46499,0.38058,0.51284,0.59152,0.57625,0.65681,0.71607,0.64511,0.67584,0.65697,0.65938,0.90679,1,0.61342,0.86672,0.54183,0.73296,0.33892,0.34051,0.32171,0.3285,0.35527,0.40377,0.37794,0.42397,0.43171,0.41999,0.42276,0.31518,0.52588,0.49797,0.3662,0.35943,0.49588,0.49961,0.46162,0.54139,0.45087,0.47171,0.44293,0.49024,0.56894,0.61138,0.41621,0.39521,0.56652,0.5488,0.55525,0.52263,0.62776,0.55633,0.61224,0.62094,0.32134,0.32528,0.38271,0.35014,0.51567,0.46659,0.41861,0.433,0.42563,0.37981,0.48693,0.52301,0.69213,0.68818,0.67524,0.66746,0.39011,0.57579,0.54869,0.56567,0.6636,0.61109,0.64204,0.62856,0.63009,0.70421,0.65903,0.61675,0.65283,0.64485,0.42457,0.41622,0.62418,0.59224,0.60106,0.51741,0.65112,0.12944
0.34865,0.29805,0.42113,0.42511,0.26807,0.27944,0.34962,0.38849,0.23796,0.32815,0.24601,0.32574,0.36039,0.38161,0.47141,0.46485,0.20117,0.22502,0.43781,0.40201,0.49022,0.62707,0.36753,0.41245,0.38387,0.41697,0.25505,0.32485,0.46011,0.43882,0.41153,0.46178,0.42914,0.40017,0.44763,0.45541,0.66669,0.61342,1,0.7698,0.83139,0.65955,0.23579,0.25431,0.31311,0.30055,0.18323,0.24123,0.32796,0.32407,0.31317,0.32573,0.23512,0.17982,0.39546,0.32411,0.29386,0.26637,0.36242,0.37881,0.38394,0.40907,0.39464,0.37563,0.41132,0.41857,0.4369,0.44065,0.31395,0.33298,0.40007,0.43115,0.44994,0.42733,0.42925,0.44618,0.39309,0.39993,0.15299,0.12932,0.26636,0.23217,0.66213,0.51469,0.33992,0.3344,0.36313,0.36308,0.39044,0.37532,0.36717,0.33711,0.39703,0.41703,0.38211,0.47647,0.30059,0.3962,0.34079,0.29235,0.36963,0.40427,0.41231,0.46856,0.51008,0.51113,0.53035,0.57926,0.32735,0.31617,0.28555,0.25722,0.33073,0.30493,0.5127,0.053222
0.50991,0.46249,0.57009,0.6167,0.45519,0.47818,0.46597,0.5549,0.47668,0.55925,0.49144,0.55499,0.53372,0.59971,0.6322,0.62818,0.38947,0.4485,0.59497,0.59316,0.62966,0.71641,0.56388,0.61295,0.54505,0.53404,0.47613,0.56047,0.62962,0.6038,0.58086,0.64748,0.57811,0.5753,0.60842,0.61019,0.84014,0.86672,0.7698,1,0.69287,0.74989,0.42211,0.43203,0.4825,0.47413,0.42,0.45094,0.48871,0.51396,0.49637,0.50548,0.45545,0.36919,0.63237,0.57607,0.45924,0.47185,0.56693,0.59627,0.47474,0.59325,0.54205,0.56267,0.53071,0.56787,0.60995,0.63503,0.46361,0.48313,0.48982,0.4899,0.45979,0.43398,0.50463,0.40128,0.43966,0.45223,0.37715,0.38134,0.48905,0.48096,0.70419,0.63352,0.54596,0.56833,0.57528,0.59212,0.61011,0.61828,0.50844,0.50609,0.49251,0.54151,0.47659,0.65023,0.48046,0.53218,0.50728,0.46082,0.44341,0.50096,0.45719,0.55852,0.54919,0.59162,0.50842,0.55013,0.39093,0.39258,0.39019,0.36509,0.45571,0.39725,0.5587,0.18934
0.20211,0.18058,0.24781,0.27264,0.15117,0.11587,0.16933,0.23635,0.11515,0.20138,0.1205,0.23151,0.24342,0.24817,0.36381,0.33402,0.12746,0.18389,0.31721,0.31033,0.4144,0.58677,0.20235,0.2552,0.22752,0.22374,0.12841,0.14729,0.4225,0.38937,0.29255,0.36666,0.32526,0.30954,0.31068,0.31946,0.54426,0.54183,0.83139,0.69287,1,0.67439,0.12933,0.14191,0.23632,0.23036,0.11987,0.15844,0.25155,0.27589,0.24923,0.26074,0.2028,0.1309,0.29857,0.22861,0.17707,0.21518,0.29172,0.28972,0.29521,0.32229,0.34179,0.33816,0.26617,0.27435,0.28801,0.30253,0.21601,0.272,0.30385,0.36195,0.36824,0.39102,0.40515,0.38824,0.29705,0.34981,0.037441,0.038163,0.2116,0.17737,0.72979,0.54274,0.22901,0.23701,0.26718,0.31271,0.24737,0.26802,0.35978,0.29763,0.34653,0.32759,0.21138,0.37072,0.15792,0.24019,0.31528,0.25968,0.30968,0.33228,0.36847,0.40338,0.43523,0.35715,0.49975,0.50473,0.23137,0.186,0.20857,0.21401,0.24437,0.20594,0.41164,-0.053803
0.36942,0.26835,0.39066,0.47686,0.34344,0.33711,0.34843,0.46713,0.36033,0.44803,0.36257,0.38068,0.3677,0.44915,0.45143,0.49634,0.20561,0.28829,0.43808,0.4295,0.57433,0.70957,0.38005,0.44711,0.34621,0.36248,0.33369,0.37433,0.44849,0.49892,0.50411,0.55248,0.47324,0.50048,0.44913,0.45433,0.6599,0.73296,0.65955,0.74989,0.67439,1,0.19586,0.18052,0.23722,0.23467,0.22737,0.2441,0.24222,0.31227,0.27378,0.31229,0.24004,0.16536,0.37459,0.34654,0.25476,0.27112,0.40854,0.45644,0.42795,0.50752,0.36923,0.42917,0.36038,0.42846,0.41171,0.44158,0.33386,0.35135,0.59042,0.6196,0.68733,0.70751,0.61911,0.52858,0.51021,0.57532,0.23729,0.22116,0.27364,0.26004,0.54698,0.44312,0.34583,0.37408,0.39133,0.31951,0.40936,0.43642,0.50607,0.4944,0.54693,0.54558,0.31155,0.41905,0.37491,0.4524,0.49484,0.40188,0.48639,0.51551,0.49333,0.58782,0.4743,0.45144,0.54377,0.54575,0.18723,0.30395,0.42886,0.38993,0.47561,0.40277,0.45988,0.046665
0.83939,0.8378,0.67186,0.60551,0.55799,0.55563,0.58697,0.55205,0.62461,0.62108,0.62204,0.63342,0.63794,0.63341,0.67643,0.60901,0.69241,0.67033,0.73122,0.74951,0.45405,0.33016,0.58726,0.52208,0.65674,0.54277,0.5626,0.55159,0.58687,0.55894,0.38639,0.39104,0.63119,0.55436,0.51717,0.50483,0.46772,0.33892,0.23579,0.42211,0.12933,0.19586,1,0.98042,0.90722,0.91759,0.94619,0.95396,0.90573,0.89151,0.8713,0.84767,0.84038,0.87575,0.83137,0.87842,0.83368,0.83376,0.78802,0.712,0.56509,0.48581,0.69951,0.69222,0.53458,0.5206,0.76484,0.7029,0.75565,0.74589,0.4398,0.41574,0.17741,0.12424,0.16687,0.11183,0.25277,0.29414,0.68478,0.72278,0.74141,0.79136,0.504,0.5883,0.76202,0.77753,0.60269,0.68543,0.6986,0.76869,0.46927,0.5359,0.27496,0.50697,0.53374,0.39167,0.67231,0.62147,0.6031,0.63078,0.36924,0.46983,0.37163,0.46734,0.3762,0.52945,0.242,0.32673,0.29046,0.43447,0.36079,0.46649,0.40949,0.43091,0.44565,0.32497
