1,0.90857,0.8571,0.80699,0.78048,0.77999,0.80935,0.78941,0.77281,0.73038,0.786,0.7586,0.76507,0.70869,0.77676,0.69771,0.89493,0.87917,0.87208,0.81765,0.55152,0.59424,0.73643,0.71718,0.6266,0.67215,0.4956,0.61097,0.7714,0.73069,0.4773,0.51021,0.77187,0.71612,0.62718,0.66344,0.73895,0.75915,0.67044,0.79502,0.4959,0.71418,0.88578,0.8747,0.8114,0.797,0.8854,0.89001,0.83522,0.8279,0.73878,0.77532,0.80876,0.74954,0.84164,0.85258,0.93574,0.90249,0.77664,0.80014,0.77695,0.6661,0.92007,0.83251,0.70707,0.6411,0.77317,0.74414,0.87751,0.78899,0.52934,0.50322,0.46918,0.49023,0.47107,0.49733,0.53308,0.43157,0.88805,0.87972,0.92612,0.91719,0.80398,0.71394,0.88075,0.8757,0.57657,0.67599,0.81803,0.81315,0.62569,0.60791,0.52675,0.62393,0.67002,0.7244,0.76077,0.79292,0.73287,0.75037,0.5446,0.68351,0.63574,0.68285,0.66087,0.6913,0.6115,0.58617,0.6169,0.72514,0.74164,0.72728,0.55919,0.64821,0.70468,0.48143
0.90857,1,0.78895,0.80966,0.7551,0.72416,0.72488,0.77618,0.69145,0.65631,0.6825,0.76656,0.65676,0.67527,0.70846,0.67209,0.85538,0.88459,0.89297,0.89391,0.56739,0.56821,0.72175,0.68913,0.59403,0.6282,0.47681,0.53711,0.76033,0.7562,0.48743,0.50858,0.79946,0.77263,0.61312,0.65056,0.66152,0.74765,0.67326,0.77671,0.49915,0.69591,0.86696,0.85827,0.80644,0.80056,0.82964,0.86037,0.82107,0.80337,0.70745,0.71805,0.73581,0.64597,0.78321,0.77695,0.89127,0.89978,0.67958,0.78437,0.6441,0.60977,0.8829,0.85124,0.64394,0.56325,0.77618,0.77547,0.91092,0.87783,0.48616,0.48536,0.4315,0.49704,0.50248,0.58143,0.52458,0.43429,0.8621,0.86943,0.87353,0.86384,0.77716,0.71725,0.77042,0.80081,0.49113,0.58364,0.73462,0.71178,0.60242,0.56993,0.46349,0.56278,0.65969,0.67963,0.72312,0.7116,0.69762,0.67338,0.45882,0.6324,0.57425,0.63207,0.59355,0.62695,0.59587,0.57925,0.61489,0.73842,0.69184,0.65293,0.45073,0.61526,0.65816,0.42104
0.8571,0.78895,1,0.90619,0.89758,0.81259,0.94349,0.84784,0.83871,0.73587,0.74954,0.69798,0.81514,0.71233,0.86086,0.69515,0.80258,0.78894,0.83349,0.76397,0.74207,0.75983,0.92154,0.88432,0.85014,0.85205,0.60382,0.75228,0.75476,0.69119,0.72551,0.69445,0.86856,0.79944,0.8294,0.80355,0.81967,0.84341,0.78716,0.87243,0.62164,0.80118,0.82145,0.83709,0.77869,0.77514,0.79096,0.8532,0.74747,0.7841,0.64477,0.76357,0.7447,0.66572,0.8356,0.81317,0.76564,0.75064,0.82083,0.8051,0.8268,0.74092,0.82678,0.77443,0.85559,0.78773,0.86737,0.84577,0.80703,0.76558,0.64447,0.61296,0.543,0.5534,0.57589,0.53869,0.63014,0.55116,0.83496,0.83037,0.83989,0.84482,0.80202,0.65565,0.88521,0.88628,0.61316,0.65695,0.89381,0.87175,0.71724,0.74816,0.67008,0.78401,0.62363,0.75352,0.72847,0.76878,0.70346,0.75599,0.61107,0.76656,0.6673,0.70506,0.79792,0.82466,0.70736,0.6828,0.60268,0.6949,0.73837,0.73034,0.58898,0.64585,0.80759,0.53298
0.80699,0.80966,0.90619,1,0.85285,0.82554,0.87306,0.93127,0.80574,0.79198,0.67876,0.7693,0.74059,0.77464,0.79966,0.7489,0.76839,0.77009,0.80319,0.79946,0.75321,0.76088,0.895,0.92551,0.79872,0.84854,0.61616,0.75322,0.74489,0.70702,0.7209,0.73149,0.84551,0.82919,0.76485,0.79379,0.75199,0.81226,0.76466,0.83369,0.61465,0.78506,0.77065,0.78609,0.74418,0.76593,0.72403,0.79129,0.71334,0.75263,0.61118,0.70812,0.66938,0.55158,0.76715,0.71589,0.7224,0.72896,0.71055,0.76658,0.72873,0.80615,0.80341,0.80295,0.7711,0.81375,0.79856,0.84284,0.78771,0.79805,0.62221,0.59878,0.51907,0.56662,0.58161,0.57203,0.59158,0.53187,0.81406,0.80091,0.80771,0.82482,0.76678,0.62815,0.80303,0.86504,0.51448,0.55833,0.82452,0.80587,0.72849,0.64593,0.66366,0.69295,0.60275,0.67948,0.65101,0.66497,0.64018,0.64107,0.55027,0.68611,0.6066,0.62579,0.73746,0.72589,0.66777,0.61815,0.62244,0.69476,0.67398,0.64626,0.47524,0.59396,0.71126,0.45563
0.78048,0.7551,0.89758,0.85285,1,0.86163,0.86772,0.79562,0.8855,0.76026,0.6575,0.62242,0.72123,0.61041,0.82714,0.67427,0.73911,0.72244,0.76868,0.71852,0.71727,0.73558,0.8381,0.80557,0.78216,0.78909,0.52747,0.74079,0.69038,0.63838,0.59412,0.57894,0.79252,0.72903,0.74134,0.73504,0.72869,0.74069,0.73785,0.80479,0.56428,0.69306,0.76872,0.78529,0.74588,0.75399,0.73219,0.80272,0.73742,0.75647,0.62695,0.71041,0.71438,0.6252,0.79643,0.7656,0.71906,0.71241,0.78465,0.79599,0.74329,0.72239,0.76904,0.72059,0.73796,0.72853,0.81551,0.8094,0.77894,0.75037,0.52229,0.5076,0.45993,0.49298,0.51233,0.50419,0.49445,0.41949,0.77468,0.74532,0.76969,0.77042,0.79321,0.64699,0.81402,0.806,0.66793,0.71873,0.81828,0.81598,0.65841,0.67179,0.61121,0.70114,0.62383,0.70707,0.70269,0.7219,0.65199,0.69548,0.56364,0.72527,0.65199,0.68114,0.71667,0.73005,0.66519,0.6643,0.63699,0.68582,0.70747,0.69513,0.59303,0.7122,0.74181,0.46056
0.77999,0.72416,0.81259,0.82554,0.86163,1,0.78129,0.75577,0.85623,0.87088,0.63838,0.62177,0.68067,0.61661,0.75416,0.67547,0.72064,0.68126,0.70291,0.66318,0.59514,0.69065,0.74776,0.76236,0.63832,0.75386,0.39853,0.79007,0.62813,0.57743,0.45992,0.46831,0.67411,0.63458,0.61955,0.69061,0.64848,0.65213,0.65923,0.74158,0.43482,0.57604,0.74876,0.75549,0.6728,0.71116,0.70405,0.76988,0.70786,0.71184,0.61267,0.65709,0.68397,0.5818,0.75052,0.7236,0.73572,0.69109,0.72762,0.73742,0.65913,0.7081,0.73385,0.66945,0.63206,0.70691,0.71905,0.73988,0.75117,0.71082,0.40611,0.40146,0.38791,0.40675,0.43472,0.40607,0.34338,0.27296,0.73862,0.68143,0.75453,0.74854,0.75529,0.62531,0.75894,0.76434,0.71607,0.75718,0.75472,0.75187,0.59848,0.56032,0.56434,0.60454,0.60441,0.6193,0.63542,0.65872,0.57198,0.61207,0.50868,0.65036,0.58939,0.60769,0.59543,0.62291,0.55719,0.5577,0.64144,0.61557,0.67578,0.63118,0.5367,0.67994,0.61123,0.38881
0.80935,0.72488,0.94349,0.87306,0.86772,0.78129,1,0.8964,0.84417,0.77812,0.78912,0.76372,0.84967,0.77874,0.84532,0.75044,0.79938,0.78689,0.77333,0.71651,0.67121,0.69484,0.88342,0.86314,0.80664,0.79856,0.54344,0.6993,0.79674,0.74775,0.70678,0.70214,0.82836,0.78311,0.74817,0.73042,0.77411,0.76461,0.71862,0.79998,0.58304,0.77954,0.76187,0.77804,0.71502,0.73221,0.72889,0.77921,0.67481,0.73259,0.55828,0.69427,0.65998,0.60848,0.7792,0.75103,0.70287,0.70501,0.77193,0.73799,0.83913,0.78139,0.81599,0.78761,0.79651,0.75466,0.77449,0.76448,0.70543,0.67766,0.64994,0.60701,0.53974,0.55274,0.56107,0.51924,0.61546,0.54225,0.83295,0.82293,0.82339,0.83821,0.77602,0.64566,0.84095,0.85729,0.51984,0.58663,0.82487,0.80054,0.65704,0.65545,0.62749,0.71021,0.57083,0.69893,0.66208,0.70985,0.66101,0.68585,0.59313,0.69811,0.62447,0.65152,0.73861,0.76728,0.6548,0.62962,0.61122,0.64634,0.66695,0.67198,0.55535,0.61662,0.74512,0.53446
0.78941,0.77618,0.84784,0.93127,0.79562,0.75577,0.8964,1,0.7703,0.81183,0.73978,0.87208,0.77101,0.85768,0.78813,0.81587,0.79052,0.80006,0.78052,0.77853,0.6707,0.67112,0.84115,0.87813,0.73813,0.76775,0.53809,0.6485,0.82045,0.80152,0.7107,0.74787,0.80871,0.82035,0.66915,0.71074,0.72017,0.76066,0.70913,0.77616,0.60245,0.79544,0.72863,0.73895,0.69372,0.72742,0.68871,0.73105,0.65717,0.71121,0.53922,0.64331,0.59137,0.51146,0.72276,0.6711,0.68552,0.70322,0.65131,0.7033,0.73207,0.83554,0.82622,0.83739,0.69529,0.75098,0.70447,0.7505,0.70455,0.72196,0.63285,0.59451,0.52262,0.5843,0.58718,0.5927,0.60448,0.5508,0.82946,0.82788,0.8139,0.83579,0.74125,0.62859,0.75766,0.82965,0.38444,0.45581,0.75588,0.72376,0.66938,0.55586,0.60893,0.60541,0.56822,0.64881,0.61787,0.63372,0.63977,0.59914,0.53352,0.61812,0.58035,0.57641,0.68653,0.66406,0.62551,0.58988,0.59698,0.67474,0.6131,0.60935,0.44306,0.54588,0.67539,0.4489
0.77281,0.69145,0.83871,0.80574,0.8855,0.85623,0.84417,0.7703,1,0.80888,0.61502,0.60416,0.69153,0.59097,0.75165,0.63256,0.71168,0.68024,0.66953,0.63075,0.60494,0.68397,0.7227,0.7588,0.66339,0.73865,0.52764,0.77609,0.63766,0.60126,0.49389,0.50534,0.70616,0.64777,0.6517,0.71598,0.66133,0.6743,0.59752,0.73194,0.3954,0.58399,0.73775,0.74823,0.66925,0.69049,0.73108,0.77902,0.68547,0.71807,0.62134,0.68722,0.67976,0.62507,0.73535,0.75628,0.72974,0.70759,0.77507,0.75578,0.75384,0.73746,0.72542,0.67284,0.66302,0.73005,0.72044,0.73036,0.71287,0.65649,0.4735,0.47046,0.43481,0.45095,0.43706,0.40163,0.42742,0.35175,0.74404,0.67711,0.74036,0.74236,0.73224,0.65858,0.79584,0.79747,0.66057,0.69521,0.76855,0.80659,0.59166,0.59437,0.56994,0.65724,0.62308,0.66327,0.64831,0.66945,0.60046,0.6438,0.58148,0.69979,0.61846,0.62749,0.61786,0.65587,0.56902,0.55839,0.65197,0.6215,0.66641,0.62354,0.54276,0.64284,0.61803,0.41031
0.73038,0.65631,0.73587,0.79198,0.76026,0.87088,0.77812,0.81183,0.80888,1,0.63665,0.70607,0.69889,0.71159,0.74637,0.77829,0.68524,0.66958,0.68604,0.65313,0.51291,0.61807,0.70157,0.76364,0.57476,0.65531,0.43808,0.69658,0.64756,0.63633,0.48603,0.53831,0.6741,0.65824,0.57125,0.66213,0.60871,0.61398,0.54263,0.65705,0.38051,0.56357,0.67296,0.66612,0.60918,0.6498,0.65012,0.68902,0.61914,0.65338,0.53914,0.57746,0.59588,0.51772,0.65056,0.64387,0.66184,0.63874,0.64831,0.68536,0.68097,0.79844,0.72013,0.69261,0.60948,0.68711,0.63582,0.6699,0.66133,0.663,0.47298,0.45857,0.43066,0.46323,0.44032,0.42539,0.42594,0.37828,0.70648,0.67458,0.7085,0.72771,0.68457,0.62434,0.71593,0.7334,0.52704,0.57391,0.6815,0.69148,0.61497,0.51988,0.59834,0.5769,0.5541,0.57881,0.57497,0.589,0.54855,0.56241,0.56238,0.60972,0.57679,0.55156,0.54901,0.55885,0.55473,0.5036,0.58391,0.61105,0.61319,0.56108,0.48437,0.58072,0.55407,0.34493
0.786,0.6825,0.74954,0.67876,0.6575,0.63838,0.78912,0.73978,0.61502,0.63665,1,0.78083,0.85861,0.76311,0.76011,0.69666,0.86147,0.82182,0.73243,0.66061,0.44655,0.48066,0.69052,0.63743,0.64629,0.62139,0.41356,0.51183,0.82011,0.75843,0.52931,0.52589,0.61668,0.59572,0.52924,0.4843,0.6759,0.61176,0.59189,0.66379,0.498,0.68252,0.70954,0.70956,0.63946,0.60726,0.68219,0.68313,0.61022,0.63831,0.51036,0.61027,0.65522,0.642,0.71779,0.68829,0.69142,0.68285,0.62977,0.58048,0.71394,0.58844,0.80022,0.73555,0.64685,0.5483,0.57489,0.52634,0.58857,0.52574,0.54229,0.46679,0.46387,0.44105,0.43948,0.40844,0.52083,0.44983,0.81244,0.82086,0.83898,0.82027,0.74044,0.60253,0.77577,0.76531,0.43484,0.52189,0.69027,0.68207,0.50247,0.49851,0.4555,0.49995,0.47486,0.56717,0.62416,0.65131,0.6322,0.61919,0.43701,0.51487,0.50571,0.52493,0.58726,0.66698,0.56377,0.51068,0.4886,0.51849,0.56745,0.61355,0.51046,0.50272,0.63285,0.55727
0.7586,0.76656,0.69798,0.7693,0.62242,0.62177,0.76372,0.87208,0.60416,0.70607,0.78083,1,0.7302,0.89131,0.70336,0.82699,0.79313,0.82617,0.78786,0.81643,0.48697,0.50489,0.69245,0.71045,0.53992,0.55284,0.36136,0.42883,0.83449,0.87199,0.56217,0.62532,0.69191,0.76165,0.47869,0.56861,0.62966,0.66462,0.61247,0.66207,0.51964,0.70276,0.66446,0.65136,0.56131,0.59334,0.61386,0.64097,0.55635,0.57179,0.41325,0.47472,0.49849,0.42768,0.63042,0.56967,0.64382,0.66284,0.50261,0.58586,0.59236,0.67853,0.81593,0.86663,0.52782,0.51297,0.55521,0.5883,0.64618,0.67218,0.54026,0.51006,0.48159,0.54797,0.5369,0.59593,0.60909,0.5599,0.79575,0.82115,0.79076,0.81451,0.71034,0.65783,0.64847,0.71973,0.27015,0.37996,0.62547,0.57164,0.6316,0.48013,0.54697,0.51935,0.51281,0.58755,0.55346,0.57881,0.65021,0.56292,0.50327,0.56258,0.54012,0.53687,0.56954,0.57726,0.57314,0.5188,0.54378,0.60843,0.57016,0.58427,0.38791,0.47678,0.60322,0.43254
0.76507,0.65676,0.81514,0.74059,0.72123,0.68067,0.84967,0.77101,0.69153,0.69889,0.85861,0.7302,1,0.79935,0.8839,0.76341,0.7643,0.74151,0.71013,0.63239,0.57095,0.55859,0.77107,0.74205,0.74476,0.71348,0.52548,0.62795,0.75227,0.67939,0.59526,0.55741,0.64125,0.59092,0.58632,0.55232,0.68387,0.66411,0.61461,0.69358,0.53546,0.69096,0.67226,0.67428,0.61064,0.57114,0.64724,0.66082,0.5901,0.61867,0.47374,0.58465,0.59068,0.5652,0.69591,0.66892,0.64403,0.644,0.62432,0.58562,0.73784,0.64142,0.74705,0.67283,0.70871,0.63045,0.59206,0.55468,0.59134,0.52828,0.58348,0.49856,0.47629,0.45065,0.47198,0.41117,0.52058,0.43189,0.77265,0.77189,0.77021,0.77626,0.74567,0.59382,0.79286,0.77264,0.48261,0.5568,0.72504,0.71582,0.5328,0.51191,0.50527,0.55506,0.54726,0.57326,0.6315,0.6321,0.57047,0.57476,0.4256,0.54315,0.49008,0.49498,0.62246,0.68486,0.54335,0.48192,0.50799,0.5762,0.53406,0.56726,0.47274,0.48164,0.6491,0.4729
0.70869,0.67527,0.71233,0.77464,0.61041,0.61661,0.77874,0.85768,0.59097,0.71159,0.76311,0.89131,0.79935,1,0.75638,0.8935,0.7463,0.76287,0.69636,0.70198,0.54119,0.55178,0.74422,0.77087,0.60109,0.62424,0.39383,0.47439,0.80304,0.82159,0.65148,0.69631,0.67355,0.7248,0.53319,0.58097,0.63299,0.66295,0.60219,0.65114,0.51642,0.72574,0.63472,0.62295,0.52516,0.55192,0.58553,0.61062,0.50999,0.53195,0.38863,0.45349,0.49684,0.40599,0.63189,0.54194,0.58732,0.59379,0.49793,0.5577,0.61488,0.68221,0.76016,0.79429,0.58675,0.55955,0.55829,0.59943,0.59129,0.60953,0.61065,0.54276,0.52733,0.55988,0.54905,0.57816,0.63409,0.58485,0.75528,0.78446,0.75483,0.79529,0.69224,0.63177,0.66822,0.74266,0.30169,0.39456,0.62361,0.58447,0.65283,0.50528,0.60907,0.54471,0.52512,0.57213,0.55229,0.54772,0.61568,0.54126,0.52392,0.55774,0.52401,0.52001,0.61593,0.63174,0.58567,0.5242,0.50801,0.57896,0.51912,0.52617,0.36486,0.41804,0.60457,0.4505
0.77676,0.70846,0.86086,0.79966,0.82714,0.75416,0.84532,0.78813,0.75165,0.74637,0.76011,0.70336,0.8839,0.75638,1,0.83396,0.76995,0.74096,0.78794,0.7274,0.68114,0.71855,0.83139,0.80649,0.79394,0.76878,0.55551,0.68991,0.79639,0.72769,0.64677,0.63335,0.75221,0.70003,0.68452,0.68287,0.77181,0.75463,0.73772,0.79869,0.61813,0.72759,0.73462,0.73852,0.68904,0.66312,0.71596,0.74767,0.6695,0.68334,0.53415,0.62557,0.63935,0.56169,0.77142,0.73188,0.67782,0.66224,0.69221,0.69212,0.75005,0.68843,0.78512,0.72093,0.75541,0.67799,0.72136,0.69673,0.71117,0.66997,0.59429,0.52324,0.53474,0.52888,0.55585,0.51367,0.59845,0.51737,0.80481,0.79783,0.77642,0.79225,0.86009,0.7019,0.81364,0.79817,0.59741,0.66086,0.78965,0.78128,0.68316,0.64467,0.64849,0.68463,0.62137,0.70589,0.73662,0.73498,0.68333,0.68929,0.57111,0.68722,0.65465,0.63928,0.73973,0.75425,0.68882,0.6341,0.61411,0.70259,0.64594,0.69038,0.58825,0.62183,0.76216,0.50101
0.69771,0.67209,0.69515,0.7489,0.67427,0.67547,0.75044,0.81587,0.63256,0.77829,0.69666,0.82699,0.76341,0.8935,0.83396,1,0.72859,0.72592,0.70926,0.70999,0.58468,0.63731,0.74068,0.77527,0.59688,0.62004,0.4183,0.53431,0.80554,0.83783,0.61179,0.67103,0.68236,0.71763,0.5371,0.6116,0.65139,0.66767,0.62704,0.67298,0.52178,0.67262,0.63849,0.62253,0.53615,0.56621,0.60128,0.62867,0.5425,0.54572,0.40098,0.44931,0.50007,0.39769,0.64329,0.56195,0.59603,0.60203,0.51989,0.59605,0.61892,0.70073,0.75648,0.77986,0.56606,0.5358,0.57244,0.60756,0.60788,0.63313,0.58347,0.53163,0.53759,0.57019,0.56873,0.58808,0.63028,0.57451,0.76151,0.76501,0.71963,0.76841,0.76496,0.72874,0.6647,0.71125,0.41562,0.50107,0.61673,0.59085,0.67963,0.5139,0.6465,0.57761,0.56235,0.62065,0.611,0.59551,0.64294,0.56957,0.57681,0.61618,0.59586,0.57054,0.61506,0.61107,0.61409,0.56221,0.60034,0.6549,0.56071,0.58405,0.47179,0.53674,0.62538,0.40203
0.89493,0.85538,0.80258,0.76839,0.73911,0.72064,0.79938,0.79052,0.71168,0.68524,0.86147,0.79313,0.7643,0.7463,0.76995,0.72859,1,0.95946,0.83199,0.78567,0.50323,0.5595,0.72888,0.70614,0.6462,0.66777,0.47627,0.58081,0.88766,0.8447,0.52825,0.56071,0.7508,0.71556,0.60315,0.62619,0.73271,0.72528,0.65585,0.78007,0.48507,0.71147,0.87291,0.87494,0.79159,0.79314,0.86411,0.86451,0.78735,0.79316,0.66518,0.71849,0.76023,0.71422,0.8176,0.83054,0.87211,0.86544,0.69407,0.72757,0.71622,0.62606,0.91948,0.85286,0.67402,0.56826,0.71694,0.69973,0.791,0.71946,0.53191,0.48422,0.49576,0.50839,0.51526,0.52186,0.55847,0.46723,0.93971,0.94426,0.95387,0.94164,0.82431,0.76212,0.83592,0.86427,0.5241,0.62264,0.73047,0.74415,0.57778,0.55344,0.49103,0.55706,0.64248,0.69732,0.7491,0.75647,0.73854,0.715,0.52577,0.61475,0.6143,0.63553,0.64136,0.70257,0.60714,0.59374,0.61947,0.67135,0.6837,0.67688,0.5331,0.63469,0.68741,0.51148
0.87917,0.88459,0.78894,0.77009,0.72244,0.68126,0.78689,0.80006,0.68024,0.66958,0.82182,0.82617,0.74151,0.76287,0.74096,0.72592,0.95946,1,0.84658,0.82465,0.51682,0.54196,0.74246,0.71314,0.63663,0.64593,0.46265,0.52731,0.88707,0.87685,0.56404,0.59556,0.78465,0.76384,0.60986,0.61994,0.70736,0.73534,0.64519,0.77029,0.48737,0.73083,0.85039,0.85186,0.77775,0.7843,0.83603,0.84562,0.77217,0.77783,0.6469,0.69169,0.72325,0.67032,0.78691,0.79592,0.8531,0.86603,0.65645,0.7249,0.67734,0.60379,0.91232,0.87679,0.66029,0.531,0.7211,0.71198,0.80295,0.75371,0.55229,0.50999,0.49917,0.53488,0.5388,0.57523,0.59043,0.50239,0.91929,0.95939,0.93396,0.93247,0.78695,0.75778,0.79815,0.84172,0.45785,0.56347,0.70729,0.71262,0.59172,0.55855,0.49267,0.55569,0.60065,0.6828,0.70981,0.73092,0.72731,0.69392,0.517,0.61059,0.60251,0.63098,0.63464,0.69974,0.61557,0.59024,0.58481,0.66499,0.67347,0.64869,0.48063,0.60632,0.68798,0.49097
0.87208,0.89297,0.83349,0.80319,0.76868,0.70291,0.77333,0.78052,0.66953,0.68604,0.73243,0.78786,0.71013,0.69636,0.78794,0.70926,0.83199,0.84658,1,0.94684,0.57127,0.60019,0.77135,0.71217,0.62222,0.60778,0.44337,0.51997,0.78264,0.75723,0.57439,0.59717,0.85163,0.83022,0.66702,0.70865,0.75709,0.79121,0.7192,0.79471,0.5849,0.73162,0.813,0.81142,0.76217,0.74968,0.78509,0.82904,0.74782,0.73871,0.62057,0.67252,0.713,0.62833,0.77763,0.7587,0.79126,0.77674,0.68906,0.77001,0.66918,0.63874,0.86495,0.84181,0.67086,0.58088,0.80402,0.78263,0.88199,0.87874,0.53377,0.53589,0.48725,0.53627,0.56919,0.61073,0.64978,0.5844,0.83045,0.86111,0.84387,0.83298,0.78385,0.67876,0.76536,0.78232,0.47451,0.56476,0.77164,0.73654,0.72375,0.70895,0.61432,0.69531,0.61112,0.72017,0.73847,0.75132,0.76325,0.7586,0.57711,0.73668,0.67684,0.71281,0.70493,0.71233,0.69394,0.68028,0.54544,0.74089,0.75583,0.75186,0.56835,0.63479,0.76305,0.47703
0.81765,0.89391,0.76397,0.79946,0.71852,0.66318,0.71651,0.77853,0.63075,0.65313,0.66061,0.81643,0.63239,0.70198,0.7274,0.70999,0.78567,0.82465,0.94684,1,0.57071,0.59836,0.73113,0.69441,0.55942,0.5529,0.39776,0.46187,0.76843,0.78405,0.5599,0.6067,0.83382,0.86016,0.61441,0.6789,0.7009,0.76271,0.70265,0.76209,0.58099,0.70738,0.74149,0.7407,0.69287,0.7009,0.70942,0.76116,0.68118,0.66903,0.55538,0.5883,0.6324,0.50441,0.72807,0.68116,0.73414,0.73234,0.61399,0.72714,0.58608,0.61765,0.82173,0.85683,0.601,0.53528,0.74996,0.76377,0.8702,0.89848,0.51274,0.53098,0.48821,0.57072,0.58139,0.65827,0.66564,0.60962,0.79495,0.82575,0.79379,0.79748,0.76773,0.69236,0.68724,0.72341,0.42169,0.50596,0.71887,0.67034,0.7268,0.65769,0.60492,0.65305,0.58623,0.68193,0.68782,0.68553,0.74427,0.70105,0.56016,0.70442,0.65604,0.68485,0.66364,0.66513,0.69109,0.6571,0.55846,0.72466,0.70862,0.70554,0.50233,0.61079,0.72028,0.45207
0.55152,0.56739,0.74207,0.75321,0.71727,0.59514,0.67121,0.6707,0.60494,0.51291,0.44655,0.48697,0.57095,0.54119,0.68114,0.58468,0.50323,0.51682,0.57127,0.57071,1,0.86653,0.7821,0.79139,0.79812,0.81202,0.55859,0.64055,0.59149,0.54199,0.78999,0.72674,0.71439,0.6897,0.73676,0.68521,0.67274,0.75487,0.74951,0.77018,0.73849,0.74988,0.5387,0.5603,0.57383,0.56977,0.50241,0.5756,0.52434,0.56497,0.4377,0.55337,0.48245,0.38204,0.61737,0.55548,0.47821,0.47199,0.5809,0.58345,0.55901,0.58865,0.5506,0.52477,0.66884,0.68033,0.68399,0.70411,0.58077,0.58577,0.64811,0.6184,0.57185,0.58756,0.61044,0.57451,0.55935,0.50171,0.57731,0.58087,0.55322,0.57769,0.61652,0.47461,0.62972,0.63931,0.45273,0.46099,0.70025,0.64106,0.5763,0.56233,0.54353,0.60411,0.43934,0.5754,0.51449,0.54149,0.49579,0.51877,0.4261,0.58697,0.50343,0.52527,0.72964,0.66075,0.55674,0.52364,0.44557,0.51735,0.48916,0.51214,0.37756,0.48222,0.6952,0.39306
0.59424,0.56821,0.75983,0.76088,0.73558,0.69065,0.69484,0.67112,0.68397,0.61807,0.48066,0.50489,0.55859,0.55178,0.71855,0.63731,0.5595,0.54196,0.60019,0.59836,0.86653,1,0.76231,0.79932,0.74184,0.79387,0.49691,0.74021,0.63596,0.59797,0.71612,0.69799,0.73762,0.71675,0.74033,0.7363,0.70032,0.75684,0.73531,0.79564,0.64012,0.71584,0.57601,0.59607,0.57671,0.60866,0.55346,0.62432,0.54463,0.58933,0.47274,0.56472,0.5259,0.40863,0.64508,0.60286,0.53667,0.50513,0.6541,0.65153,0.61414,0.64368,0.57436,0.57017,0.66934,0.6874,0.71554,0.74267,0.61658,0.62008,0.64208,0.646,0.60274,0.61307,0.61512,0.56432,0.56246,0.51676,0.61646,0.59463,0.58332,0.61871,0.70329,0.61943,0.64391,0.66057,0.60001,0.60639,0.70907,0.69219,0.64731,0.62889,0.63874,0.678,0.49781,0.62535,0.5556,0.59322,0.55932,0.59231,0.59292,0.69437,0.63651,0.63922,0.72033,0.67904,0.66043,0.60711,0.52787,0.55865,0.54838,0.55619,0.45667,0.58707,0.6831,0.38423
0.73643,0.72175,0.92154,0.895,0.8381,0.74776,0.88342,0.84115,0.7227,0.70157,0.69052,0.69245,0.77107,0.74422,0.83139,0.74068,0.72888,0.74246,0.77135,0.73113,0.7821,0.76231,1,0.95341,0.888,0.87208,0.58472,0.71166,0.73421,0.69582,0.85271,0.82273,0.86391,0.82407,0.82982,0.78907,0.78758,0.80956,0.77945,0.81468,0.64531,0.81059,0.73652,0.75139,0.69287,0.69872,0.67336,0.75656,0.62976,0.66935,0.51114,0.6369,0.62107,0.51908,0.74285,0.6891,0.634,0.64468,0.65986,0.69001,0.69657,0.70305,0.74864,0.72865,0.80512,0.72725,0.79379,0.80748,0.71662,0.72958,0.68018,0.62952,0.56442,0.58506,0.63003,0.60384,0.6519,0.5829,0.76518,0.78355,0.75274,0.77483,0.73112,0.57961,0.78119,0.81115,0.52802,0.54624,0.79121,0.7584,0.71499,0.70515,0.68644,0.75416,0.48965,0.6651,0.60856,0.66812,0.61157,0.65438,0.55018,0.69321,0.59447,0.62602,0.76822,0.79775,0.65396,0.63052,0.55339,0.61495,0.66063,0.6514,0.51744,0.57804,0.77129,0.48599
0.71718,0.68913,0.88432,0.92551,0.80557,0.76236,0.86314,0.87813,0.7588,0.76364,0.63743,0.71045,0.74205,0.77087,0.80649,0.77527,0.70614,0.71314,0.71217,0.69441,0.79139,0.79932,0.95341,1,0.86015,0.89845,0.62009,0.77215,0.71919,0.69355,0.83885,0.83993,0.83701,0.81813,0.79779,0.80495,0.76098,0.79723,0.72868,0.80009,0.59307,0.78066,0.71178,0.72724,0.66361,0.68412,0.66393,0.73707,0.60834,0.65364,0.49657,0.61395,0.58304,0.48279,0.70505,0.66728,0.62074,0.62965,0.63219,0.66901,0.68455,0.76162,0.72233,0.71048,0.77185,0.76665,0.7446,0.79252,0.6849,0.69806,0.68377,0.63082,0.57916,0.59865,0.6144,0.57861,0.635,0.57061,0.75274,0.75363,0.73024,0.76409,0.70646,0.59647,0.758,0.82019,0.51016,0.53122,0.76067,0.76106,0.71664,0.64953,0.70706,0.72516,0.51451,0.64686,0.58743,0.63572,0.58504,0.6113,0.56919,0.67987,0.58252,0.59179,0.73637,0.75767,0.63035,0.57393,0.57527,0.62151,0.62855,0.60535,0.47541,0.55364,0.70855,0.43003
0.6266,0.59403,0.85014,0.79872,0.78216,0.63832,0.80664,0.73813,0.66339,0.57476,0.64629,0.53992,0.74476,0.60109,0.79394,0.59688,0.6462,0.63663,0.62222,0.55942,0.79812,0.74184,0.888,0.86015,1,0.92772,0.69288,0.74768,0.64277,0.5663,0.79649,0.7061,0.73775,0.65908,0.7904,0.67758,0.71934,0.72649,0.71414,0.75485,0.6488,0.73636,0.65974,0.68295,0.68896,0.64965,0.613,0.66948,0.59849,0.65689,0.50276,0.65178,0.56971,0.51952,0.68113,0.65628,0.55497,0.57721,0.64315,0.60885,0.68772,0.63212,0.64141,0.57727,0.82414,0.74375,0.71311,0.7013,0.57991,0.55197,0.59989,0.52082,0.49457,0.48467,0.50037,0.44935,0.51391,0.44106,0.6878,0.69272,0.6567,0.67795,0.6746,0.47748,0.75148,0.75531,0.52023,0.52353,0.75824,0.74663,0.535,0.56416,0.52261,0.61365,0.42925,0.56783,0.56114,0.60856,0.48785,0.5425,0.40052,0.54517,0.46955,0.48001,0.71702,0.73279,0.55119,0.5236,0.47059,0.53286,0.51261,0.52766,0.43268,0.50538,0.699,0.41718
0.67215,0.6282,0.85205,0.84854,0.78909,0.75386,0.79856,0.76775,0.73865,0.65531,0.62139,0.55284,0.71348,0.62424,0.76878,0.62004,0.66777,0.64593,0.60778,0.5529,0.81202,0.79387,0.87208,0.89845,0.92772,1,0.68816,0.85237,0.64253,0.56693,0.75085,0.69406,0.72295,0.65978,0.76836,0.72172,0.70533,0.72332,0.69287,0.7707,0.57237,0.69889,0.70473,0.72377,0.7008,0.68683,0.66004,0.71665,0.64435,0.6898,0.55613,0.68468,0.60158,0.53888,0.69925,0.68949,0.61314,0.61955,0.66225,0.63754,0.68078,0.67484,0.65825,0.59012,0.79363,0.78959,0.71311,0.73748,0.61895,0.57629,0.58448,0.51457,0.48963,0.48204,0.48682,0.42814,0.45965,0.38067,0.71765,0.6922,0.6928,0.71476,0.68943,0.52376,0.75988,0.8007,0.59316,0.6039,0.75201,0.76831,0.53932,0.53321,0.53483,0.60137,0.48092,0.5793,0.5789,0.61572,0.4903,0.53819,0.4125,0.56254,0.47873,0.48722,0.69814,0.72003,0.52772,0.49723,0.5448,0.54379,0.5487,0.53335,0.4299,0.55042,0.65545,0.38364
0.4956,0.47681,0.60382,0.61616,0.52747,0.39853,0.54344,0.53809,0.52764,0.43808,0.41356,0.36136,0.52548,0.39383,0.55551,0.4183,0.47627,0.46265,0.44337,0.39776,0.55859,0.49691,0.58472,0.62009,0.69288,0.68816,1,0.70112,0.41606,0.3619,0.53721,0.48043,0.55046,0.46624,0.61243,0.54242,0.48265,0.55109,0.40567,0.54609,0.35428,0.51943,0.51334,0.52238,0.56734,0.50397,0.51345,0.52316,0.50164,0.56123,0.49028,0.57254,0.45342,0.40918,0.44336,0.4948,0.48487,0.51764,0.52845,0.52429,0.60949,0.54282,0.46934,0.42505,0.67784,0.67085,0.53796,0.53393,0.43944,0.39886,0.43866,0.39204,0.32965,0.35122,0.29704,0.2977,0.39254,0.322,0.5095,0.50876,0.47072,0.50103,0.42369,0.36932,0.58414,0.62035,0.28001,0.26438,0.56137,0.59806,0.36083,0.35628,0.33006,0.39576,0.36407,0.36823,0.44044,0.38533,0.31139,0.33494,0.23528,0.36347,0.23971,0.26827,0.4483,0.46131,0.3624,0.26256,0.30443,0.46219,0.33553,0.30562,0.18468,0.24236,0.38854,0.17597
0.61097,0.53711,0.75228,0.75322,0.74079,0.79007,0.6993,0.6485,0.77609,0.69658,0.51183,0.42883,0.62795,0.47439,0.68991,0.53431,0.58081,0.52731,0.51997,0.46187,0.64055,0.74021,0.71166,0.77215,0.74768,0.85237,0.70112,1,0.5053,0.43433,0.54283,0.51202,0.6071,0.53818,0.66582,0.67042,0.59794,0.61532,0.54142,0.67368,0.36578,0.53224,0.61825,0.63282,0.59183,0.59697,0.5945,0.64181,0.56934,0.61427,0.53108,0.6169,0.56258,0.49665,0.59234,0.62106,0.58159,0.56279,0.64762,0.60889,0.65491,0.64878,0.5356,0.47685,0.67589,0.76454,0.62062,0.64603,0.55988,0.50046,0.46021,0.43201,0.37869,0.37608,0.37363,0.30213,0.33448,0.26923,0.61176,0.55219,0.58545,0.59297,0.61577,0.50796,0.66792,0.70559,0.64411,0.61309,0.66757,0.71892,0.48166,0.47538,0.49819,0.5411,0.47654,0.49223,0.52279,0.52564,0.40766,0.47504,0.41687,0.54286,0.45505,0.45705,0.55587,0.57657,0.47495,0.42155,0.53829,0.49979,0.50355,0.45925,0.40097,0.50339,0.48322,0.28082
0.7714,0.76033,0.75476,0.74489,0.69038,0.62813,0.79674,0.82045,0.63766,0.64756,0.82011,0.83449,0.75227,0.80304,0.79639,0.80554,0.88766,0.88707,0.78264,0.76843,0.59149,0.63596,0.73421,0.71919,0.64277,0.64253,0.41606,0.5053,1,0.94058,0.64102,0.68727,0.75425,0.76877,0.59908,0.61233,0.75396,0.73995,0.72138,0.78969,0.62385,0.77558,0.72734,0.73594,0.68388,0.70474,0.71623,0.72525,0.64289,0.68421,0.50845,0.59437,0.59934,0.54985,0.74913,0.71244,0.71664,0.72248,0.63903,0.65646,0.69703,0.65459,0.84632,0.83654,0.61869,0.54348,0.65947,0.65364,0.68343,0.65493,0.6359,0.57408,0.59719,0.60481,0.63961,0.62709,0.64884,0.58731,0.8907,0.89816,0.86543,0.86201,0.83287,0.77787,0.73763,0.77491,0.40214,0.49132,0.69431,0.65065,0.60786,0.53402,0.52575,0.54996,0.58169,0.70175,0.6812,0.68566,0.72676,0.6622,0.53834,0.60419,0.61026,0.63686,0.67153,0.68629,0.64674,0.61281,0.61041,0.62063,0.59384,0.64166,0.48783,0.57198,0.705,0.57472
0.73069,0.7562,0.69119,0.70702,0.63838,0.57743,0.74775,0.80152,0.60126,0.63633,0.75843,0.87199,0.67939,0.82159,0.72769,0.83783,0.8447,0.87685,0.75723,0.78405,0.54199,0.59797,0.69582,0.69355,0.5663,0.56693,0.3619,0.43433,0.94058,1,0.62113,0.6843,0.74411,0.7908,0.55054,0.59582,0.66875,0.70356,0.64067,0.72198,0.54637,0.72222,0.70133,0.69837,0.62699,0.66213,0.68062,0.69303,0.60976,0.62945,0.48609,0.53154,0.56968,0.50299,0.70096,0.65667,0.68975,0.71554,0.57138,0.63723,0.61668,0.62469,0.81945,0.86822,0.54835,0.44752,0.61899,0.63066,0.66768,0.6688,0.62667,0.58541,0.59944,0.63878,0.64302,0.66798,0.67334,0.62419,0.84318,0.86815,0.8223,0.84181,0.7864,0.81807,0.67743,0.73465,0.36556,0.45787,0.61349,0.59819,0.61386,0.51662,0.53965,0.5332,0.54605,0.65361,0.62607,0.62803,0.72635,0.63127,0.57456,0.60587,0.6195,0.62901,0.61179,0.64361,0.6354,0.59292,0.59049,0.60157,0.56476,0.58899,0.43108,0.54581,0.65263,0.51222
0.4773,0.48743,0.72551,0.7209,0.59412,0.45992,0.70678,0.7107,0.49389,0.48603,0.52931,0.56217,0.59526,0.65148,0.64677,0.61179,0.52825,0.56404,0.57439,0.5599,0.78999,0.71612,0.85271,0.83885,0.79649,0.75085,0.53721,0.54283,0.64102,0.62113,1,0.94649,0.77792,0.7837,0.78558,0.69576,0.67765,0.71869,0.65237,0.67242,0.65479,0.76585,0.50147,0.53047,0.5072,0.52272,0.43638,0.52249,0.39822,0.47296,0.30978,0.46506,0.39025,0.30181,0.52176,0.46357,0.37501,0.38987,0.48192,0.49452,0.54482,0.59399,0.50838,0.53982,0.6737,0.62661,0.64317,0.66629,0.49248,0.54858,0.72963,0.66317,0.60376,0.6209,0.68254,0.65043,0.69691,0.67733,0.5503,0.62054,0.53478,0.55887,0.49929,0.38192,0.55744,0.61271,0.2562,0.23629,0.62201,0.57159,0.60705,0.62745,0.61212,0.64462,0.28641,0.50237,0.41221,0.44869,0.47558,0.50028,0.47541,0.5598,0.46849,0.50471,0.70447,0.70926,0.56137,0.53914,0.30846,0.41444,0.43329,0.44745,0.32825,0.35533,0.67462,0.44532
0.51021,0.50858,0.69445,0.73149,0.57894,0.46831,0.70214,0.74787,0.50534,0.53831,0.52589,0.62532,0.55741,0.69631,0.63335,0.67103,0.56071,0.59556,0.59717,0.6067,0.72674,0.69799,0.82273,0.83993,0.7061,0.69406,0.48043,0.51202,0.68727,0.6843,0.94649,1,0.79125,0.83233,0.73577,0.70766,0.69406,0.71124,0.63062,0.65847,0.60126,0.76326,0.50467,0.52813,0.50189,0.54005,0.45949,0.53545,0.38471,0.46088,0.29284,0.44685,0.39854,0.30466,0.53297,0.47195,0.39984,0.40604,0.47436,0.50538,0.55322,0.63891,0.55204,0.60669,0.63354,0.60429,0.63118,0.67581,0.51226,0.58002,0.73738,0.68312,0.6184,0.65437,0.70014,0.68577,0.7496,0.74074,0.58161,0.65046,0.57169,0.59903,0.51286,0.41652,0.55383,0.63139,0.22725,0.21996,0.60553,0.55849,0.67162,0.63728,0.68134,0.66685,0.30922,0.5507,0.43912,0.4882,0.54047,0.55066,0.55639,0.60115,0.53559,0.56176,0.70673,0.70558,0.58247,0.5656,0.36282,0.45569,0.49989,0.51773,0.38993,0.40994,0.69134,0.47362
0.77187,0.79946,0.86856,0.84551,0.79252,0.67411,0.82836,0.80871,0.70616,0.6741,0.61668,0.69191,0.64125,0.67355,0.75221,0.68236,0.7508,0.78465,0.85163,0.83382,0.71439,0.73762,0.86391,0.83701,0.73775,0.72295,0.55046,0.6071,0.75425,0.74411,0.77792,0.79125,1,0.95755,0.87792,0.85079,0.76952,0.83343,0.72025,0.81715,0.59581,0.7983,0.78952,0.80946,0.79219,0.81956,0.75585,0.82926,0.72221,0.75748,0.62728,0.7155,0.67822,0.56948,0.75078,0.74184,0.71537,0.72124,0.75333,0.81905,0.74,0.73692,0.79112,0.81143,0.78978,0.7008,0.91393,0.91692,0.83719,0.87434,0.65797,0.65269,0.57939,0.63118,0.66324,0.66487,0.72033,0.66271,0.78511,0.82259,0.77557,0.7889,0.71604,0.63755,0.76432,0.80999,0.45356,0.50818,0.79111,0.77163,0.75225,0.76539,0.689,0.77405,0.5263,0.71565,0.6658,0.70469,0.70236,0.73546,0.6498,0.77817,0.68919,0.73149,0.76317,0.78512,0.73046,0.70113,0.53261,0.67095,0.72117,0.6842,0.52604,0.63623,0.7839,0.49132
0.71612,0.77263,0.79944,0.82919,0.72903,0.63458,0.78311,0.82035,0.64777,0.65824,0.59572,0.76165,0.59092,0.7248,0.70003,0.71763,0.71556,0.76384,0.83022,0.86016,0.6897,0.71675,0.82407,0.81813,0.65908,0.65978,0.46624,0.53818,0.76877,0.7908,0.7837,0.83233,0.95755,1,0.80571,0.82291,0.73981,0.80564,0.70291,0.77372,0.58523,0.78487,0.71564,0.73091,0.70662,0.7581,0.67264,0.74932,0.63137,0.67163,0.5327,0.61654,0.58995,0.4694,0.6923,0.65256,0.64039,0.64992,0.66634,0.75771,0.65859,0.7252,0.75888,0.82719,0.7014,0.64765,0.84074,0.87672,0.78611,0.85862,0.66053,0.65833,0.58898,0.65918,0.68231,0.71502,0.75224,0.71458,0.74718,0.79315,0.73969,0.75901,0.67972,0.62047,0.68007,0.7573,0.36501,0.42537,0.72698,0.69197,0.77039,0.73159,0.70778,0.74608,0.47259,0.6742,0.59906,0.63837,0.69587,0.69345,0.65352,0.75718,0.68081,0.71261,0.7312,0.73905,0.72188,0.68104,0.522,0.6293,0.68514,0.66307,0.48739,0.59209,0.74776,0.48783
0.62718,0.61312,0.8294,0.76485,0.74134,0.61955,0.74817,0.66915,0.6517,0.57125,0.52924,0.47869,0.58632,0.53319,0.68452,0.5371,0.60315,0.60986,0.66702,0.61441,0.73676,0.74033,0.82982,0.79779,0.7904,0.76836,0.61243,0.66582,0.59908,0.55054,0.78558,0.73577,0.87792,0.80571,1,0.87751,0.76297,0.80185,0.68648,0.77544,0.56598,0.71667,0.68946,0.71094,0.69571,0.7091,0.64727,0.73551,0.59903,0.65529,0.5431,0.65555,0.62392,0.51104,0.68887,0.66829,0.57387,0.5717,0.73145,0.73467,0.70664,0.6466,0.63447,0.62474,0.811,0.73846,0.87891,0.86705,0.68428,0.70645,0.64343,0.61767,0.54582,0.53831,0.59952,0.56493,0.6576,0.61026,0.6376,0.6606,0.63688,0.63692,0.60232,0.48189,0.71898,0.73185,0.47922,0.4664,0.78393,0.75565,0.70587,0.78633,0.68994,0.79185,0.4659,0.66465,0.61757,0.6457,0.61221,0.68855,0.61601,0.73618,0.63109,0.66134,0.75538,0.77951,0.68773,0.6495,0.44193,0.55047,0.67404,0.63012,0.5191,0.53521,0.73823,0.46786
0.66344,0.65056,0.80355,0.79379,0.73504,0.69061,0.73042,0.71074,0.71598,0.66213,0.4843,0.56861,0.55232,0.58097,0.68287,0.6116,0.62619,0.61994,0.70865,0.6789,0.68521,0.7363,0.78907,0.80495,0.67758,0.72172,0.54242,0.67042,0.61233,0.59582,0.69576,0.70766,0.85079,0.82291,0.87751,1,0.79455,0.84032,0.69152,0.79895,0.502,0.68491,0.69388,0.70639,0.65271,0.70282,0.67595,0.7634,0.58955,0.63753,0.52488,0.62364,0.60535,0.49719,0.69647,0.68261,0.60848,0.59121,0.7013,0.75475,0.66335,0.70764,0.67543,0.6815,0.72479,0.7268,0.8337,0.87198,0.71313,0.74646,0.64087,0.64829,0.56961,0.59217,0.61901,0.60466,0.6889,0.65805,0.66382,0.65969,0.66232,0.67691,0.6529,0.58119,0.70644,0.75276,0.50986,0.51552,0.76432,0.74775,0.80206,0.79587,0.77802,0.83289,0.56036,0.73148,0.66077,0.69558,0.70005,0.74929,0.72565,0.80976,0.73489,0.72702,0.74555,0.76174,0.70904,0.68474,0.55711,0.63156,0.76948,0.71304,0.59234,0.6066,0.7341,0.47224
0.73895,0.66152,0.81967,0.75199,0.72869,0.64848,0.77411,0.72017,0.66133,0.60871,0.6759,0.62966,0.68387,0.63299,0.77181,0.65139,0.73271,0.70736,0.75709,0.7009,0.67274,0.70032,0.78758,0.76098,0.71934,0.70533,0.48265,0.59794,0.75396,0.66875,0.67765,0.69406,0.76952,0.73981,0.76297,0.79455,1,0.90462,0.86867,0.88193,0.70946,0.79461,0.70805,0.71709,0.64275,0.65993,0.72791,0.77156,0.59266,0.63506,0.4926,0.61681,0.65956,0.57791,0.83434,0.77214,0.64187,0.60301,0.68422,0.67589,0.67809,0.6041,0.73756,0.67206,0.69854,0.64455,0.74972,0.74023,0.6913,0.64969,0.67664,0.61947,0.63323,0.61583,0.67002,0.63017,0.74375,0.68396,0.738,0.74353,0.76001,0.74129,0.75018,0.58964,0.76809,0.76818,0.53457,0.53852,0.80907,0.7499,0.80147,0.78527,0.74808,0.79806,0.60697,0.83136,0.7921,0.84823,0.8292,0.85513,0.69732,0.78437,0.75067,0.77051,0.85672,0.83173,0.73013,0.72594,0.58644,0.67004,0.80996,0.85304,0.72282,0.64502,0.84771,0.59172
0.75915,0.74765,0.84341,0.81226,0.74069,0.65213,0.76461,0.76066,0.6743,0.61398,0.61176,0.66462,0.66411,0.66295,0.75463,0.66767,0.72528,0.73534,0.79121,0.76271,0.75487,0.75684,0.80956,0.79723,0.72649,0.72332,0.55109,0.61532,0.73995,0.70356,0.71869,0.71124,0.83343,0.80564,0.80185,0.84032,0.90462,1,0.85767,0.93011,0.72732,0.85908,0.74561,0.75296,0.68924,0.70629,0.7465,0.80166,0.65743,0.69501,0.57441,0.6751,0.67097,0.56594,0.81883,0.76772,0.6935,0.66986,0.70454,0.75073,0.6852,0.64088,0.76592,0.7335,0.72335,0.67225,0.8136,0.82228,0.75998,0.74216,0.71365,0.70228,0.63963,0.67831,0.71755,0.70849,0.74536,0.68522,0.74659,0.76417,0.76487,0.76326,0.74136,0.64836,0.7762,0.79826,0.5107,0.53136,0.83038,0.77682,0.81185,0.79611,0.72946,0.79835,0.64351,0.8133,0.77215,0.79781,0.81058,0.81973,0.67751,0.80802,0.73689,0.77201,0.84428,0.81779,0.75933,0.7302,0.56829,0.71061,0.77566,0.77462,0.59158,0.58851,0.83123,0.53982
0.67044,0.67326,0.78716,0.76466,0.73785,0.65923,0.71862,0.70913,0.59752,0.54263,0.59189,0.61247,0.61461,0.60219,0.73772,0.62704,0.65585,0.64519,0.7192,0.70265,0.74951,0.73531,0.77945,0.72868,0.71414,0.69287,0.40567,0.54142,0.72138,0.64067,0.65237,0.63062,0.72025,0.70291,0.68648,0.69152,0.86867,0.85767,1,0.90464,0.83738,0.79172,0.65667,0.66696,0.62789,0.64533,0.63243,0.69525,0.5945,0.62148,0.48062,0.58273,0.58694,0.47298,0.80781,0.6892,0.59107,0.56598,0.64265,0.66545,0.58609,0.59103,0.70602,0.66345,0.65025,0.62066,0.72839,0.72778,0.68591,0.67889,0.57247,0.53267,0.55242,0.57269,0.63312,0.62353,0.6114,0.55177,0.70447,0.68639,0.70888,0.68896,0.78577,0.59086,0.70746,0.69888,0.52937,0.53267,0.78986,0.67671,0.70754,0.66669,0.60505,0.66878,0.59356,0.78959,0.70555,0.73202,0.71705,0.70579,0.53038,0.67105,0.63351,0.6706,0.80688,0.73341,0.69534,0.69049,0.59885,0.64391,0.67808,0.72491,0.5562,0.58376,0.79489,0.56288
0.79502,0.77671,0.87243,0.83369,0.80479,0.74158,0.79998,0.77616,0.73194,0.65705,0.66379,0.66207,0.69358,0.65114,0.79869,0.67298,0.78007,0.77029,0.79471,0.76209,0.77018,0.79564,0.81468,0.80009,0.75485,0.7707,0.54609,0.67368,0.78969,0.72198,0.67242,0.65847,0.81715,0.77372,0.77544,0.79895,0.88193,0.93011,0.90464,1,0.7331,0.83808,0.7981,0.80772,0.76424,0.773,0.79869,0.84187,0.74554,0.77266,0.64278,0.73282,0.71542,0.61513,0.86671,0.83489,0.75254,0.72211,0.76732,0.78875,0.71466,0.67022,0.80046,0.74395,0.74566,0.70897,0.83144,0.82849,0.7921,0.75254,0.64366,0.61908,0.58801,0.62252,0.63949,0.6343,0.63997,0.56352,0.79864,0.79579,0.81585,0.80032,0.82692,0.7208,0.82189,0.82652,0.59157,0.627,0.85627,0.80395,0.72585,0.72273,0.63326,0.71864,0.70644,0.82965,0.79167,0.80853,0.77491,0.78493,0.61242,0.74019,0.69559,0.71881,0.81432,0.78793,0.74382,0.69869,0.63117,0.72482,0.74428,0.74562,0.57135,0.62517,0.80674,0.5584
0.4959,0.49915,0.62164,0.61465,0.56428,0.43482,0.58304,0.60245,0.3954,0.38051,0.498,0.51964,0.53546,0.51642,0.61813,0.52178,0.48507,0.48737,0.5849,0.58099,0.73849,0.64012,0.64531,0.59307,0.6488,0.57237,0.35428,0.36578,0.62385,0.54637,0.65479,0.60126,0.59581,0.58523,0.56598,0.502,0.70946,0.72732,0.83738,0.7331,1,0.7761,0.43909,0.45713,0.48229,0.47495,0.41897,0.46276,0.43742,0.47419,0.35114,0.45373,0.40675,0.30131,0.62041,0.49636,0.40033,0.38101,0.48417,0.46246,0.48023,0.49494,0.53878,0.50071,0.54365,0.51456,0.54751,0.53771,0.49933,0.50585,0.57008,0.52737,0.56762,0.59914,0.6435,0.61061,0.54979,0.50176,0.54275,0.5404,0.53506,0.53118,0.6186,0.42236,0.55832,0.52119,0.32915,0.33368,0.65914,0.52932,0.54022,0.51172,0.43934,0.49039,0.38305,0.56731,0.51013,0.52035,0.54408,0.51243,0.3415,0.49015,0.467,0.52182,0.72294,0.59695,0.53783,0.57446,0.35452,0.47614,0.43488,0.51211,0.33924,0.38786,0.67545,0.43463
0.71418,0.69591,0.80118,0.78506,0.69306,0.57604,0.77954,0.79544,0.58399,0.56357,0.68252,0.70276,0.69096,0.72574,0.72759,0.67262,0.71147,0.73083,0.73162,0.70738,0.74988,0.71584,0.81059,0.78066,0.73636,0.69889,0.51943,0.53224,0.77558,0.72222,0.76585,0.76326,0.7983,0.78487,0.71667,0.68491,0.79461,0.85908,0.79172,0.83808,0.7761,1,0.67142,0.68769,0.66557,0.67092,0.65622,0.69899,0.60943,0.65212,0.5201,0.63774,0.59518,0.5045,0.73814,0.66783,0.62164,0.60565,0.64082,0.64785,0.68866,0.64882,0.74607,0.71893,0.72439,0.65782,0.72946,0.7323,0.66247,0.66136,0.75703,0.7021,0.6901,0.7417,0.74384,0.71228,0.71521,0.65282,0.7317,0.77128,0.74107,0.74382,0.67542,0.54335,0.7305,0.75183,0.3527,0.39242,0.76398,0.69681,0.6804,0.66474,0.60631,0.65916,0.50059,0.67921,0.62704,0.67252,0.68122,0.6759,0.52389,0.66276,0.58709,0.64982,0.78493,0.75948,0.68665,0.66128,0.46914,0.60565,0.60781,0.62996,0.45199,0.49322,0.76547,0.56943
0.88578,0.86696,0.82145,0.77065,0.76872,0.74876,0.76187,0.72863,0.73775,0.67296,0.70954,0.66446,0.67226,0.63472,0.73462,0.63849,0.87291,0.85039,0.813,0.74149,0.5387,0.57601,0.73652,0.71178,0.65974,0.70473,0.51334,0.61825,0.72734,0.70133,0.50147,0.50467,0.78952,0.71564,0.68946,0.69388,0.70805,0.74561,0.65667,0.7981,0.43909,0.67142,1,0.98656,0.89769,0.87917,0.95431,0.96948,0.91415,0.8804,0.81018,0.82103,0.84391,0.78986,0.85142,0.88072,0.89815,0.88578,0.75986,0.80898,0.72732,0.62013,0.87851,0.80121,0.71052,0.60345,0.82761,0.8024,0.85677,0.78337,0.49476,0.45648,0.43615,0.4557,0.46078,0.49438,0.49559,0.39799,0.86056,0.86444,0.89453,0.87669,0.77544,0.69762,0.85135,0.86372,0.58862,0.67125,0.76397,0.79591,0.58646,0.6198,0.49312,0.6058,0.65787,0.71414,0.76851,0.78084,0.72374,0.74709,0.52352,0.65669,0.61308,0.65117,0.65226,0.70387,0.61416,0.59284,0.62025,0.69809,0.73636,0.68586,0.54028,0.65822,0.69082,0.47009
