1,0.93356,0.83997,0.78882,0.66824,0.52548,0.82233,0.80932,0.58737,0.45876,0.83222,0.79371,0.85219,0.77264,0.83873,0.72889,0.86931,0.81333,0.89807,0.88544,0.52124,0.39594,0.78576,0.75022,0.6059,0.57038,0.60024,0.55327,0.81447,0.69885,0.56382,0.54131,0.61186,0.58473,0.64459,0.50732,0.61963,0.48049,0.29727,0.56363,0.38743,0.32239,0.76637,0.78908,0.71498,0.75951,0.72814,0.71242,0.72272,0.69195,0.4865,0.50712,0.50929,0.49719,0.70184,0.7177,0.94892,0.88199,0.77613,0.68723,0.79667,0.54041,0.7677,0.69289,0.51381,0.54492,0.68783,0.62947,0.80575,0.72892,0.65875,0.67813,0.4108,0.3363,0.37489,0.43673,0.41233,0.38719,0.74313,0.7545,0.85507,0.83856,0.64758,0.62586,0.67458,0.61427,0.35255,0.38883,0.70094,0.609,0.29815,0.24333,0.18012,0.32142,0.35156,0.23871,0.561,0.54673,0.42267,0.42607,0.27728,0.46601,0.41287,0.42445,0.461,0.39503,0.24869,0.10165,0.27562,0.48371,0.32358,0.26196,0.20926,0.31854,0.32692,0.16224
0.93356,1,0.79189,0.75225,0.61502,0.48492,0.74649,0.78111,0.53088,0.41974,0.75265,0.81641,0.7878,0.74494,0.77849,0.70747,0.86501,0.87419,0.91044,0.93598,0.49535,0.39825,0.73874,0.70316,0.55588,0.54094,0.54454,0.4926,0.79265,0.75177,0.57314,0.54968,0.67245,0.67069,0.6498,0.55249,0.63718,0.53894,0.32865,0.5898,0.40748,0.39796,0.79401,0.81673,0.74175,0.79552,0.74411,0.74272,0.74215,0.71702,0.48766,0.5006,0.5203,0.49363,0.70277,0.71519,0.94836,0.929,0.77667,0.68899,0.72885,0.48492,0.78409,0.75593,0.4277,0.44968,0.6945,0.65514,0.85016,0.80461,0.63503,0.66489,0.42422,0.37394,0.41447,0.48683,0.45338,0.44779,0.75081,0.77643,0.84605,0.86208,0.62367,0.62931,0.601,0.57578,0.31938,0.35384,0.62567,0.55281,0.32363,0.25463,0.18957,0.28851,0.36852,0.2731,0.58541,0.56628,0.47767,0.46338,0.32647,0.45116,0.47798,0.43783,0.50231,0.38281,0.34634,0.14608,0.28093,0.46883,0.36473,0.32052,0.18966,0.3418,0.34453,0.12171
0.83997,0.79189,1,0.90466,0.75862,0.49758,0.94222,0.87492,0.73943,0.4709,0.76001,0.66099,0.85356,0.68825,0.83667,0.69003,0.6839,0.63315,0.84913,0.82551,0.61026,0.43374,0.9155,0.84635,0.65066,0.66114,0.56446,0.53811,0.72479,0.62567,0.72054,0.67278,0.73833,0.69141,0.76653,0.63212,0.59967,0.4966,0.2277,0.52818,0.36456,0.32362,0.76782,0.79935,0.65311,0.72394,0.62743,0.66115,0.60873,0.59855,0.39352,0.41105,0.47087,0.42358,0.64807,0.64649,0.77259,0.72116,0.77891,0.68377,0.7765,0.58081,0.67389,0.58812,0.49927,0.57881,0.76534,0.70939,0.69411,0.67355,0.73361,0.71624,0.50679,0.43103,0.47209,0.5461,0.53555,0.48981,0.57597,0.61044,0.65817,0.62293,0.47373,0.46241,0.51857,0.41595,0.22309,0.22664,0.62301,0.56976,0.48088,0.47032,0.40312,0.57541,0.27769,0.23678,0.48569,0.50254,0.45827,0.48067,0.42267,0.68325,0.47569,0.55729,0.5169,0.50738,0.30163,0.1576,0.30472,0.39355,0.38119,0.35204,0.34314,0.47798,0.50353,0.16303
0.78882,0.75225,0.90466,1,0.6284,0.49037,0.9058,0.96676,0.63418,0.56401,0.75378,0.68478,0.76011,0.70042,0.7426,0.64026,0.66489,0.57558,0.81727,0.81334,0.57835,0.37298,0.85309,0.87344,0.56592,0.70412,0.57047,0.60257,0.74507,0.61415,0.7789,0.7778,0.74827,0.73559,0.72821,0.67685,0.6178,0.51793,0.19566,0.45834,0.43149,0.33299,0.69044,0.72783,0.56622,0.64792,0.55032,0.54203,0.52763,0.48467,0.26424,0.28363,0.32974,0.29899,0.60642,0.54003,0.73177,0.65837,0.70554,0.67686,0.72483,0.74057,0.57894,0.52657,0.4032,0.63743,0.68915,0.7119,0.6976,0.67518,0.76556,0.77897,0.59838,0.49085,0.52314,0.57872,0.57981,0.57215,0.56156,0.5866,0.59422,0.55815,0.4084,0.38927,0.3952,0.33838,0.10621,0.10618,0.57478,0.5544,0.59445,0.40202,0.41028,0.42852,0.31129,0.32052,0.49897,0.52452,0.5124,0.47296,0.40541,0.58252,0.43819,0.5256,0.56009,0.48643,0.29487,0.21045,0.35043,0.39867,0.43539,0.38147,0.33223,0.45191,0.50823,0.17354
0.66824,0.61502,0.75862,0.6284,1,0.72131,0.69769,0.61557,0.89306,0.62919,0.54439,0.54778,0.745,0.5894,0.76324,0.71755,0.51751,0.56663,0.61577,0.5872,0.61082,0.61905,0.78139,0.73277,0.73099,0.60478,0.72729,0.60469,0.48511,0.43163,0.3517,0.35205,0.46551,0.39244,0.57427,0.3656,0.37269,0.30434,0.19176,0.49835,0.10693,0.21353,0.64227,0.63811,0.59947,0.63059,0.57333,0.62819,0.56923,0.5993,0.53187,0.58447,0.64088,0.54994,0.54315,0.6517,0.59194,0.64913,0.68938,0.69916,0.70455,0.55315,0.58399,0.52603,0.58819,0.59434,0.6548,0.57015,0.42574,0.45632,0.44046,0.42556,0.13944,0.12129,0.14043,0.27312,0.204,0.18085,0.43186,0.4626,0.55697,0.5709,0.54703,0.5176,0.62973,0.52956,0.43385,0.4835,0.64202,0.67507,0.26641,0.34521,0.34389,0.52441,0.062651,-0.045988,0.24639,0.22847,0.20302,0.29716,0.35752,0.53571,0.31937,0.28697,0.23075,0.28651,0.2725,-0.075576,0.037962,0.16113,0.15225,0.14717,0.16453,0.29506,0.20372,0.14623
0.52548,0.48492,0.49758,0.49037,0.72131,1,0.47543,0.49658,0.61746,0.65562,0.31813,0.46304,0.49915,0.4944,0.5104,0.62066,0.41395,0.46181,0.47249,0.44857,0.55313,0.66895,0.54299,0.57293,0.63172,0.58373,0.63781,0.63291,0.32866,0.31781,0.23148,0.28792,0.36755,0.31587,0.46139,0.36112,0.39653,0.38368,0.33995,0.52732,0.11003,0.17814,0.6181,0.5941,0.61495,0.62118,0.59771,0.62529,0.61506,0.61604,0.63527,0.6454,0.66262,0.60152,0.58078,0.63495,0.49932,0.58394,0.63282,0.68967,0.59184,0.59115,0.49977,0.46761,0.50219,0.61747,0.59738,0.59175,0.3468,0.3885,0.29242,0.31645,0.020029,0.010698,0.062791,0.17001,0.20851,0.21461,0.36808,0.34266,0.46136,0.47744,0.44953,0.4128,0.56574,0.55818,0.49315,0.43795,0.57418,0.70157,0.33857,0.36227,0.34845,0.37513,0.0092283,-0.067037,0.29354,0.24702,0.2901,0.39772,0.39462,0.4125,0.37728,0.26105,0.21931,0.25802,0.35977,0.048705,0.02175,0.15474,0.24441,0.23855,0.21277,0.26872,0.11139,0.073901
0.82233,0.74649,0.94222,0.9058,0.69769,0.47543,1,0.90412,0.71161,0.48685,0.80366,0.67976,0.85153,0.72627,0.80323,0.65049,0.67059,0.56452,0.79948,0.76832,0.55307,0.37893,0.86201,0.81836,0.62511,0.64579,0.58307,0.54468,0.73477,0.55648,0.68893,0.66244,0.67588,0.62541,0.72509,0.60303,0.59731,0.45944,0.22462,0.488,0.35475,0.28074,0.68964,0.7196,0.57285,0.63731,0.54754,0.55494,0.5221,0.49897,0.31568,0.32873,0.35659,0.32885,0.61143,0.57084,0.73973,0.66691,0.70987,0.63316,0.82225,0.62749,0.6002,0.50386,0.50065,0.6391,0.72686,0.6776,0.66714,0.65087,0.74509,0.73658,0.50401,0.39243,0.43381,0.49581,0.51683,0.47601,0.56327,0.58044,0.63682,0.59657,0.47919,0.41684,0.51457,0.42301,0.19719,0.21166,0.64765,0.58223,0.46503,0.41001,0.32345,0.49014,0.31144,0.27948,0.48662,0.47907,0.42756,0.40675,0.35273,0.63265,0.3781,0.50054,0.48936,0.48851,0.2369,0.16178,0.32072,0.40593,0.34094,0.28142,0.3277,0.36444,0.45271,0.15416
0.80932,0.78111,0.87492,0.96676,0.61557,0.49658,0.90412,1,0.6214,0.58995,0.79808,0.77069,0.7814,0.77424,0.74511,0.66225,0.70571,0.61127,0.83155,0.82999,0.55518,0.3835,0.80527,0.82233,0.51687,0.65781,0.55141,0.55551,0.78743,0.65893,0.76179,0.76811,0.73852,0.749,0.70853,0.6731,0.64923,0.5394,0.22353,0.48169,0.44909,0.38781,0.68502,0.72287,0.55258,0.64368,0.55938,0.54258,0.52057,0.47698,0.26225,0.27898,0.32904,0.30454,0.62987,0.55783,0.75645,0.67541,0.70142,0.68393,0.74371,0.75041,0.60802,0.55122,0.35349,0.61342,0.6611,0.69851,0.7074,0.68111,0.78273,0.80746,0.62186,0.51712,0.53867,0.60083,0.58022,0.59157,0.60233,0.62411,0.63392,0.60319,0.442,0.41915,0.40626,0.35556,0.13214,0.13691,0.59937,0.5636,0.57969,0.36356,0.34687,0.35681,0.3544,0.33558,0.51646,0.55427,0.53107,0.4749,0.40101,0.5509,0.43894,0.51547,0.56827,0.48728,0.27814,0.2171,0.34763,0.40845,0.42722,0.36972,0.33816,0.41825,0.49468,0.17073
0.58737,0.53088,0.73943,0.63418,0.89306,0.61746,0.71161,0.6214,1,0.70007,0.49763,0.50045,0.72253,0.58671,0.67251,0.67666,0.42338,0.4719,0.54122,0.52546,0.50506,0.52724,0.72992,0.69614,0.64977,0.57725,0.58719,0.51985,0.48209,0.40506,0.36312,0.37163,0.43995,0.37109,0.5155,0.31237,0.28784,0.24083,0.046777,0.3563,0.024012,0.15738,0.56268,0.5577,0.48338,0.5376,0.44863,0.49859,0.45536,0.48166,0.41308,0.46437,0.54115,0.4193,0.40993,0.49757,0.51211,0.56283,0.62989,0.65642,0.69496,0.57414,0.49606,0.46185,0.52363,0.56877,0.59112,0.51891,0.41408,0.46576,0.44475,0.44483,0.13029,0.098394,0.097794,0.26868,0.18053,0.16816,0.38841,0.40616,0.4911,0.49603,0.46083,0.47883,0.50727,0.43749,0.23832,0.38945,0.54543,0.59298,0.26781,0.31603,0.44049,0.59291,0.019695,-0.079592,0.13917,0.15512,0.12122,0.20414,0.41301,0.5988,0.27778,0.27899,0.18757,0.24274,0.26645,-0.14797,-0.0071387,0.11395,0.1281,0.12737,0.16548,0.35029,0.24592,0.21177
0.45876,0.41974,0.4709,0.56401,0.62919,0.65562,0.48685,0.58995,0.70007,1,0.37239,0.48576,0.49052,0.61162,0.44525,0.63239,0.34296,0.3832,0.40513,0.42431,0.44709,0.46512,0.48425,0.55193,0.40619,0.4499,0.44458,0.42163,0.42904,0.39724,0.26854,0.35032,0.27911,0.28491,0.29101,0.18417,0.18103,0.14207,-0.063108,0.20091,0.0085052,0.1089,0.38481,0.38363,0.33242,0.39941,0.30728,0.32014,0.34496,0.34358,0.26616,0.32287,0.41978,0.26175,0.26976,0.32428,0.41595,0.45706,0.47332,0.61651,0.50062,0.67672,0.3145,0.34312,0.25463,0.48851,0.3447,0.37663,0.35833,0.3811,0.34768,0.39401,0.13326,0.098735,0.068668,0.21828,0.078016,0.12193,0.3261,0.33003,0.38816,0.39694,0.35277,0.40383,0.28808,0.29629,0.12095,0.27048,0.39087,0.50843,0.24982,0.076651,0.37334,0.27055,-0.0029422,-0.10238,0.024297,0.081722,0.053421,0.1084,0.34975,0.38561,0.2047,0.13575,0.065005,0.068719,0.18645,-0.21142,-0.088154,0.0097752,0.060502,0.11165,0.084609,0.31309,0.10311,0.19272
0.83222,0.75265,0.76001,0.75378,0.54439,0.31813,0.80366,0.79808,0.49763,0.37239,1,0.75029,0.84371,0.75356,0.78308,0.61862,0.79315,0.67109,0.78821,0.76689,0.4741,0.22998,0.69313,0.64415,0.42912,0.44566,0.48929,0.41515,0.80885,0.68157,0.58306,0.55362,0.52438,0.53747,0.54153,0.47765,0.56294,0.39786,0.14658,0.3815,0.39435,0.26764,0.54309,0.57901,0.43765,0.50038,0.4749,0.44297,0.42303,0.36842,0.15306,0.18359,0.2261,0.24807,0.52642,0.49861,0.74469,0.61508,0.5506,0.46561,0.67731,0.47494,0.60316,0.48827,0.33438,0.41085,0.4719,0.43729,0.66424,0.57306,0.67535,0.68698,0.54552,0.45923,0.40897,0.4761,0.41738,0.38685,0.68792,0.71237,0.70086,0.66337,0.47142,0.43975,0.45029,0.34033,0.21126,0.20237,0.58114,0.42085,0.28861,0.15886,0.058421,0.20884,0.45183,0.2972,0.44941,0.468,0.38312,0.33312,0.12291,0.39604,0.24885,0.38804,0.42508,0.35817,0.011902,0.083961,0.36603,0.42094,0.2661,0.21704,0.21821,0.23825,0.39028,0.21136
0.79371,0.81641,0.66099,0.68478,0.54778,0.46304,0.67976,0.77069,0.50045,0.48576,0.75029,1,0.76265,0.88471,0.70953,0.7657,0.74957,0.74583,0.74306,0.77353,0.4319,0.39401,0.64691,0.66676,0.47674,0.48355,0.51295,0.46519,0.78737,0.73079,0.47423,0.49111,0.49995,0.52743,0.47263,0.41854,0.59584,0.50423,0.29174,0.51607,0.37496,0.42554,0.61996,0.62605,0.51814,0.57064,0.58774,0.55798,0.5582,0.50229,0.37334,0.40961,0.4586,0.42302,0.6618,0.62353,0.76151,0.75096,0.61086,0.61621,0.65424,0.51741,0.6816,0.66526,0.34441,0.4587,0.52918,0.52488,0.63828,0.58583,0.60561,0.68014,0.3922,0.36777,0.3316,0.43457,0.34067,0.39091,0.66948,0.6773,0.79261,0.80548,0.64451,0.62769,0.56512,0.56111,0.32375,0.38072,0.63089,0.58365,0.32282,0.14982,0.18919,0.19098,0.36502,0.24205,0.48819,0.49485,0.40265,0.33948,0.34405,0.39371,0.40203,0.35166,0.4593,0.33719,0.24637,0.069729,0.22327,0.42904,0.31254,0.27468,0.21454,0.32196,0.30936,0.25575
0.85219,0.7878,0.85356,0.76011,0.745,0.49915,0.85153,0.7814,0.72253,0.49052,0.84371,0.76265,1,0.83108,0.88355,0.79668,0.73476,0.70309,0.79996,0.76395,0.56581,0.42614,0.82773,0.7767,0.6369,0.56481,0.57246,0.51002,0.79729,0.68703,0.52668,0.50453,0.52293,0.50162,0.59529,0.44524,0.54941,0.42552,0.22006,0.50929,0.29527,0.27051,0.68761,0.70748,0.59696,0.65122,0.56831,0.59966,0.56539,0.56342,0.38794,0.42991,0.4911,0.42655,0.59611,0.61019,0.77497,0.73652,0.67993,0.62049,0.77998,0.52302,0.71395,0.58968,0.522,0.54345,0.63843,0.56437,0.63524,0.585,0.64059,0.65145,0.35215,0.29495,0.29526,0.39889,0.33223,0.31039,0.64442,0.68374,0.77931,0.75311,0.63545,0.614,0.63865,0.53269,0.33627,0.38859,0.65501,0.58717,0.28076,0.27761,0.32207,0.48161,0.31211,0.19415,0.4138,0.42355,0.31294,0.33281,0.34727,0.58705,0.38437,0.40812,0.397,0.39308,0.19604,-0.0044751,0.1896,0.38382,0.24818,0.21548,0.24133,0.37139,0.34316,0.25467
0.77264,0.74494,0.68825,0.70042,0.5894,0.4944,0.72627,0.77424,0.58671,0.61162,0.75356,0.88471,0.83108,1,0.7458,0.81415,0.67218,0.65059,0.69309,0.71144,0.46451,0.39079,0.68058,0.6971,0.50235,0.48973,0.49647,0.44591,0.79452,0.71491,0.48019,0.49403,0.42715,0.44704,0.43655,0.35211,0.50969,0.41163,0.18492,0.43721,0.29306,0.30886,0.60052,0.60353,0.49068,0.55081,0.51272,0.49478,0.51938,0.46695,0.32859,0.37281,0.44329,0.37458,0.56687,0.53582,0.7181,0.69146,0.58354,0.60675,0.65635,0.53715,0.60141,0.55232,0.33667,0.48824,0.50702,0.48898,0.61279,0.56149,0.5972,0.6663,0.33399,0.2909,0.25094,0.40168,0.25914,0.29381,0.6159,0.64437,0.7519,0.74588,0.63327,0.63172,0.51914,0.50386,0.24484,0.36214,0.59248,0.5599,0.25606,0.087909,0.25187,0.24848,0.33339,0.21923,0.34778,0.37365,0.2471,0.2148,0.34421,0.44403,0.36006,0.30618,0.36992,0.29268,0.17921,-0.078737,0.11948,0.3207,0.18425,0.17053,0.16165,0.3504,0.28088,0.29118
0.83873,0.77849,0.83667,0.7426,0.76324,0.5104,0.80323,0.74511,0.67251,0.44525,0.78308,0.70953,0.88355,0.7458,1,0.8187,0.74084,0.70388,0.80113,0.78423,0.5698,0.4424,0.84613,0.80026,0.69646,0.62938,0.65435,0.56655,0.77846,0.69568,0.57678,0.55295,0.57669,0.54526,0.6339,0.46093,0.606,0.45418,0.33588,0.602,0.41222,0.35641,0.71147,0.7337,0.63618,0.66827,0.62148,0.6472,0.5956,0.57895,0.40834,0.43896,0.47357,0.46066,0.66299,0.67508,0.76531,0.73166,0.67215,0.60264,0.69893,0.46899,0.71041,0.6278,0.52225,0.51946,0.66468,0.60092,0.64002,0.57872,0.60971,0.63137,0.37989,0.33047,0.35994,0.4453,0.35081,0.30473,0.61906,0.66352,0.77624,0.73856,0.70392,0.66757,0.65189,0.56451,0.40519,0.40449,0.67359,0.57769,0.29145,0.23754,0.22496,0.35277,0.30346,0.24198,0.48449,0.48773,0.34337,0.34236,0.26356,0.46686,0.35407,0.39632,0.45452,0.45821,0.22692,0.091485,0.27514,0.40945,0.25395,0.18297,0.17135,0.3392,0.35371,0.27641
0.72889,0.70747,0.69003,0.64026,0.71755,0.62066,0.65049,0.66225,0.67666,0.63239,0.61862,0.7657,0.79668,0.81415,0.8187,1,0.65225,0.71879,0.69365,0.70535,0.56182,0.5915,0.72568,0.75373,0.63891,0.55254,0.57001,0.5288,0.7509,0.74179,0.43774,0.47501,0.45531,0.45637,0.47742,0.33105,0.51875,0.44301,0.34573,0.6105,0.30774,0.4197,0.65006,0.64882,0.58017,0.63027,0.58324,0.60564,0.58412,0.57181,0.46539,0.50946,0.57457,0.48243,0.62254,0.65434,0.67919,0.71679,0.64626,0.65241,0.62072,0.50036,0.69301,0.67559,0.43647,0.48329,0.59693,0.55987,0.55776,0.52681,0.52834,0.58407,0.2481,0.24793,0.24054,0.38796,0.22144,0.23029,0.59647,0.62385,0.78485,0.771,0.77991,0.81945,0.62205,0.63036,0.45338,0.54731,0.6054,0.62849,0.24651,0.19693,0.3347,0.37664,0.21296,0.13792,0.39239,0.41451,0.25377,0.29315,0.43167,0.49358,0.44667,0.34728,0.38865,0.36196,0.35696,-0.019272,0.13162,0.3527,0.24379,0.19723,0.11667,0.40587,0.26969,0.40951
0.86931,0.86501,0.6839,0.66489,0.51751,0.41395,0.67059,0.70571,0.42338,0.34296,0.79315,0.74957,0.73476,0.67218,0.74084,0.65225,1,0.90017,0.8254,0.82566,0.45512,0.34364,0.64656,0.61499,0.49739,0.48108,0.52759,0.46828,0.8444,0.79248,0.54693,0.5316,0.59565,0.59096,0.55693,0.48905,0.65044,0.49671,0.37125,0.56113,0.47646,0.37261,0.68642,0.71825,0.64665,0.69169,0.68572,0.66563,0.63856,0.60943,0.40292,0.41399,0.40757,0.4504,0.69999,0.70067,0.90185,0.80632,0.67037,0.55625,0.67829,0.42815,0.76871,0.71253,0.39813,0.3867,0.59029,0.5477,0.78395,0.67433,0.6292,0.67169,0.44945,0.40006,0.39162,0.45432,0.44969,0.43998,0.87181,0.86572,0.89379,0.86282,0.64407,0.6325,0.61294,0.56051,0.39507,0.35168,0.62803,0.50259,0.27403,0.18461,0.043256,0.1869,0.42805,0.29457,0.64103,0.62899,0.48051,0.47349,0.18816,0.31997,0.39027,0.43474,0.50346,0.42818,0.18091,0.18251,0.35419,0.5569,0.37272,0.28904,0.19518,0.27695,0.33676,0.22979
0.81333,0.87419,0.63315,0.57558,0.56663,0.46181,0.56452,0.61127,0.4719,0.3832,0.67109,0.74583,0.70309,0.65059,0.70388,0.71879,0.90017,1,0.78704,0.81128,0.4919,0.45254,0.61974,0.58121,0.51847,0.45214,0.48859,0.42354,0.76942,0.83043,0.44775,0.42941,0.55407,0.55481,0.52391,0.43409,0.5699,0.47777,0.34207,0.58649,0.36379,0.40721,0.69837,0.72099,0.66046,0.71812,0.70416,0.7073,0.66314,0.66259,0.45706,0.487,0.52474,0.49255,0.67188,0.70664,0.85631,0.85568,0.67456,0.59818,0.61206,0.36564,0.7871,0.7807,0.38934,0.33559,0.5918,0.54766,0.74524,0.6615,0.5152,0.57327,0.34628,0.35549,0.32272,0.4164,0.33823,0.34422,0.84489,0.87267,0.8861,0.90944,0.66607,0.71035,0.60692,0.57531,0.4518,0.44593,0.56958,0.50071,0.20741,0.16835,0.13374,0.25247,0.35098,0.18486,0.54764,0.53636,0.39627,0.42809,0.28721,0.37345,0.44635,0.40536,0.43969,0.34978,0.27607,0.097929,0.24991,0.4502,0.32289,0.28914,0.11784,0.31542,0.28559,0.28652
0.89807,0.91044,0.84913,0.81727,0.61577,0.47249,0.79948,0.83155,0.54122,0.40513,0.78821,0.74306,0.79996,0.69309,0.80113,0.69365,0.8254,0.78704,1,0.9651,0.52048,0.39535,0.78974,0.73722,0.5433,0.5711,0.52569,0.48932,0.80491,0.73269,0.66836,0.6569,0.76327,0.76736,0.70624,0.62817,0.66946,0.58462,0.33339,0.58054,0.49919,0.45842,0.77432,0.80963,0.69648,0.75695,0.69728,0.69382,0.66256,0.63532,0.40555,0.40991,0.4493,0.42773,0.68979,0.6682,0.88391,0.81622,0.75772,0.6697,0.71127,0.53344,0.7871,0.72137,0.41005,0.45051,0.69162,0.67133,0.80981,0.73313,0.73557,0.72429,0.57144,0.50382,0.55238,0.60186,0.57464,0.54458,0.70395,0.72645,0.77383,0.7452,0.54439,0.56397,0.51708,0.47152,0.25719,0.24699,0.57322,0.50219,0.46769,0.40279,0.28287,0.37731,0.35207,0.32412,0.61887,0.62772,0.5938,0.57713,0.37996,0.52308,0.52458,0.55563,0.59356,0.49068,0.37232,0.26033,0.3756,0.47352,0.46295,0.41958,0.31238,0.42689,0.47252,0.1393
0.88544,0.93598,0.82551,0.81334,0.5872,0.44857,0.76832,0.82999,0.52546,0.42431,0.76689,0.77353,0.76395,0.71144,0.78423,0.70535,0.82566,0.81128,0.9651,1,0.51395,0.38203,0.75986,0.72339,0.51989,0.55218,0.50363,0.471,0.81375,0.78661,0.6805,0.661,0.77501,0.79483,0.68999,0.61585,0.66712,0.59628,0.30622,0.57645,0.50334,0.48105,0.76247,0.79056,0.67822,0.74339,0.6843,0.67733,0.6542,0.61931,0.37272,0.37661,0.42831,0.40288,0.67934,0.64824,0.8854,0.82534,0.74597,0.6565,0.67244,0.51392,0.77683,0.74055,0.35992,0.40636,0.67506,0.65972,0.84805,0.78362,0.7148,0.72757,0.581,0.52485,0.55025,0.62657,0.55404,0.53996,0.71462,0.74309,0.7805,0.76588,0.54445,0.58326,0.47305,0.44926,0.21363,0.22678,0.5475,0.46113,0.45847,0.34676,0.26575,0.32713,0.36684,0.34399,0.60115,0.62593,0.57272,0.54799,0.37033,0.49821,0.51964,0.52813,0.58755,0.45743,0.37191,0.2243,0.36091,0.45779,0.44189,0.42092,0.27692,0.44362,0.4794,0.15689
0.52124,0.49535,0.61026,0.57835,0.61082,0.55313,0.55307,0.55518,0.50506,0.44709,0.4741,0.4319,0.56581,0.46451,0.5698,0.56182,0.45512,0.4919,0.52048,0.51395,1,0.8035,0.63882,0.59872,0.53646,0.56019,0.44456,0.41324,0.48381,0.49019,0.55008,0.54053,0.46759,0.42401,0.56986,0.4725,0.42898,0.37283,0.19887,0.49492,0.22595,0.20369,0.45241,0.49277,0.45267,0.49024,0.40351,0.44182,0.36648,0.38365,0.23337,0.25624,0.31503,0.27298,0.43633,0.45871,0.48081,0.4523,0.47555,0.44495,0.49028,0.4527,0.38955,0.29975,0.4073,0.48628,0.5368,0.53627,0.41042,0.4154,0.50817,0.49781,0.34269,0.33531,0.32875,0.38372,0.28977,0.28413,0.42007,0.5011,0.43457,0.46102,0.33782,0.30879,0.37083,0.2484,0.36738,0.22579,0.42521,0.4052,0.31851,0.30616,0.26262,0.3682,0.25441,0.20949,0.3064,0.31265,0.2789,0.37763,0.20687,0.39762,0.25425,0.30881,0.3279,0.34649,0.1398,0.083629,0.13343,0.25995,0.20374,0.19035,0.27,0.30922,0.33461,0.1555
0.39594,0.39825,0.43374,0.37298,0.61905,0.66895,0.37893,0.3835,0.52724,0.46512,0.22998,0.39401,0.42614,0.39079,0.4424,0.5915,0.34364,0.45254,0.39535,0.38203,0.8035,1,0.49502,0.49903,0.4967,0.46338,0.41619,0.39853,0.32825,0.39013,0.30746,0.3487,0.33059,0.29416,0.40841,0.30957,0.3745,0.35752,0.38248,0.60057,0.16015,0.31808,0.39626,0.41163,0.4065,0.44984,0.37915,0.422,0.36291,0.39966,0.36414,0.38507,0.41637,0.35648,0.43477,0.49605,0.37305,0.42321,0.43627,0.44721,0.40057,0.3777,0.37187,0.34658,0.37632,0.42862,0.46868,0.46166,0.26664,0.29354,0.34621,0.36905,0.14321,0.20833,0.18793,0.28958,0.16231,0.17925,0.28977,0.3738,0.38877,0.45065,0.44906,0.43347,0.42311,0.37424,0.55015,0.50784,0.4137,0.46383,0.23133,0.3223,0.26586,0.36131,0.10687,0.074276,0.24194,0.25254,0.21823,0.34163,0.30876,0.36191,0.30297,0.26348,0.23653,0.3267,0.27589,0.076048,-0.026445,0.15652,0.1336,0.13455,0.24244,0.27665,0.21992,0.12139
0.78576,0.73874,0.9155,0.85309,0.78139,0.54299,0.86201,0.80527,0.72992,0.48425,0.69313,0.64691,0.82773,0.68058,0.84613,0.72568,0.64656,0.61974,0.78974,0.75986,0.63882,0.49502,1,0.94139,0.80981,0.79286,0.69822,0.68926,0.69749,0.58483,0.71511,0.69771,0.68559,0.62841,0.75441,0.57749,0.59332,0.46939,0.2407,0.5239,0.3485,0.30482,0.7567,0.77871,0.68312,0.71495,0.6424,0.66625,0.61812,0.60681,0.44027,0.47047,0.49647,0.47571,0.63305,0.65153,0.72075,0.71977,0.70979,0.67219,0.72971,0.59284,0.64039,0.56566,0.63501,0.65051,0.78975,0.72228,0.61964,0.60037,0.68113,0.68261,0.40411,0.33634,0.38432,0.45868,0.46115,0.43737,0.54237,0.57307,0.65992,0.63658,0.54483,0.5145,0.6068,0.50167,0.26236,0.25363,0.59977,0.60724,0.45843,0.41678,0.41542,0.5397,0.23307,0.18904,0.45653,0.42263,0.39836,0.4078,0.38189,0.58721,0.418,0.44796,0.50151,0.46586,0.32891,0.12434,0.23912,0.36712,0.33408,0.28715,0.24196,0.40892,0.40947,0.18966
0.75022,0.70316,0.84635,0.87344,0.73277,0.57293,0.81836,0.82233,0.69614,0.55193,0.64415,0.66676,0.7767,0.6971,0.80026,0.75373,0.61499,0.58121,0.73722,0.72339,0.59872,0.49903,0.94139,1,0.78421,0.81597,0.71767,0.75584,0.68942,0.56625,0.67738,0.70256,0.64421,0.59594,0.68904,0.54557,0.58584,0.46398,0.26793,0.53579,0.36179,0.3259,0.71015,0.72512,0.64537,0.67783,0.59942,0.60857,0.59775,0.57102,0.42294,0.45721,0.46367,0.43418,0.62373,0.61572,0.69177,0.69674,0.67632,0.67989,0.70126,0.67008,0.61616,0.55853,0.60481,0.70757,0.75629,0.7279,0.59115,0.57304,0.64672,0.6786,0.37381,0.29821,0.35606,0.41152,0.419,0.41956,0.5092,0.54351,0.65228,0.6301,0.58511,0.5506,0.59588,0.5418,0.25398,0.28376,0.60726,0.64391,0.47923,0.34954,0.43204,0.46803,0.19965,0.20035,0.43948,0.41348,0.37368,0.36486,0.39156,0.52504,0.4035,0.39508,0.49772,0.4443,0.34489,0.10037,0.20738,0.35781,0.3183,0.27763,0.20856,0.40108,0.36318,0.21503
0.6059,0.55588,0.65066,0.56592,0.73099,0.63172,0.62511,0.51687,0.64977,0.40619,0.42912,0.47674,0.6369,0.50235,0.69646,0.63891,0.49739,0.51847,0.5433,0.51989,0.53646,0.4967,0.80981,0.78421,1,0.84507,0.82408,0.79549,0.46228,0.36677,0.46695,0.45651,0.48415,0.37003,0.64821,0.41898,0.50634,0.42449,0.3307,0.54683,0.20951,0.21872,0.69034,0.6735,0.70102,0.64634,0.6574,0.67848,0.63071,0.62443,0.6156,0.63721,0.58622,0.59368,0.61878,0.66378,0.55691,0.65158,0.61815,0.61868,0.66037,0.47729,0.5554,0.51247,0.80052,0.71035,0.81271,0.70326,0.43978,0.46054,0.41234,0.43278,0.059075,0.028176,0.094672,0.17891,0.28806,0.2753,0.42893,0.41236,0.59092,0.58582,0.56346,0.50022,0.73886,0.67548,0.39386,0.32762,0.63971,0.69054,0.32774,0.35471,0.34927,0.48356,0.065724,0.020082,0.39244,0.28648,0.24122,0.28329,0.33617,0.44888,0.34665,0.27134,0.3813,0.38098,0.39158,0.08144,0.08892,0.30975,0.24055,0.16904,0.078952,0.22612,0.16654,0.16108
0.57038,0.54094,0.66114,0.70412,0.60478,0.58373,0.64579,0.65781,0.57725,0.4499,0.44566,0.48355,0.56481,0.48973,0.62938,0.55254,0.48108,0.45214,0.5711,0.55218,0.56019,0.46338,0.79286,0.81597,0.84507,1,0.79356,0.8647,0.51855,0.38869,0.69078,0.70713,0.65039,0.56062,0.74267,0.62859,0.61361,0.54582,0.29449,0.50488,0.35394,0.29449,0.6815,0.68808,0.66383,0.65008,0.61417,0.61632,0.56981,0.5548,0.48793,0.49408,0.44075,0.48908,0.60409,0.57619,0.54892,0.59026,0.60575,0.6467,0.62673,0.62719,0.50271,0.45355,0.65146,0.76395,0.81348,0.82112,0.49116,0.54665,0.5553,0.57616,0.28617,0.23242,0.32672,0.35973,0.4955,0.5025,0.43174,0.43427,0.50554,0.48567,0.40728,0.34548,0.54613,0.51296,0.16399,0.069569,0.54498,0.63081,0.56033,0.41732,0.41878,0.4293,0.10506,0.12699,0.43239,0.3519,0.39721,0.37117,0.40428,0.43981,0.37833,0.36271,0.51771,0.46832,0.42024,0.25447,0.1905,0.32556,0.34395,0.26426,0.16658,0.27466,0.29967,0.09678
0.60024,0.54454,0.56446,0.57047,0.72729,0.63781,0.58307,0.55141,0.58719,0.44458,0.48929,0.51295,0.57246,0.49647,0.65435,0.57001,0.52759,0.48859,0.52569,0.50363,0.44456,0.41619,0.69822,0.71767,0.82408,0.79356,1,0.87596,0.45981,0.32845,0.41632,0.43121,0.44862,0.36588,0.56753,0.41014,0.49196,0.38755,0.27775,0.50201,0.27099,0.24952,0.62384,0.60735,0.6463,0.60946,0.63685,0.62985,0.60606,0.59498,0.56629,0.61754,0.53183,0.58948,0.61411,0.65489,0.55608,0.61191,0.60673,0.6508,0.63803,0.53215,0.52079,0.47546,0.65779,0.70263,0.69632,0.64575,0.3999,0.44679,0.39473,0.41448,0.12736,0.079503,0.12832,0.20572,0.26835,0.27061,0.42764,0.4041,0.54774,0.54079,0.5338,0.44157,0.68372,0.64121,0.3551,0.31042,0.65635,0.69468,0.31959,0.2326,0.17289,0.25332,0.071148,0.03923,0.35944,0.26048,0.261,0.24513,0.23703,0.27149,0.23458,0.16874,0.32149,0.29685,0.31761,0.072294,0.095119,0.26539,0.16591,0.083298,-0.0054961,0.04995,0.084378,0.077974
0.55327,0.4926,0.53811,0.60257,0.60469,0.63291,0.54468,0.55551,0.51985,0.42163,0.41515,0.46519,0.51002,0.44591,0.56655,0.5288,0.46828,0.42354,0.48932,0.471,0.41324,0.39853,0.68926,0.75584,0.79549,0.8647,0.87596,1,0.43663,0.28407,0.47057,0.50908,0.48316,0.39636,0.57022,0.46921,0.52085,0.44498,0.30272,0.47525,0.30729,0.24703,0.6078,0.60053,0.64097,0.60235,0.60804,0.59339,0.59191,0.57458,0.54342,0.57445,0.47141,0.54977,0.58999,0.59726,0.52045,0.57939,0.58193,0.64035,0.61548,0.60546,0.50503,0.45173,0.65782,0.75386,0.70473,0.70108,0.40351,0.45682,0.40366,0.43188,0.13369,0.084781,0.15683,0.19348,0.3392,0.35194,0.38394,0.36448,0.50356,0.48455,0.46783,0.38944,0.63116,0.61826,0.27463,0.1943,0.61547,0.69927,0.4264,0.30774,0.30841,0.32216,0.051702,0.053985,0.38552,0.29064,0.31415,0.29296,0.3117,0.30127,0.29909,0.21629,0.39117,0.33664,0.37079,0.16352,0.13987,0.2921,0.25552,0.16296,0.063195,0.11902,0.11928,0.093006
0.81447,0.79265,0.72479,0.74507,0.48511,0.32866,0.73477,0.78743,0.48209,0.42904,0.80885,0.78737,0.79729,0.79452,0.77846,0.7509,0.8444,0.76942,0.80491,0.81375,0.48381,0.32825,0.69749,0.68942,0.46228,0.51855,0.45981,0.43663,1,0.86465,0.66131,0.6752,0.5911,0.61491,0.53029,0.4757,0.6535,0.5015,0.28396,0.48877,0.49946,0.42373,0.61169,0.65663,0.52168,0.60382,0.54707,0.52396,0.51696,0.46765,0.2414,0.26029,0.27635,0.29533,0.60413,0.55559,0.80652,0.69387,0.58108,0.50475,0.61895,0.47484,0.67301,0.60934,0.29874,0.39069,0.53452,0.52934,0.76277,0.65427,0.74236,0.79728,0.57073,0.48096,0.45467,0.53833,0.44096,0.4679,0.78881,0.80645,0.83996,0.78821,0.67403,0.68145,0.47292,0.4445,0.19821,0.25401,0.53065,0.4317,0.28264,0.10237,0.14758,0.19637,0.50254,0.41148,0.54961,0.58884,0.38129,0.33488,0.23531,0.35393,0.3435,0.38497,0.50404,0.40885,0.16025,0.093488,0.31696,0.57141,0.33708,0.24631,0.15527,0.35901,0.38649,0.36607
0.69885,0.75177,0.62567,0.61415,0.43163,0.31781,0.55648,0.65893,0.40506,0.39724,0.68157,0.73079,0.68703,0.71491,0.69568,0.74179,0.79248,0.83043,0.73269,0.78661,0.49019,0.39013,0.58483,0.56625,0.36677,0.38869,0.32845,0.28407,0.86465,1,0.59168,0.57895,0.58035,0.63381,0.46198,0.43097,0.6035,0.54988,0.27825,0.5356,0.48257,0.48314,0.58548,0.61636,0.49426,0.59012,0.53374,0.53798,0.49978,0.4728,0.24406,0.2607,0.34851,0.32019,0.57513,0.55827,0.71425,0.6549,0.55123,0.47624,0.46846,0.32412,0.68818,0.69717,0.16739,0.19172,0.45227,0.45359,0.68567,0.58317,0.61799,0.69594,0.53869,0.55376,0.48866,0.58854,0.39643,0.42541,0.73757,0.81093,0.78714,0.77779,0.57876,0.69555,0.36798,0.35219,0.22745,0.25913,0.4167,0.33012,0.26037,0.12703,0.16234,0.19947,0.48535,0.35837,0.49397,0.58151,0.39669,0.39545,0.28658,0.36929,0.43058,0.4369,0.4948,0.394,0.20186,0.073958,0.28719,0.47921,0.34051,0.32448,0.15968,0.4403,0.42404,0.39263
0.56382,0.57314,0.72054,0.7789,0.3517,0.23148,0.68893,0.76179,0.36312,0.26854,0.58306,0.47423,0.52668,0.48019,0.57678,0.43774,0.54693,0.44775,0.66836,0.6805,0.55008,0.30746,0.71511,0.67738,0.46695,0.69078,0.41632,0.47057,0.66131,0.59168,1,0.95496,0.82718,0.82205,0.76332,0.76159,0.69917,0.6382,0.2695,0.45688,0.58483,0.45318,0.57618,0.62703,0.48705,0.56105,0.47842,0.4586,0.40532,0.35737,0.12998,0.10534,0.10427,0.20191,0.52819,0.43782,0.56752,0.45187,0.51035,0.42747,0.47557,0.48611,0.44658,0.36942,0.25864,0.4194,0.62606,0.67968,0.63189,0.62879,0.77724,0.76532,0.71703,0.65107,0.69046,0.71128,0.73574,0.71441,0.47814,0.53205,0.43804,0.39511,0.20729,0.22784,0.18801,0.13756,-0.080907,-0.17301,0.34463,0.29946,0.62683,0.43588,0.26543,0.30357,0.40148,0.4915,0.54835,0.56984,0.587,0.51737,0.2889,0.40701,0.39863,0.55173,0.66987,0.6099,0.30889,0.43193,0.45256,0.43785,0.4664,0.38345,0.29871,0.35863,0.60641,0.086532
0.54131,0.54968,0.67278,0.7778,0.35205,0.28792,0.66244,0.76811,0.37163,0.35032,0.55362,0.49111,0.50453,0.49403,0.55295,0.47501,0.5316,0.42941,0.6569,0.661,0.54053,0.3487,0.69771,0.70256,0.45651,0.70713,0.43121,0.50908,0.6752,0.57895,0.95496,1,0.80806,0.81882,0.74227,0.74677,0.72142,0.65917,0.32927,0.48974,0.60967,0.48991,0.55249,0.60269,0.48137,0.55266,0.45923,0.43495,0.39628,0.35329,0.14463,0.1243,0.1079,0.19479,0.53749,0.43606,0.55176,0.44756,0.50106,0.46252,0.47904,0.56449,0.4383,0.36997,0.2707,0.46885,0.61473,0.69183,0.60159,0.59048,0.77876,0.77437,0.69929,0.62968,0.68499,0.70684,0.72676,0.72554,0.47207,0.51688,0.4417,0.3942,0.25437,0.26872,0.20775,0.18933,-0.063664,-0.15059,0.36322,0.35725,0.6534,0.4199,0.2798,0.25954,0.37652,0.50758,0.55304,0.57136,0.59243,0.51298,0.29745,0.35644,0.39638,0.51579,0.67601,0.59994,0.34547,0.42898,0.41376,0.44829,0.47887,0.37447,0.28112,0.36063,0.57535,0.088105
0.61186,0.67245,0.73833,0.74827,0.46551,0.36755,0.67588,0.73852,0.43995,0.27911,0.52438,0.49995,0.52293,0.42715,0.57669,0.45531,0.59565,0.55407,0.76327,0.77501,0.46759,0.33059,0.68559,0.64421,0.48415,0.65039,0.44862,0.48316,0.5911,0.58035,0.82718,0.80806,1,0.95004,0.8818,0.82609,0.72547,0.70959,0.36395,0.5477,0.57876,0.52553,0.72341,0.75043,0.63699,0.70452,0.62354,0.62977,0.554,0.54654,0.36191,0.32058,0.33357,0.37011,0.63493,0.55694,0.64715,0.59825,0.70752,0.59829,0.61578,0.54334,0.65721,0.59583,0.36178,0.46898,0.75683,0.80891,0.66999,0.68864,0.73169,0.70541,0.64982,0.60979,0.71233,0.70513,0.80374,0.78484,0.52301,0.53728,0.51926,0.4687,0.23987,0.27572,0.32102,0.28576,0.031476,-0.098514,0.41364,0.42784,0.71322,0.60627,0.36672,0.43498,0.25304,0.35886,0.6295,0.62952,0.72588,0.67022,0.44928,0.5313,0.58056,0.66441,0.70077,0.63555,0.50382,0.50904,0.44611,0.43821,0.60085,0.53789,0.39778,0.44799,0.5914,0.039914
0.58473,0.67069,0.69141,0.73559,0.39244,0.31587,0.62541,0.749,0.37109,0.28491,0.53747,0.52743,0.50162,0.44704,0.54526,0.45637,0.59096,0.55481,0.76736,0.79483,0.42401,0.29416,0.62841,0.59594,0.37003,0.56062,0.36588,0.39636,0.61491,0.63381,0.82205,0.81882,0.95004,1,0.79565,0.80585,0.712,0.71472,0.35268,0.52409,0.62196,0.58143,0.67247,0.70821,0.56989,0.65987,0.57056,0.57794,0.49711,0.48664,0.2757,0.23827,0.27583,0.30603,0.59224,0.50571,0.6254,0.56322,0.65183,0.56362,0.52622,0.51999,0.64913,0.60609,0.20776,0.35782,0.64643,0.72677,0.6573,0.66346,0.7317,0.71632,0.71543,0.68124,0.74816,0.7714,0.80246,0.79447,0.52464,0.53907,0.50063,0.4517,0.21353,0.29191,0.22684,0.20167,-0.0082957,-0.11495,0.34111,0.34251,0.71698,0.55876,0.34754,0.35157,0.29083,0.40228,0.62238,0.64805,0.74745,0.68025,0.45074,0.48291,0.58335,0.65581,0.70151,0.61085,0.47827,0.50619,0.46767,0.42837,0.61547,0.57063,0.40833,0.46382,0.60993,0.037727
0.64459,0.6498,0.76653,0.72821,0.57427,0.46139,0.72509,0.70853,0.5155,0.29101,0.54153,0.47263,0.59529,0.43655,0.6339,0.47742,0.55693,0.52391,0.70624,0.68999,0.56986,0.40841,0.75441,0.68904,0.64821,0.74267,0.56753,0.57022,0.53029,0.46198,0.76332,0.74227,0.8818,0.79565,1,0.84588,0.70219,0.66896,0.3613,0.58975,0.44343,0.37895,0.74551,0.76776,0.68359,0.72417,0.64964,0.66439,0.58115,0.58973,0.44903,0.41249,0.4144,0.43842,0.64815,0.60698,0.6393,0.61346,0.72089,0.62957,0.69655,0.55114,0.61503,0.52073,0.54879,0.62751,0.84471,0.85235,0.58715,0.62108,0.66142,0.64231,0.48888,0.45438,0.55154,0.56517,0.70248,0.66783,0.48909,0.50563,0.52118,0.48596,0.27575,0.25041,0.47058,0.38976,0.16552,-0.00073319,0.53702,0.54171,0.62513,0.57898,0.32957,0.47391,0.21424,0.27532,0.59383,0.53521,0.61464,0.5874,0.3875,0.53143,0.49433,0.58104,0.61775,0.61303,0.45235,0.43648,0.37087,0.41298,0.50403,0.41281,0.33981,0.36037,0.50019,0.0017768
0.50732,0.55249,0.63212,0.67685,0.3656,0.36112,0.60303,0.6731,0.31237,0.18417,0.47765,0.41854,0.44524,0.35211,0.46093,0.33105,0.48905,0.43409,0.62817,0.61585,0.4725,0.30957,0.57749,0.54557,0.41898,0.62859,0.41014,0.46921,0.4757,0.43097,0.76159,0.74677,0.82609,0.80585,0.84588,1,0.71684,0.75187,0.4095,0.54438,0.52232,0.43596,0.63977,0.67679,0.56522,0.62483,0.5615,0.56767,0.48488,0.46406,0.33158,0.28693,0.25822,0.33505,0.6035,0.52213,0.52705,0.46449,0.61902,0.53639,0.51883,0.49035,0.5116,0.43162,0.30303,0.48832,0.69225,0.78087,0.51766,0.56523,0.65344,0.6271,0.594,0.54962,0.63091,0.64263,0.79536,0.76674,0.44556,0.45932,0.38996,0.35264,0.14629,0.13384,0.26431,0.21538,0.070759,-0.11644,0.39717,0.40676,0.69441,0.59236,0.3149,0.38032,0.28634,0.39998,0.61979,0.59764,0.70217,0.65796,0.42515,0.4743,0.53822,0.62148,0.66095,0.63314,0.44497,0.5781,0.44063,0.42572,0.5965,0.48892,0.39952,0.3237,0.53092,-0.013913
0.61963,0.63718,0.59967,0.6178,0.37269,0.39653,0.59731,0.64923,0.28784,0.18103,0.56294,0.59584,0.54941,0.50969,0.606,0.51875,0.65044,0.5699,0.66946,0.66712,0.42898,0.3745,0.59332,0.58584,0.50634,0.61361,0.49196,0.52085,0.6535,0.6035,0.69917,0.72142,0.72547,0.712,0.70219,0.71684,1,0.86601,0.70809,0.75562,0.74022,0.63298,0.62883,0.6591,0.58445,0.60663,0.60532,0.58693,0.54419,0.49625,0.4026,0.36566,0.30865,0.42001,0.79457,0.67449,0.64692,0.57701,0.58873,0.48559,0.55521,0.42189,0.62511,0.56424,0.35318,0.45211,0.63612,0.65881,0.59948,0.5607,0.72225,0.72536,0.60385,0.58381,0.62836,0.66402,0.74802,0.7357,0.52784,0.56405,0.60738,0.56602,0.43081,0.41302,0.44499,0.45733,0.26333,0.084553,0.59389,0.52809,0.57663,0.47346,0.15449,0.21864,0.47602,0.55558,0.77253,0.76432,0.70969,0.66141,0.31648,0.33397,0.53643,0.58619,0.76141,0.70725,0.43373,0.55477,0.4702,0.60912,0.58129,0.46055,0.30801,0.33796,0.56157,0.12254
0.48049,0.53894,0.4966,0.51793,0.30434,0.38368,0.45944,0.5394,0.24083,0.14207,0.39786,0.50423,0.42552,0.41163,0.45418,0.44301,0.49671,0.47777,0.58462,0.59628,0.37283,0.35752,0.46939,0.46398,0.42449,0.54582,0.38755,0.44498,0.5015,0.54988,0.6382,0.65917,0.70959,0.71472,0.66896,0.75187,0.86601,1,0.64341,0.76764,0.66991,0.69374,0.58999,0.6098,0.54273,0.56802,0.57087,0.56545,0.5012,0.46335,0.41855,0.38057,0.34997,0.42241,0.72218,0.60424,0.5122,0.48039,0.55275,0.48481,0.4491,0.3795,0.58325,0.55659,0.28692,0.39626,0.59194,0.64349,0.48535,0.48582,0.63389,0.62799,0.53977,0.5635,0.62654,0.67354,0.76365,0.75429,0.42311,0.46101,0.4769,0.45506,0.29516,0.33464,0.3322,0.38588,0.18248,0.016118,0.49163,0.48881,0.66067,0.58747,0.26797,0.28975,0.37794,0.51062,0.71062,0.71263,0.75205,0.7157,0.46931,0.39471,0.64657,0.62893,0.74706,0.69031,0.57455,0.59114,0.44287,0.51884,0.63217,0.54634,0.37474,0.40236,0.56952,0.060131
0.29727,0.32865,0.2277,0.19566,0.19176,0.33995,0.22462,0.22353,0.046777,-0.063108,0.14658,0.29174,0.22006,0.18492,0.33588,0.34573,0.37125,0.34207,0.33339,0.30622,0.19887,0.38248,0.2407,0.26793,0.3307,0.29449,0.27775,0.30272,0.28396,0.27825,0.2695,0.32927,0.36395,0.35268,0.3613,0.4095,0.70809,0.64341,1,0.78674,0.61153,0.57051,0.36011,0.37683,0.4079,0.38156,0.39442,0.40935,0.36396,0.35969,0.39091,0.33768,0.20173,0.32064,0.63339,0.56337,0.35221,0.33723,0.33878,0.24912,0.27497,0.15675,0.41973,0.38274,0.27259,0.27576,0.40388,0.40805,0.26563,0.20771,0.33484,0.32701,0.21948,0.25969,0.33636,0.36811,0.44943,0.3981,0.24742,0.27303,0.39102,0.36291,0.45658,0.4116,0.42344,0.49178,0.55342,0.37249,0.5122,0.45782,0.28608,0.35253,-0.036275,0.04891,0.254,0.45118,0.64175,0.61209,0.49489,0.50584,0.18183,0.073489,0.41892,0.4028,0.55413,0.5998,0.4877,0.57597,0.30731,0.4372,0.42115,0.25419,0.20003,0.11738,0.28804,0.026551
0.56363,0.5898,0.52818,0.45834,0.49835,0.52732,0.488,0.48169,0.3563,0.20091,0.3815,0.51607,0.50929,0.43721,0.602,0.6105,0.56113,0.58649,0.58054,0.57645,0.49492,0.60057,0.5239,0.53579,0.54683,0.50488,0.50201,0.47525,0.48877,0.5356,0.45688,0.48974,0.5477,0.52409,0.58975,0.54438,0.75562,0.76764,0.78674,1,0.56411,0.6172,0.61038,0.62747,0.62617,0.62887,0.61276,0.63713,0.5736,0.5768,0.524,0.50824,0.45367,0.4969,0.76248,0.74309,0.57614,0.57592,0.59904,0.50363,0.52538,0.31912,0.63921,0.5945,0.43059,0.44805,0.63177,0.61769,0.44767,0.41138,0.48556,0.49424,0.2973,0.34142,0.40449,0.48486,0.47944,0.42479,0.46151,0.50669,0.61349,0.60089,0.58886,0.5679,0.57863,0.61428,0.54847,0.44454,0.65023,0.60495,0.37013,0.42732,0.10609,0.24359,0.29858,0.44551,0.65958,0.63532,0.54892,0.56657,0.31571,0.32958,0.52805,0.49762,0.59895,0.63947,0.5225,0.42542,0.29689,0.45837,0.38212,0.29002,0.23409,0.25932,0.38785,0.097976
0.38743,0.40748,0.36456,0.43149,0.10693,0.11003,0.35475,0.44909,0.024012,0.0085052,0.39435,0.37496,0.29527,0.29306,0.41222,0.30774,0.47646,0.36379,0.49919,0.50334,0.22595,0.16015,0.3485,0.36179,0.20951,0.35394,0.27099,0.30729,0.49946,0.48257,0.58483,0.60967,0.57876,0.62196,0.44343,0.52232,0.74022,0.66991,0.61153,0.56411,1,0.71804,0.34066,0.38439,0.33394,0.34923,0.3545,0.32871,0.2763,0.23135,0.11625,0.077499,0.012836,0.16546,0.51752,0.4041,0.42515,0.30021,0.32514,0.21923,0.26765,0.26302,0.45963,0.39927,0.12075,0.21091,0.33689,0.38822,0.42821,0.35829,0.5996,0.57699,0.67314,0.65235,0.66978,0.65441,0.60095,0.5694,0.345,0.38201,0.38431,0.31148,0.28044,0.30874,0.19199,0.22011,0.092523,-0.051881,0.33005,0.23341,0.44787,0.30042,0.013856,-0.0091296,0.33315,0.55475,0.60989,0.64002,0.59639,0.51509,0.15241,0.070393,0.35714,0.44815,0.64396,0.59508,0.33331,0.56722,0.47582,0.46462,0.45142,0.34355,0.2351,0.21214,0.4807,0.068295
0.32239,0.39796,0.32362,0.33299,0.21353,0.17814,0.28074,0.38781,0.15738,0.1089,0.26764,0.42554,0.27051,0.30886,0.35641,0.4197,0.37261,0.40721,0.45842,0.48105,0.20369,0.31808,0.30482,0.3259,0.21872,0.29449,0.24952,0.24703,0.42373,0.48314,0.45318,0.48991,0.52553,0.58143,0.37895,0.43596,0.63298,0.69374,0.57051,0.6172,0.71804,1,0.34765,0.36756,0.30912,0.35003,0.35647,0.33819,0.28924,0.26644,0.21883,0.20689,0.20041,0.2478,0.50753,0.41375,0.34857,0.35289,0.35938,0.30937,0.23916,0.23539,0.46551,0.48364,0.09414,0.15971,0.3278,0.36783,0.34016,0.32005,0.53439,0.51779,0.59022,0.64921,0.61033,0.65741,0.53362,0.52477,0.28964,0.32785,0.3695,0.35146,0.34517,0.41059,0.20389,0.28678,0.1528,0.1054,0.31233,0.29667,0.41596,0.3608,0.14041,0.094455,0.23991,0.4218,0.52398,0.57434,0.55737,0.50455,0.35182,0.17826,0.48346,0.44215,0.59593,0.53868,0.48673,0.46876,0.34216,0.36766,0.44911,0.40433,0.2493,0.30631,0.4507,0.12181
0.76637,0.79401,0.76782,0.69044,0.64227,0.6181,0.68964,0.68502,0.56268,0.38481,0.54309,0.61996,0.68761,0.60052,0.71147,0.65006,0.68642,0.69837,0.77432,0.76247,0.45241,0.39626,0.7567,0.71015,0.69034,0.6815,0.62384,0.6078,0.61169,0.58548,0.57618,0.55249,0.72341,0.67247,0.74551,0.63977,0.62883,0.58999,0.36011,0.61038,0.34066,0.34765,1,0.98021,0.90776,0.93147,0.90827,0.92747,0.89306,0.86479,0.74415,0.72239,0.74388,0.74381,0.79497,0.81087,0.78566,0.83062,0.87568,0.8087,0.73549,0.52413,0.77687,0.72899,0.52243,0.55335,0.85851,0.82429,0.64956,0.67032,0.54841,0.5635,0.29213,0.24915,0.36723,0.41715,0.52706,0.50685,0.63091,0.60684,0.73141,0.70062,0.51558,0.51443,0.63311,0.60824,0.30373,0.25372,0.58777,0.63771,0.48149,0.46512,0.37561,0.46552,0.14548,0.11995,0.56976,0.4925,0.53405,0.5498,0.53285,0.58093,0.62169,0.51357,0.51761,0.47839,0.49648,0.22396,0.20759,0.38376,0.44407,0.40176,0.24019,0.3844,0.34436,0.082512
