1,0.86586,0.50176,0.75094,0.50011,0.54889,0.64767,0.74318,0.47044,0.55294,0.83727,0.59402,0.74798,0.70031,0.79119,0.66759,0.65589,0.5867,0.78427,0.76932,0.18618,0.2541,0.59492,0.63421,0.68162,0.46838,0.60991,0.564,0.44334,0.49069,0.43391,0.50473,0.62238,0.66485,0.55139,0.44266,0.54672,0.51082,0.60107,0.56897,0.65347,0.59028,0.75903,0.76949,0.70432,0.76252,0.68792,0.74214,0.74799,0.68092,0.69339,0.70116,0.68286,0.51806,0.65107,0.70643,0.91924,0.79287,0.67897,0.72032,0.71153,0.68825,0.43671,0.33958,0.64039,0.57093,0.59972,0.58502,0.82293,0.70859,0.27364,0.18865,0.52577,0.4584,0.36073,0.24298,0.348,0.38412,0.4394,0.65214,0.70971,0.68047,0.5823,0.6572,0.84018,0.79957,0.62564,0.52782,0.69795,0.77407,0.47654,0.43272,0.15069,0.31375,0.20812,0.040286,0.15422,0.1847,0.19428,0.32684,0.13462,0.2754,0.16234,0.17359,0.13572,0.21575,0.0055897,-0.078491,0.039671,0.069888,-0.049718,0.14654,0.13601,0.075594,0.13936,0.029138
0.86586,1,0.43337,0.67204,0.48391,0.50748,0.57006,0.66846,0.42267,0.47318,0.72864,0.56199,0.67304,0.62314,0.69421,0.63183,0.63533,0.66033,0.72185,0.8012,0.22867,0.25996,0.44785,0.4761,0.50398,0.31744,0.46124,0.44956,0.52859,0.53432,0.32917,0.36841,0.59797,0.64201,0.44131,0.34479,0.47397,0.44283,0.61215,0.57431,0.67841,0.59383,0.7136,0.76693,0.63769,0.73989,0.6828,0.72704,0.67256,0.68646,0.63101,0.67823,0.60418,0.50566,0.60186,0.7077,0.90421,0.8932,0.64686,0.69026,0.63561,0.59374,0.50423,0.41662,0.45234,0.40702,0.48968,0.51944,0.81674,0.74239,0.20154,0.14748,0.51358,0.47661,0.30019,0.26481,0.24011,0.31547,0.33543,0.6483,0.6908,0.72083,0.63207,0.69272,0.68328,0.71069,0.61401,0.5049,0.54886,0.68828,0.35591,0.30009,0.020189,0.14974,0.18022,0.12108,0.080748,0.10983,0.15411,0.25031,0.091108,0.1581,0.14363,0.081058,0.028126,0.083878,-0.01814,-0.080855,0.031076,0.0073178,-0.15248,0.037402,0.050146,-0.0075797,0.012086,0.036771
0.50176,0.43337,1,0.83345,0.61013,0.73396,0.87825,0.78848,0.63131,0.55125,0.55435,0.45849,0.60461,0.52523,0.61056,0.56845,0.39494,0.36794,0.50533,0.52107,0.45081,0.57046,0.75391,0.68651,0.6265,0.66285,0.55018,0.62433,0.48002,0.36656,0.6779,0.62238,0.65188,0.621,0.6069,0.55675,0.50991,0.44346,0.50291,0.50079,0.48363,0.50408,0.63747,0.61913,0.70894,0.60551,0.62617,0.7228,0.55544,0.5056,0.55924,0.47985,0.5186,0.40367,0.68295,0.65193,0.42767,0.43969,0.54288,0.4439,0.43809,0.4831,0.31231,0.31906,0.60919,0.67593,0.76051,0.74821,0.40305,0.45481,0.59823,0.47635,0.50347,0.4594,0.44997,0.4,0.45269,0.36554,0.35724,0.38806,0.46937,0.4843,0.46022,0.39596,0.62976,0.59056,0.52594,0.39037,0.63758,0.5966,0.58508,0.54698,0.37836,0.52541,0.38084,0.15805,0.36154,0.47402,0.43324,0.54082,0.34489,0.56431,0.34888,0.36438,0.39826,0.50214,0.29702,0.22238,0.19632,0.23505,0.18488,0.39605,0.35561,0.35703,0.3737,0.17042
0.75094,0.67204,0.83345,1,0.6137,0.7814,0.85935,0.89622,0.60217,0.65029,0.78892,0.66518,0.72549,0.72528,0.75067,0.75504,0.55402,0.47695,0.58946,0.59214,0.35247,0.5099,0.79071,0.77583,0.69733,0.61482,0.60555,0.64803,0.51072,0.46494,0.61929,0.63871,0.65467,0.65069,0.60599,0.4774,0.58563,0.49909,0.61422,0.58815,0.61944,0.59911,0.73301,0.7426,0.72443,0.7045,0.68841,0.80619,0.6341,0.59927,0.59377,0.58,0.64451,0.5262,0.64903,0.73852,0.6954,0.63112,0.56513,0.55062,0.58118,0.62155,0.39099,0.39163,0.66141,0.67509,0.6979,0.6786,0.61588,0.62413,0.55224,0.45053,0.59946,0.57675,0.50728,0.32318,0.4696,0.44943,0.40593,0.55518,0.62968,0.62796,0.61484,0.60173,0.79343,0.78422,0.64676,0.52644,0.71295,0.76165,0.60878,0.54196,0.32545,0.46953,0.38062,0.19437,0.24691,0.35371,0.29335,0.42075,0.25078,0.4844,0.26726,0.32901,0.33498,0.42636,0.19426,0.1387,0.16396,0.13764,0.020003,0.27601,0.23612,0.20709,0.31771,0.10865
0.50011,0.48391,0.61013,0.6137,1,0.83781,0.64699,0.60038,0.74403,0.61245,0.44788,0.43869,0.61093,0.4574,0.61842,0.45856,0.4439,0.38242,0.2377,0.38166,0.4605,0.39873,0.39237,0.36799,0.30827,0.18825,0.46256,0.53023,0.32101,0.31602,0.12142,0.09791,0.51601,0.39175,0.57289,0.43774,0.49544,0.33494,0.46572,0.48364,0.41365,0.41397,0.45083,0.51287,0.50664,0.46031,0.38507,0.53699,0.43511,0.40806,0.52532,0.38825,0.49674,0.352,0.4654,0.59068,0.41565,0.51033,0.58244,0.52382,0.53513,0.45924,0.38738,0.3689,0.56771,0.54031,0.54694,0.52402,0.4071,0.46878,0.28802,0.24179,0.29954,0.28641,0.22336,0.20238,0.27566,0.22268,0.33225,0.37157,0.51245,0.47862,0.37691,0.41925,0.59655,0.57222,0.48868,0.51004,0.66585,0.69299,0.43775,0.41055,0.27953,0.42107,0.26009,0.0051868,0.11824,0.24954,0.20417,0.34488,0.29752,0.39486,0.26337,0.30767,0.18875,0.33255,0.15916,0.30269,0.2368,0.090305,0.084256,0.28168,0.25875,0.24947,0.2294,0.099859
0.54889,0.50748,0.73396,0.7814,0.83781,1,0.74858,0.73251,0.69916,0.68285,0.59263,0.48835,0.62163,0.50756,0.66655,0.56459,0.54687,0.49639,0.36836,0.48107,0.43822,0.47712,0.56664,0.52942,0.44194,0.34729,0.47448,0.62201,0.48084,0.45878,0.31075,0.32443,0.63094,0.54562,0.58591,0.45535,0.55146,0.37019,0.55395,0.5226,0.54596,0.48284,0.54337,0.59847,0.58252,0.56649,0.47974,0.65682,0.49628,0.49042,0.53097,0.46698,0.59175,0.44922,0.51613,0.67342,0.49561,0.5387,0.53608,0.54695,0.53431,0.52811,0.44624,0.46295,0.58087,0.59195,0.59368,0.58692,0.39124,0.4964,0.46278,0.3735,0.4679,0.41959,0.35253,0.28335,0.3709,0.26995,0.41364,0.45551,0.60032,0.56099,0.49901,0.55026,0.67698,0.63964,0.55031,0.54,0.68842,0.73863,0.54417,0.50727,0.3194,0.46238,0.29443,0.055771,0.17489,0.31618,0.29002,0.45401,0.34308,0.47773,0.34834,0.38882,0.26938,0.40404,0.2326,0.28681,0.21079,0.060445,0.086909,0.33174,0.29403,0.28455,0.28034,0.046447
0.64767,0.57006,0.87825,0.85935,0.64699,0.74858,1,0.9187,0.80618,0.73232,0.73678,0.65283,0.80103,0.68573,0.63629,0.52938,0.58171,0.56131,0.56547,0.60594,0.15353,0.31699,0.63056,0.5862,0.56642,0.51485,0.44885,0.48997,0.57598,0.53073,0.58685,0.56979,0.78639,0.72408,0.55406,0.46786,0.35293,0.26798,0.40093,0.36098,0.45593,0.46941,0.61053,0.66413,0.67442,0.66505,0.67665,0.73796,0.62072,0.59949,0.62959,0.55746,0.61391,0.46651,0.6116,0.65153,0.59143,0.58303,0.67567,0.6555,0.66046,0.72126,0.51662,0.54509,0.6769,0.72484,0.68398,0.70635,0.47977,0.51324,0.45882,0.34019,0.64062,0.5672,0.43734,0.43648,0.4328,0.3459,0.45934,0.5499,0.65263,0.68079,0.48324,0.55978,0.75489,0.68582,0.4783,0.31281,0.75339,0.72329,0.50829,0.50055,0.2423,0.42776,0.20664,0.051935,0.21888,0.30272,0.37901,0.46767,0.3365,0.51295,0.32986,0.30277,0.20835,0.30213,0.17119,0.097846,0.071126,0.056015,-0.0087969,0.24871,0.21221,0.18906,0.17507,0.038501
0.74318,0.66846,0.78848,0.89622,0.60038,0.73251,0.9187,1,0.71306,0.78496,0.83961,0.7589,0.83945,0.81292,0.71012,0.64698,0.6396,0.59126,0.65516,0.67882,0.12302,0.26254,0.65582,0.66013,0.60526,0.51012,0.47497,0.47007,0.63181,0.61639,0.60735,0.64677,0.77199,0.76961,0.53168,0.43401,0.41532,0.3181,0.44916,0.40622,0.56192,0.53293,0.66538,0.69169,0.69615,0.71143,0.71008,0.75258,0.68207,0.64437,0.6501,0.62509,0.62426,0.45611,0.63934,0.66556,0.70065,0.61255,0.67986,0.67707,0.68371,0.77181,0.55398,0.57227,0.60066,0.71461,0.63705,0.68198,0.57309,0.5856,0.47538,0.38643,0.67687,0.6305,0.49994,0.45452,0.44249,0.40039,0.41497,0.55636,0.68458,0.69045,0.53705,0.64867,0.77732,0.73534,0.53027,0.32493,0.76824,0.75476,0.52659,0.46313,0.22775,0.36195,0.2366,0.067617,0.20098,0.25286,0.36259,0.42139,0.32484,0.47459,0.3252,0.31468,0.21739,0.2846,0.1835,0.024881,0.046548,0.052714,-0.031333,0.2141,0.18745,0.13997,0.14314,0.03252
0.47044,0.42267,0.63131,0.60217,0.74403,0.69916,0.80618,0.71306,1,0.69682,0.48431,0.51212,0.67199,0.50752,0.5391,0.36582,0.50878,0.52366,0.28272,0.38836,0.081767,0.15059,0.32647,0.25186,0.28956,0.25241,0.2352,0.34435,0.43173,0.48053,0.2951,0.27145,0.7425,0.5806,0.49668,0.3777,0.20135,0.063157,0.24702,0.20268,0.30397,0.25825,0.42115,0.55401,0.46266,0.51129,0.50806,0.55927,0.44184,0.41049,0.51098,0.38139,0.49684,0.35588,0.4486,0.53072,0.43085,0.51133,0.58992,0.63922,0.62761,0.69505,0.53217,0.60126,0.6264,0.66027,0.491,0.53652,0.34651,0.39637,0.33598,0.24343,0.48507,0.40588,0.27674,0.41733,0.41658,0.3295,0.51144,0.5109,0.59316,0.58188,0.33845,0.50652,0.64197,0.55241,0.39235,0.23457,0.70807,0.68972,0.39564,0.41553,0.23034,0.40884,0.15001,0.014496,0.17522,0.27912,0.37016,0.41722,0.43819,0.44777,0.38702,0.36921,0.14832,0.28522,0.17312,0.22339,0.15302,0.0052335,0.026347,0.2875,0.20477,0.25804,0.17304,0.06486
0.55294,0.47318,0.55125,0.65029,0.61245,0.68285,0.73232,0.78496,0.69682,1,0.6548,0.66557,0.72478,0.66371,0.52002,0.4365,0.52177,0.50332,0.4508,0.51188,-0.049487,0.005685,0.37076,0.37316,0.30641,0.18549,0.27651,0.24277,0.53287,0.58153,0.3014,0.3456,0.59732,0.56276,0.34293,0.21514,0.17815,0.09359,0.14505,0.12427,0.34552,0.31,0.44152,0.50431,0.46921,0.5066,0.51367,0.52521,0.56538,0.51288,0.59156,0.54625,0.55019,0.44327,0.44925,0.51605,0.46669,0.44788,0.6033,0.60548,0.57159,0.67737,0.54645,0.62693,0.41675,0.56104,0.39633,0.42587,0.41166,0.46905,0.3391,0.29799,0.56097,0.50504,0.39293,0.39373,0.35302,0.30364,0.34334,0.41289,0.59606,0.55639,0.27958,0.51183,0.63317,0.55999,0.39047,0.173,0.66597,0.64731,0.42922,0.3992,0.18304,0.27148,-0.0089193,-0.11805,0.05782,0.0791,0.32344,0.39167,0.39018,0.38238,0.37415,0.31404,0.094659,0.10827,0.18244,0.042187,-0.073562,-0.083547,0.00034501,0.16027,0.21584,0.17388,0.057315,-0.10014
0.83727,0.72864,0.55435,0.78892,0.44788,0.59263,0.73678,0.83961,0.48431,0.6548,1,0.80033,0.86156,0.84722,0.73072,0.69673,0.73673,0.6114,0.66152,0.6556,0.042543,0.22098,0.603,0.65097,0.59258,0.40762,0.48036,0.4549,0.64919,0.63399,0.48681,0.56039,0.60921,0.64089,0.4314,0.3182,0.44003,0.35671,0.47563,0.45532,0.61774,0.57835,0.6274,0.65583,0.60003,0.6751,0.63861,0.67602,0.65866,0.63941,0.61861,0.6442,0.62835,0.44449,0.58174,0.62813,0.7836,0.66231,0.61839,0.63891,0.71644,0.67525,0.53301,0.4682,0.50271,0.49139,0.48193,0.50655,0.62259,0.59307,0.31348,0.25318,0.59992,0.50924,0.44824,0.29927,0.35555,0.35644,0.45572,0.63981,0.77435,0.74983,0.57883,0.72815,0.78522,0.77768,0.5284,0.40772,0.70541,0.71481,0.41266,0.33417,0.10247,0.24054,0.22574,0.12846,0.073512,0.12784,0.18974,0.26235,0.1732,0.31268,0.20288,0.20614,0.093057,0.17169,0.047503,-0.091233,0.022328,0.027753,-0.14066,0.095525,0.021768,0.070798,0.085414,-0.049205
0.59402,0.56199,0.45849,0.66518,0.43869,0.48835,0.65283,0.7589,0.51212,0.66557,0.80033,1,0.84364,0.92301,0.59273,0.67269,0.57961,0.4849,0.37701,0.42617,-0.062933,0.058948,0.42561,0.45678,0.35172,0.19119,0.29996,0.27748,0.54362,0.56741,0.31945,0.36607,0.44671,0.44011,0.20941,0.095729,0.23206,0.11247,0.23472,0.24167,0.44008,0.39419,0.40377,0.45551,0.37059,0.49248,0.50083,0.47605,0.51754,0.55021,0.55596,0.59245,0.56903,0.36197,0.45199,0.51253,0.55144,0.48926,0.48902,0.55468,0.66492,0.68396,0.5692,0.54923,0.33989,0.41965,0.24696,0.33695,0.39505,0.43062,0.25863,0.21513,0.47283,0.44198,0.37295,0.3041,0.26052,0.27151,0.32648,0.46677,0.58978,0.6389,0.34209,0.61347,0.61689,0.71455,0.36069,0.23789,0.66238,0.61491,0.35277,0.20411,0.12852,0.14287,0.09143,0.022318,-0.038081,0.018996,0.13778,0.13096,0.27601,0.26808,0.16969,0.1169,0.024991,0.0099841,-0.0083286,-0.10514,0.0068638,-0.11642,-0.19347,0.00725,-0.08012,-0.013845,-0.061639,-0.13334
0.74798,0.67304,0.60461,0.72549,0.61093,0.62163,0.80103,0.83945,0.67199,0.72478,0.86156,0.84364,1,0.88827,0.72793,0.63601,0.63522,0.55831,0.53126,0.57221,0.10218,0.17433,0.44372,0.47779,0.46608,0.2984,0.43248,0.42072,0.6023,0.57596,0.3559,0.38185,0.61608,0.57551,0.41649,0.28707,0.38471,0.28625,0.42363,0.4137,0.55066,0.50841,0.54916,0.59004,0.5431,0.62982,0.57203,0.58752,0.63,0.6327,0.68458,0.64157,0.61895,0.3655,0.60061,0.61191,0.64572,0.61046,0.70498,0.69969,0.82199,0.75998,0.5824,0.52705,0.53128,0.55977,0.45938,0.52625,0.51457,0.5043,0.21078,0.16156,0.54327,0.41836,0.37335,0.31891,0.27912,0.2632,0.41818,0.58187,0.67966,0.70793,0.45661,0.63041,0.72064,0.72178,0.41642,0.31102,0.78686,0.73328,0.36719,0.29329,0.084206,0.23314,0.097316,0.033674,0.031396,0.10612,0.18142,0.22976,0.26531,0.34228,0.19021,0.17876,0.068113,0.099746,-0.018349,-0.04878,0.051227,-0.035415,-0.14943,0.080554,0.0089443,0.028911,0.010975,-0.088058
0.70031,0.62314,0.52523,0.72528,0.4574,0.50756,0.68573,0.81292,0.50752,0.66371,0.84722,0.92301,0.88827,1,0.71682,0.75263,0.57199,0.462,0.49357,0.49693,0.043309,0.13654,0.54093,0.57623,0.53054,0.35174,0.46258,0.40946,0.52968,0.54125,0.44898,0.50638,0.4737,0.49588,0.30479,0.21229,0.37149,0.2726,0.35711,0.3438,0.54394,0.47667,0.52429,0.52975,0.49393,0.58022,0.55813,0.54526,0.59416,0.57714,0.56417,0.60382,0.55374,0.35924,0.50221,0.52401,0.6412,0.51389,0.51231,0.55292,0.65975,0.71193,0.46514,0.45708,0.42818,0.49716,0.35831,0.40426,0.50339,0.45116,0.29746,0.27809,0.50298,0.45368,0.4094,0.31596,0.26584,0.32127,0.36535,0.48696,0.58275,0.60347,0.44801,0.62247,0.66466,0.73741,0.4289,0.27937,0.68134,0.644,0.41786,0.27335,0.16731,0.20549,0.10508,0.062163,0.048985,0.10465,0.16064,0.18354,0.24125,0.2913,0.15492,0.15952,0.1024,0.13339,0.0043222,-0.07191,-0.0045601,-0.040984,-0.13496,0.063707,0.016104,0.037219,0.039503,-0.071868
0.79119,0.69421,0.61056,0.75067,0.61842,0.66655,0.63629,0.71012,0.5391,0.52002,0.73072,0.59273,0.72793,0.71682,1,0.82604,0.52947,0.45693,0.55796,0.58362,0.43273,0.43202,0.67003,0.64905,0.67912,0.49578,0.70007,0.71155,0.3969,0.38848,0.46378,0.48538,0.55501,0.57315,0.55098,0.47565,0.63942,0.51805,0.59648,0.5767,0.6686,0.54602,0.66081,0.67318,0.64254,0.65785,0.57788,0.68975,0.54523,0.51107,0.55037,0.49134,0.56299,0.3962,0.60116,0.6364,0.70491,0.63591,0.48365,0.54637,0.58767,0.57721,0.36518,0.31926,0.67825,0.57721,0.57122,0.5576,0.61974,0.57303,0.43989,0.37911,0.39887,0.32038,0.33164,0.25453,0.39581,0.42107,0.42986,0.52197,0.57326,0.56935,0.65539,0.60541,0.80697,0.81016,0.68001,0.61313,0.7391,0.78345,0.65931,0.58454,0.45372,0.55847,0.37132,0.13307,0.34385,0.39887,0.33656,0.44451,0.27015,0.47045,0.24108,0.34587,0.3601,0.45362,0.15747,0.23559,0.1798,0.19244,0.18754,0.39487,0.30692,0.31798,0.38404,0.1079
0.66759,0.63183,0.56845,0.75504,0.45856,0.56459,0.52938,0.64698,0.36582,0.4365,0.69673,0.67269,0.63601,0.75263,0.82604,1,0.47124,0.35235,0.47212,0.47564,0.4687,0.50621,0.72361,0.72849,0.66733,0.54666,0.64969,0.68074,0.43751,0.39792,0.55449,0.57194,0.41492,0.47715,0.52841,0.44898,0.63624,0.52474,0.59541,0.60895,0.67713,0.54087,0.63301,0.60691,0.57046,0.57071,0.55183,0.64241,0.45468,0.41066,0.4441,0.45938,0.47031,0.31796,0.56974,0.59391,0.6137,0.51539,0.31906,0.31494,0.43237,0.43545,0.27494,0.22989,0.48015,0.48686,0.51016,0.49807,0.54563,0.48087,0.45589,0.39818,0.33883,0.33269,0.3882,0.27636,0.42932,0.49104,0.36548,0.46987,0.48553,0.49367,0.64496,0.61222,0.6403,0.75521,0.6321,0.59539,0.56943,0.62905,0.65151,0.49302,0.45734,0.46513,0.43823,0.26789,0.35847,0.44247,0.2982,0.34944,0.29249,0.3961,0.24612,0.29542,0.4197,0.46277,0.20432,0.23978,0.28316,0.30696,0.24182,0.35346,0.29227,0.32128,0.40358,0.16045
0.65589,0.63533,0.39494,0.55402,0.4439,0.54687,0.58171,0.6396,0.50878,0.52177,0.73673,0.57961,0.63522,0.57199,0.52947,0.47124,1,0.82909,0.56462,0.67634,-0.048675,0.069202,0.29488,0.32872,0.27302,0.16956,0.16269,0.25525,0.76333,0.82881,0.28099,0.36381,0.68034,0.6818,0.34086,0.34113,0.2852,0.12993,0.31808,0.25449,0.49308,0.41625,0.49268,0.58194,0.44437,0.58569,0.56546,0.59526,0.49118,0.54121,0.54667,0.54599,0.59273,0.43365,0.46013,0.54805,0.6927,0.70328,0.63025,0.65223,0.65383,0.5525,0.72446,0.61118,0.31811,0.3088,0.32704,0.38225,0.51733,0.55504,0.35037,0.3282,0.60742,0.52516,0.46941,0.37106,0.40052,0.35498,0.73342,0.80205,0.90378,0.81961,0.50536,0.78229,0.58457,0.53018,0.3496,0.2363,0.57914,0.53732,0.29788,0.27441,0.039461,0.2134,0.12796,0.050209,0.10082,0.17869,0.31375,0.3452,0.2971,0.27212,0.37628,0.26402,0.066989,0.11045,0.19221,0.010546,-0.043647,-0.005906,-0.042382,0.20214,0.10421,0.13098,-0.013948,-0.082046
0.5867,0.66033,0.36794,0.47695,0.38242,0.49639,0.56131,0.59126,0.52366,0.50332,0.6114,0.4849,0.55831,0.462,0.45693,0.35235,0.82909,1,0.54457,0.73559,-0.10338,-0.021057,0.12939,0.12895,0.18755,0.13048,0.034659,0.11657,0.74048,0.84619,0.21564,0.26118,0.7301,0.7351,0.29133,0.28514,0.11532,-0.011639,0.22593,0.15518,0.35576,0.32896,0.50733,0.64427,0.44358,0.65134,0.62188,0.6412,0.53014,0.62299,0.61284,0.62373,0.63336,0.54637,0.4531,0.58631,0.67646,0.79775,0.59342,0.73442,0.7076,0.62325,0.82217,0.80406,0.30229,0.24837,0.25693,0.37002,0.46623,0.55381,0.32203,0.2431,0.59346,0.48939,0.33838,0.38778,0.34345,0.32345,0.52734,0.79727,0.86008,0.88685,0.46926,0.7731,0.58092,0.48853,0.28118,0.14371,0.56585,0.54751,0.22836,0.197,-0.10799,0.07927,0.077068,-0.038171,0.096369,0.11635,0.34939,0.38935,0.24953,0.19314,0.35453,0.19648,-0.11242,0.0054175,0.13505,-0.0658,-0.024598,0.045209,-0.13058,0.11087,0.0020389,0.053585,-0.13845,-0.14797
0.78427,0.72185,0.50533,0.58946,0.2377,0.36836,0.56547,0.65516,0.28272,0.4508,0.66152,0.37701,0.53126,0.49357,0.55796,0.47212,0.56462,0.54457,1,0.8905,0.10852,0.22749,0.49551,0.51693,0.56003,0.47362,0.3914,0.31967,0.54945,0.51546,0.60496,0.65213,0.66748,0.77088,0.39655,0.44494,0.35781,0.40052,0.44616,0.37679,0.60635,0.54697,0.63811,0.62593,0.65296,0.63337,0.65234,0.67457,0.66017,0.60716,0.53347,0.58458,0.44798,0.44596,0.57571,0.5235,0.77519,0.60484,0.61366,0.5709,0.45957,0.4998,0.37202,0.29001,0.39291,0.43779,0.55552,0.55562,0.76136,0.6634,0.36745,0.27561,0.62701,0.58238,0.44998,0.40442,0.2994,0.35272,0.30088,0.49491,0.57015,0.54462,0.47922,0.52127,0.58653,0.47578,0.4606,0.20037,0.47442,0.50213,0.42158,0.45279,0.11341,0.23803,0.083258,0.023642,0.3094,0.19005,0.36267,0.43156,0.16125,0.30925,0.25863,0.23471,0.14705,0.14123,0.15821,-0.14182,-0.15194,0.063068,0.077046,0.18079,0.27076,0.10418,0.042837,0.0064918
0.76932,0.8012,0.52107,0.59214,0.38166,0.48107,0.60594,0.67882,0.38836,0.51188,0.6556,0.42617,0.57221,0.49693,0.58362,0.47564,0.67634,0.73559,0.8905,1,0.12868,0.17515,0.41799,0.42702,0.47653,0.38239,0.34087,0.31522,0.66365,0.67835,0.50114,0.54438,0.74652,0.84937,0.41282,0.45598,0.3533,0.31294,0.4302,0.37758,0.59688,0.55164,0.60746,0.65321,0.63041,0.67141,0.66294,0.7207,0.65249,0.67235,0.62671,0.67586,0.54638,0.49194,0.62967,0.62138,0.80818,0.71825,0.70635,0.70237,0.58905,0.5966,0.56164,0.48486,0.38451,0.41273,0.51757,0.56088,0.75306,0.72787,0.39357,0.32212,0.64123,0.60103,0.46805,0.44683,0.3938,0.42165,0.32402,0.57895,0.6706,0.70061,0.53344,0.66451,0.6228,0.54053,0.49809,0.28929,0.57555,0.59559,0.44568,0.44713,0.10482,0.25825,0.13399,0.024364,0.30086,0.2655,0.46645,0.50798,0.27425,0.36785,0.38172,0.29254,0.11356,0.15729,0.22226,-0.11304,-0.069264,0.11779,0.076798,0.21422,0.28705,0.12197,0.0015339,-0.015767
0.18618,0.22867,0.45081,0.35247,0.4605,0.43822,0.15353,0.12302,0.081767,-0.049487,0.042543,-0.062933,0.10218,0.043309,0.43273,0.4687,-0.048675,-0.10338,0.10852,0.12868,1,0.81361,0.46717,0.43972,0.46552,0.45948,0.62152,0.68604,0.04281,-0.12676,0.26354,0.18522,0.10142,0.091118,0.52274,0.50579,0.77132,0.72282,0.71738,0.76547,0.53881,0.46207,0.39481,0.3207,0.4264,0.23526,0.18974,0.3499,0.11196,0.091407,0.13162,0.080412,0.037309,-0.040145,0.38952,0.3443,0.096272,0.15486,0.069281,-0.071771,-0.048977,-0.11391,-0.18288,-0.29769,0.30352,0.28657,0.52738,0.44427,0.2404,0.17824,0.27847,0.19844,-0.0384,-0.031283,0.12991,0.046918,0.191,0.21353,0.011861,0.070127,0.0038169,-0.018225,0.44363,0.10619,0.17931,0.22547,0.48681,0.63912,0.17397,0.2539,0.41043,0.32136,0.38085,0.42358,0.49262,0.28658,0.34397,0.4736,0.10742,0.19747,0.13747,0.30407,0.10638,0.21327,0.48089,0.56101,0.17164,0.40913,0.45919,0.44087,0.34604,0.35184,0.36387,0.30891,0.46886,0.37307
0.2541,0.25996,0.57046,0.5099,0.39873,0.47712,0.31699,0.26254,0.15059,0.005685,0.22098,0.058948,0.17433,0.13654,0.43202,0.50621,0.069202,-0.021057,0.22749,0.17515,0.81361,1,0.63256,0.59571,0.58187,0.62445,0.64828,0.73021,0.16566,-0.02048,0.50708,0.42794,0.23604,0.2222,0.58779,0.58066,0.76718,0.7346,0.73963,0.77664,0.58613,0.62176,0.45576,0.39155,0.49719,0.30426,0.2849,0.43245,0.18641,0.20722,0.19899,0.12964,0.17624,0.10831,0.42656,0.37463,0.19849,0.21032,0.15182,0.015267,0.026825,-0.026784,-0.1651,-0.26025,0.40577,0.37808,0.65581,0.5797,0.28184,0.21526,0.45835,0.37585,0.19772,0.21019,0.33944,0.12083,0.19138,0.20288,0.07793,0.15826,0.11022,0.096828,0.50574,0.18602,0.27579,0.3029,0.46828,0.53747,0.20659,0.29437,0.46029,0.36563,0.36147,0.43873,0.43853,0.28872,0.29675,0.38258,0.054063,0.15794,0.08335,0.35695,0.07292,0.22935,0.41997,0.56738,0.20876,0.33407,0.30487,0.30983,0.1929,0.25641,0.25599,0.2643,0.45908,0.18715
0.59492,0.44785,0.75391,0.79071,0.39237,0.56664,0.63056,0.65582,0.32647,0.37076,0.603,0.42561,0.44372,0.54093,0.67003,0.72361,0.29488,0.12939,0.49551,0.41799,0.46717,0.63256,1,0.95839,0.87232,0.81623,0.80116,0.79469,0.24048,0.15614,0.77243,0.78127,0.40613,0.47523,0.65292,0.59446,0.69011,0.64184,0.57927,0.58786,0.58158,0.53061,0.66989,0.56861,0.70398,0.54376,0.56491,0.64189,0.49324,0.35808,0.34688,0.33498,0.39104,0.29648,0.53023,0.5182,0.51054,0.34135,0.2692,0.2026,0.18728,0.30112,-0.023882,-0.058954,0.6205,0.64128,0.76127,0.65628,0.49598,0.37875,0.58774,0.52553,0.36183,0.39381,0.43778,0.28774,0.44654,0.42622,0.31435,0.25926,0.30966,0.2629,0.52956,0.34253,0.6394,0.67378,0.68612,0.59501,0.45449,0.52615,0.69728,0.61327,0.56454,0.60612,0.45951,0.21853,0.39723,0.47802,0.31185,0.42239,0.20495,0.48121,0.19932,0.30468,0.51716,0.6526,0.25651,0.27043,0.19117,0.28502,0.26358,0.4071,0.40045,0.36661,0.55518,0.25791
0.63421,0.4761,0.68651,0.77583,0.36799,0.52942,0.5862,0.66013,0.25186,0.37316,0.65097,0.45678,0.47779,0.57623,0.64905,0.72849,0.32872,0.12895,0.51693,0.42702,0.43972,0.59571,0.95839,1,0.86279,0.79967,0.80938,0.781,0.25625,0.17403,0.73744,0.77548,0.36762,0.46345,0.67443,0.59576,0.71269,0.69346,0.60836,0.61819,0.57449,0.54249,0.69134,0.56021,0.7092,0.55135,0.54434,0.60298,0.4871,0.35522,0.34292,0.33754,0.3597,0.21711,0.51294,0.46849,0.52432,0.33571,0.28156,0.19223,0.22495,0.30904,-0.0080599,-0.077074,0.5906,0.63203,0.75264,0.66208,0.49312,0.35139,0.54158,0.47653,0.36559,0.40817,0.45929,0.27759,0.42035,0.40795,0.33301,0.29342,0.32544,0.2657,0.54285,0.35515,0.60289,0.66067,0.63092,0.58601,0.41915,0.49541,0.64055,0.53405,0.5009,0.53492,0.443,0.18809,0.34138,0.4003,0.23247,0.32706,0.15686,0.41042,0.15041,0.21644,0.49668,0.59868,0.24604,0.20764,0.20805,0.31109,0.23579,0.34343,0.33783,0.27717,0.52221,0.24867
0.68162,0.50398,0.6265,0.69733,0.30827,0.44194,0.56642,0.60526,0.28956,0.30641,0.59258,0.35172,0.46608,0.53054,0.67912,0.66733,0.27302,0.18755,0.56003,0.47653,0.46552,0.58187,0.87232,0.86279,1,0.87556,0.88421,0.80654,0.20462,0.16512,0.78273,0.78233,0.44427,0.50819,0.66483,0.63377,0.67506,0.69274,0.62327,0.61722,0.60543,0.53987,0.7464,0.64786,0.79964,0.64531,0.65662,0.6868,0.59482,0.46093,0.43299,0.41639,0.38289,0.2646,0.55951,0.50321,0.57971,0.39466,0.32614,0.28379,0.26436,0.38115,-0.045868,-0.090731,0.68174,0.68587,0.81299,0.71633,0.60174,0.40227,0.50455,0.43154,0.3814,0.39544,0.42845,0.2891,0.37995,0.42263,0.32261,0.35741,0.33724,0.30552,0.59506,0.40163,0.67982,0.67149,0.65644,0.573,0.44385,0.5267,0.61056,0.52958,0.41708,0.5306,0.40347,0.15716,0.42092,0.4624,0.25635,0.37784,0.12018,0.41509,0.11039,0.24501,0.4308,0.58854,0.1282,0.16062,0.18265,0.38028,0.20019,0.30281,0.32113,0.26496,0.43405,0.23767
0.46838,0.31744,0.66285,0.61482,0.18825,0.34729,0.51485,0.51012,0.25241,0.18549,0.40762,0.19119,0.2984,0.35174,0.49578,0.54666,0.16956,0.13048,0.47362,0.38239,0.45948,0.62445,0.81623,0.79967,0.87556,1,0.74102,0.72669,0.16137,0.10373,0.83807,0.83247,0.43132,0.5029,0.67146,0.70845,0.60631,0.64198,0.50615,0.51105,0.47663,0.40969,0.70483,0.57525,0.72998,0.5317,0.6138,0.6072,0.44538,0.29743,0.32762,0.26198,0.25766,0.17076,0.5027,0.38898,0.40496,0.26294,0.21582,0.10788,0.11635,0.23734,-0.12963,-0.16422,0.60162,0.64675,0.79329,0.71617,0.42995,0.27532,0.59946,0.5277,0.35591,0.38688,0.47881,0.35051,0.4202,0.44457,0.30702,0.31231,0.22585,0.18221,0.44294,0.21251,0.48494,0.43954,0.49576,0.35543,0.30951,0.32524,0.61394,0.56324,0.48727,0.58429,0.39661,0.12517,0.55508,0.55495,0.39413,0.4445,0.21254,0.48303,0.19862,0.35355,0.53378,0.67065,0.30362,0.26317,0.18415,0.42585,0.3285,0.43979,0.41058,0.34611,0.51969,0.26826
0.60991,0.46124,0.55018,0.60555,0.46256,0.47448,0.44885,0.47497,0.2352,0.27651,0.48036,0.29996,0.43248,0.46258,0.70007,0.64969,0.16269,0.034659,0.3914,0.34087,0.62152,0.64828,0.80116,0.80938,0.88421,0.74102,1,0.88089,0.060282,0.0094593,0.58786,0.56491,0.24889,0.30422,0.64613,0.59907,0.76724,0.77536,0.64605,0.69446,0.57304,0.53913,0.63355,0.53335,0.6798,0.50139,0.48677,0.52669,0.47673,0.37377,0.39691,0.34542,0.34039,0.20361,0.49842,0.45059,0.46297,0.32803,0.26793,0.20634,0.20922,0.24627,-0.12917,-0.21511,0.62789,0.59301,0.74263,0.62437,0.52468,0.35928,0.36315,0.33957,0.17154,0.19494,0.27924,0.074875,0.22815,0.29232,0.20645,0.23282,0.22171,0.1974,0.50548,0.29678,0.58407,0.62638,0.58886,0.66952,0.38024,0.49862,0.59205,0.49809,0.46932,0.5268,0.35136,0.034609,0.33264,0.37526,0.10766,0.26128,0.048417,0.35702,0.018255,0.16977,0.43296,0.54975,0.066084,0.21548,0.21191,0.32104,0.23208,0.26125,0.32306,0.22967,0.46263,0.25397
0.564,0.44956,0.62433,0.64803,0.53023,0.62201,0.48997,0.47007,0.34435,0.24277,0.4549,0.27748,0.42072,0.40946,0.71155,0.68074,0.25525,0.11657,0.31967,0.31522,0.68604,0.73021,0.79469,0.781,0.80654,0.72669,0.88089,1,0.12203,0.068279,0.51967,0.51374,0.34862,0.35419,0.71126,0.63428,0.81647,0.75338,0.73264,0.74385,0.60643,0.53224,0.63009,0.55265,0.65254,0.52303,0.4412,0.55262,0.41112,0.3324,0.39187,0.29691,0.40403,0.22265,0.53555,0.53201,0.46117,0.40415,0.28758,0.23935,0.27369,0.26918,-0.043857,-0.11921,0.67937,0.60764,0.75724,0.66764,0.45028,0.33805,0.45288,0.38167,0.20236,0.21073,0.28563,0.14785,0.32025,0.28831,0.35627,0.31736,0.30263,0.26053,0.58614,0.34907,0.61773,0.64717,0.65719,0.75176,0.46702,0.56646,0.64253,0.54121,0.53124,0.61656,0.43659,0.17475,0.36915,0.50609,0.19974,0.35904,0.2133,0.4161,0.15524,0.28487,0.51538,0.6279,0.14637,0.38842,0.34695,0.36243,0.28871,0.40101,0.35717,0.34334,0.54266,0.26785
0.44334,0.52859,0.48002,0.51072,0.32101,0.48084,0.57598,0.63181,0.43173,0.53287,0.64919,0.54362,0.6023,0.52968,0.3969,0.43751,0.76333,0.74048,0.54945,0.66365,0.04281,0.16566,0.24048,0.25625,0.20462,0.16137,0.060282,0.12203,1,0.87606,0.40383,0.40596,0.64004,0.66981,0.22525,0.245,0.23008,0.15573,0.33233,0.3099,0.55356,0.60376,0.38473,0.4611,0.3627,0.48861,0.52912,0.53016,0.43184,0.51644,0.49891,0.53178,0.43044,0.26133,0.55627,0.47747,0.48588,0.5048,0.55611,0.5557,0.551,0.47874,0.7272,0.64428,0.073184,0.20233,0.26145,0.36977,0.33636,0.41838,0.36676,0.29422,0.69547,0.56015,0.50961,0.46646,0.37033,0.3634,0.36731,0.58252,0.731,0.71475,0.56864,0.77076,0.39079,0.34047,0.30947,0.13437,0.50969,0.4413,0.22684,0.13894,-0.070587,0.049534,0.1233,0.2298,0.12481,0.18617,0.36647,0.31116,0.30205,0.2965,0.44312,0.28304,0.022259,0.071322,0.26357,-0.053027,0.0022975,0.082587,-0.069204,0.099045,0.11719,0.14379,-0.058528,-0.11118
0.49069,0.53432,0.36656,0.46494,0.31602,0.45878,0.53073,0.61639,0.48053,0.58153,0.63399,0.56741,0.57596,0.54125,0.38848,0.39792,0.82881,0.84619,0.51546,0.67835,-0.12676,-0.02048,0.15614,0.17403,0.16512,0.10373,0.0094593,0.068279,0.87606,1,0.32574,0.36905,0.65167,0.70195,0.1856,0.20348,0.11519,-0.021783,0.17274,0.13888,0.40093,0.3964,0.37514,0.48483,0.35451,0.54074,0.53419,0.51343,0.48717,0.60958,0.5574,0.63988,0.53703,0.41399,0.44524,0.46995,0.55177,0.57433,0.57385,0.6661,0.61946,0.58243,0.75712,0.73923,0.10264,0.20572,0.18535,0.31281,0.37459,0.46964,0.35072,0.30411,0.6434,0.55973,0.4377,0.40812,0.37414,0.37382,0.47002,0.67005,0.7734,0.77916,0.45202,0.82362,0.44156,0.38751,0.23646,0.094206,0.48634,0.45388,0.19396,0.12928,-0.11602,0.004868,0.050197,0.019412,0.039116,0.10971,0.35038,0.32004,0.29155,0.20199,0.43789,0.24644,-0.069651,0.011284,0.20322,-0.15501,-0.035894,0.0078728,-0.12307,0.04308,0.029647,0.024604,-0.1627,-0.1157
0.43391,0.32917,0.6779,0.61929,0.12142,0.31075,0.58685,0.60735,0.2951,0.3014,0.48681,0.31945,0.3559,0.44898,0.46378,0.55449,0.28099,0.21564,0.60496,0.50114,0.26354,0.50708,0.77243,0.73744,0.78273,0.83807,0.58786,0.51967,0.40383,0.32574,1,0.95142,0.53883,0.64097,0.5174,0.61535,0.44659,0.47647,0.37472,0.35333,0.48606,0.46443,0.57509,0.49156,0.63054,0.47935,0.61708,0.58065,0.4212,0.33955,0.2581,0.29038,0.21625,0.21813,0.47497,0.32025,0.41183,0.21462,0.23376,0.16428,0.1097,0.27674,0.025919,0.015929,0.43016,0.56412,0.67849,0.63905,0.45791,0.31942,0.6628,0.58462,0.49216,0.51876,0.53339,0.45537,0.49245,0.52976,0.28277,0.29855,0.27841,0.27517,0.46978,0.35351,0.43227,0.41743,0.4403,0.20522,0.30232,0.31775,0.5944,0.54797,0.43088,0.49608,0.34913,0.1889,0.55421,0.51844,0.46721,0.47245,0.25755,0.53381,0.30542,0.41052,0.46038,0.57847,0.36161,0.15737,0.075769,0.353,0.31281,0.36655,0.42476,0.33993,0.42487,0.16554
0.50473,0.36841,0.62238,0.63871,0.09791,0.32443,0.56979,0.64677,0.27145,0.3456,0.56039,0.36607,0.38185,0.50638,0.48538,0.57194,0.36381,0.26118,0.65213,0.54438,0.18522,0.42794,0.78127,0.77548,0.78233,0.83247,0.56491,0.51374,0.40596,0.36905,0.95142,1,0.56164,0.69323,0.52179,0.61433,0.43893,0.46323,0.35533,0.33374,0.51487,0.45371,0.60159,0.52096,0.65098,0.51773,0.61592,0.5977,0.45833,0.35394,0.28222,0.31029,0.24188,0.22227,0.48228,0.3345,0.49543,0.25261,0.26258,0.19851,0.15826,0.3451,0.049353,0.042808,0.44524,0.57481,0.65532,0.64095,0.5077,0.36454,0.66665,0.59927,0.52579,0.56031,0.57115,0.45823,0.52692,0.56083,0.34978,0.34501,0.32497,0.28861,0.46422,0.38886,0.4793,0.44714,0.43919,0.19556,0.33901,0.34804,0.60326,0.54619,0.44357,0.48338,0.3375,0.16369,0.53739,0.48892,0.48336,0.47483,0.30781,0.50864,0.33075,0.42066,0.48663,0.57783,0.36718,0.10573,0.061764,0.32569,0.29392,0.38431,0.43422,0.32052,0.41555,0.17012
0.62238,0.59797,0.65188,0.65467,0.51601,0.63094,0.78639,0.77199,0.7425,0.59732,0.60921,0.44671,0.61608,0.4737,0.55501,0.41492,0.68034,0.7301,0.66748,0.74652,0.10142,0.23604,0.40613,0.36762,0.44427,0.43132,0.24889,0.34862,0.64004,0.65167,0.53883,0.56164,1,0.92736,0.60197,0.59318,0.29503,0.19418,0.37544,0.29099,0.50644,0.43372,0.593,0.6905,0.66426,0.66606,0.66673,0.74589,0.55894,0.53974,0.57675,0.48708,0.52531,0.41419,0.6137,0.59226,0.66197,0.65494,0.68603,0.68596,0.63768,0.68546,0.64437,0.62577,0.5961,0.64326,0.65086,0.727,0.60331,0.58986,0.53934,0.3979,0.69864,0.65395,0.48854,0.60463,0.57945,0.51669,0.52349,0.64561,0.72845,0.71207,0.52572,0.64899,0.69466,0.54908,0.47236,0.2211,0.71112,0.6778,0.48107,0.50178,0.20726,0.42951,0.25116,0.12088,0.37509,0.41149,0.5698,0.57159,0.49627,0.56023,0.52034,0.47304,0.2461,0.36052,0.29494,0.13244,0.088073,0.13033,0.11116,0.34176,0.30782,0.26883,0.17299,0.10778
0.66485,0.64201,0.621,0.65069,0.39175,0.54562,0.72408,0.76961,0.5806,0.56276,0.64089,0.44011,0.57551,0.49588,0.57315,0.47715,0.6818,0.7351,0.77088,0.84937,0.091118,0.2222,0.47523,0.46345,0.50819,0.5029,0.30422,0.35419,0.66981,0.70195,0.64097,0.69323,0.92736,1,0.5925,0.63997,0.3345,0.25795,0.36291,0.29986,0.53217,0.47315,0.61873,0.68225,0.67881,0.67442,0.6845,0.74103,0.56067,0.55629,0.54931,0.52236,0.48933,0.40661,0.62428,0.55418,0.70135,0.62734,0.6109,0.62942,0.56465,0.63616,0.58951,0.55818,0.51378,0.58423,0.62524,0.71196,0.63177,0.59409,0.58304,0.45488,0.69717,0.66936,0.53506,0.61953,0.62494,0.58968,0.46289,0.60712,0.6719,0.66493,0.54287,0.6618,0.66415,0.526,0.47006,0.23464,0.63797,0.61663,0.5464,0.53134,0.2593,0.41813,0.27715,0.080497,0.45331,0.43001,0.619,0.598,0.47053,0.53136,0.5281,0.46008,0.27874,0.36726,0.34318,0.05621,0.094695,0.21699,0.17982,0.37218,0.38465,0.26175,0.18982,0.10127
0.55139,0.44131,0.6069,0.60599,0.57289,0.58591,0.55406,0.53168,0.49668,0.34293,0.4314,0.20941,0.41649,0.30479,0.55098,0.52841,0.34086,0.29133,0.39655,0.41282,0.52274,0.58779,0.65292,0.67443,0.66483,0.67146,0.64613,0.71126,0.22525,0.1856,0.5174,0.52179,0.60197,0.5925,1,0.8942,0.66721,0.63964,0.59149,0.60229,0.47428,0.40484,0.689,0.64009,0.72786,0.56328,0.51435,0.60737,0.40083,0.26877,0.38323,0.2216,0.30504,0.12113,0.5179,0.47409,0.43175,0.43103,0.36889,0.29054,0.31949,0.3306,0.11768,0.048668,0.73839,0.74331,0.86049,0.82014,0.45981,0.27045,0.48482,0.39014,0.30255,0.35009,0.37189,0.39215,0.52711,0.46991,0.45567,0.44003,0.40944,0.3281,0.50488,0.36139,0.58893,0.52678,0.59371,0.57991,0.47986,0.54266,0.62595,0.56913,0.49156,0.6313,0.44354,0.1195,0.45388,0.50231,0.35645,0.4275,0.31071,0.4622,0.30142,0.35115,0.49494,0.6841,0.33887,0.41223,0.3491,0.441,0.35638,0.45056,0.43546,0.35614,0.56816,0.3719
0.44266,0.34479,0.55675,0.4774,0.43774,0.45535,0.46786,0.43401,0.3777,0.21514,0.3182,0.095729,0.28707,0.21229,0.47565,0.44898,0.34113,0.28514,0.44494,0.45598,0.50579,0.58066,0.59446,0.59576,0.63377,0.70845,0.59907,0.63428,0.245,0.20348,0.61535,0.61433,0.59318,0.63997,0.8942,1,0.63512,0.6265,0.51165,0.52017,0.4595,0.38435,0.59515,0.53969,0.68159,0.47942,0.47793,0.5458,0.3183,0.22966,0.30076,0.18153,0.18833,0.0994,0.47128,0.37866,0.37462,0.33657,0.3132,0.20817,0.18479,0.21359,0.055282,-0.037316,0.63191,0.66165,0.82948,0.8065,0.43932,0.22615,0.55123,0.47878,0.29001,0.35681,0.37994,0.43579,0.53996,0.53602,0.44935,0.37499,0.33111,0.26286,0.45221,0.30179,0.45509,0.37881,0.49377,0.44605,0.36717,0.38865,0.6467,0.6077,0.554,0.6439,0.3931,0.06861,0.61901,0.60043,0.47132,0.49745,0.37949,0.49354,0.38325,0.43183,0.5312,0.70583,0.43413,0.44135,0.26685,0.46761,0.48059,0.51949,0.54932,0.39379,0.53276,0.34957
0.54672,0.47397,0.50991,0.58563,0.49544,0.55146,0.35293,0.41532,0.20135,0.17815,0.44003,0.23206,0.38471,0.37149,0.63942,0.63624,0.2852,0.11532,0.35781,0.3533,0.77132,0.76718,0.69011,0.71269,0.67506,0.60631,0.76724,0.81647,0.23008,0.11519,0.44659,0.43893,0.29503,0.3345,0.66721,0.63512,1,0.8673,0.86389,0.86818,0.73559,0.66434,0.59533,0.50114,0.56231,0.4353,0.38526,0.48949,0.31469,0.30027,0.31318,0.288,0.31304,0.13138,0.53279,0.49727,0.45164,0.36006,0.28532,0.19325,0.22703,0.19304,-0.0030479,-0.17994,0.47967,0.47599,0.65002,0.56708,0.44417,0.30783,0.39917,0.33593,0.23906,0.2075,0.35011,0.17115,0.33654,0.32023,0.24484,0.29422,0.28478,0.21924,0.57054,0.32991,0.45479,0.47847,0.65319,0.70363,0.39752,0.50568,0.55319,0.43599,0.40398,0.48837,0.43673,0.27204,0.27321,0.41105,0.098076,0.21215,0.12868,0.35994,0.11176,0.25814,0.43539,0.58147,0.17716,0.33105,0.32656,0.28958,0.21291,0.33053,0.29992,0.22964,0.46667,0.22391
0.51082,0.44283,0.44346,0.49909,0.33494,0.37019,0.26798,0.3181,0.063157,0.09359,0.35671,0.11247,0.28625,0.2726,0.51805,0.52474,0.12993,-0.011639,0.40052,0.31294,0.72282,0.7346,0.64184,0.69346,0.69274,0.64198,0.77536,0.75338,0.15573,-0.021783,0.47647,0.46323,0.19418,0.25795,0.63964,0.6265,0.8673,1,0.80229,0.86059,0.66148,0.66433,0.61044,0.47814,0.56849,0.42297,0.41038,0.45035,0.35403,0.27391,0.28338,0.25469,0.18392,0.030447,0.51039,0.41559,0.36908,0.26802,0.20189,0.10628,0.09006,0.11467,-0.18069,-0.32296,0.45657,0.47719,0.66818,0.56893,0.44493,0.24246,0.32698,0.24636,0.20877,0.17705,0.30815,0.10501,0.23411,0.31225,0.1523,0.23867,0.19111,0.099422,0.52133,0.21993,0.37827,0.38379,0.59905,0.63583,0.24325,0.40077,0.47663,0.39326,0.35456,0.41583,0.38246,0.23677,0.31429,0.35684,0.057949,0.16628,0.010849,0.26553,0.030513,0.19991,0.42717,0.54194,0.16026,0.24444,0.25364,0.3575,0.22743,0.24422,0.32992,0.19141,0.47394,0.25292
0.60107,0.61215,0.50291,0.61422,0.46572,0.55395,0.40093,0.44916,0.24702,0.14505,0.47563,0.23472,0.42363,0.35711,0.59648,0.59541,0.31808,0.22593,0.44616,0.4302,0.71738,0.73963,0.57927,0.60836,0.62327,0.50615,0.64605,0.73264,0.33233,0.17274,0.37472,0.35533,0.37544,0.36291,0.59149,0.51165,0.86389,0.80229,1,0.93687,0.78398,0.72483,0.60335,0.56219,0.57342,0.50798,0.414,0.54956,0.36979,0.39105,0.35807,0.3717,0.36214,0.17417,0.5963,0.5803,0.55744,0.51024,0.38238,0.33145,0.35456,0.28527,0.1193,-0.042796,0.45787,0.44116,0.64182,0.59492,0.52463,0.3896,0.23172,0.11908,0.29625,0.241,0.26059,0.15784,0.1701,0.20182,0.20001,0.35785,0.38245,0.34108,0.68257,0.45519,0.48595,0.52826,0.67336,0.72795,0.42026,0.55237,0.31993,0.21965,0.10913,0.24515,0.40536,0.32029,0.11537,0.24377,-0.055366,0.04589,-0.021778,0.18625,-0.013629,0.069096,0.22441,0.39098,-0.031673,0.1391,0.31317,0.21353,-0.040849,0.076277,0.070887,0.032549,0.22934,0.20063
0.56897,0.57431,0.50079,0.58815,0.48364,0.5226,0.36098,0.40622,0.20268,0.12427,0.45532,0.24167,0.4137,0.3438,0.5767,0.60895,0.25449,0.15518,0.37679,0.37758,0.76547,0.77664,0.58786,0.61819,0.61722,0.51105,0.69446,0.74385,0.3099,0.13888,0.35333,0.33374,0.29099,0.29986,0.60229,0.52017,0.86818,0.86059,0.93687,1,0.76902,0.76949,0.59485,0.54543,0.57759,0.50526,0.413,0.53624,0.41443,0.41485,0.42467,0.41169,0.34655,0.1214,0.654,0.60969,0.48365,0.44712,0.37862,0.2967,0.3387,0.24373,0.05809,-0.093449,0.42461,0.41504,0.63625,0.6048,0.49239,0.39971,0.22333,0.11855,0.25368,0.19721,0.25706,0.09437,0.18534,0.23983,0.12884,0.32144,0.32614,0.29685,0.64061,0.42412,0.45393,0.5099,0.64451,0.74714,0.39993,0.54956,0.33697,0.21391,0.15111,0.24732,0.45127,0.34496,0.12401,0.28634,-0.039127,0.07869,-0.0015476,0.18536,0.0092158,0.10454,0.27222,0.42776,0.0084383,0.12274,0.40391,0.2744,0.00054724,0.104,0.12698,0.091336,0.29925,0.23124
0.65347,0.67841,0.48363,0.61944,0.41365,0.54596,0.45593,0.56192,0.30397,0.34552,0.61774,0.44008,0.55066,0.54394,0.6686,0.67713,0.49308,0.35576,0.60635,0.59688,0.53881,0.58613,0.58158,0.57449,0.60543,0.47663,0.57304,0.60643,0.55356,0.40093,0.48606,0.51487,0.50644,0.53217,0.47428,0.4595,0.73559,0.66148,0.78398,0.76902,1,0.79348,0.56918,0.55862,0.54137,0.49276,0.48891,0.57702,0.46422,0.45748,0.41644,0.45091,0.37386,0.20431,0.64588,0.56146,0.64345,0.51294,0.45898,0.39852,0.39511,0.38227,0.27386,0.10043,0.33878,0.40872,0.53253,0.53768,0.62336,0.48503,0.35673,0.27715,0.56825,0.51138,0.52176,0.41085,0.25951,0.30405,0.2396,0.41175,0.47598,0.41751,0.64023,0.56934,0.50083,0.51682,0.65472,0.51364,0.51842,0.57225,0.42302,0.31088,0.19673,0.27531,0.2794,0.2851,0.22789,0.30828,0.19527,0.21773,0.23316,0.35822,0.22385,0.31612,0.27103,0.37327,0.076139,0.077033,0.12671,0.05653,0.022755,0.17902,0.22971,0.16008,0.20875,0.055702
0.59028,0.59383,0.50408,0.59911,0.41397,0.48284,0.46941,0.53293,0.25825,0.31,0.57835,0.39419,0.50841,0.47667,0.54602,0.54087,0.41625,0.32896,0.54697,0.55164,0.46207,0.62176,0.53061,0.54249,0.53987,0.40969,0.53913,0.53224,0.60376,0.3964,0.46443,0.45371,0.43372,0.47315,0.40484,0.38435,0.66434,0.66433,0.72483,0.76949,0.79348,1,0.47813,0.46942,0.49638,0.46391,0.45267,0.53678,0.484,0.50746,0.49287,0.49444,0.43236,0.24437,0.70531,0.53964,0.55611,0.44538,0.48927,0.4203,0.43179,0.35231,0.30166,0.14414,0.30447,0.31716,0.51168,0.49866,0.51096,0.46514,0.39787,0.32507,0.60854,0.52231,0.51379,0.27534,0.28392,0.33474,0.022833,0.30911,0.42506,0.42886,0.69844,0.56603,0.49145,0.46864,0.56448,0.51675,0.51445,0.57684,0.39064,0.25602,0.11378,0.21121,0.29339,0.39201,0.15393,0.25918,0.14887,0.18823,0.14102,0.32468,0.24329,0.25376,0.21913,0.29919,0.17917,0.022474,0.15365,0.13139,-0.041166,0.094849,0.21294,0.17613,0.20483,-0.01519
0.75903,0.7136,0.63747,0.73301,0.45083,0.54337,0.61053,0.66538,0.42115,0.44152,0.6274,0.40377,0.54916,0.52429,0.66081,0.63301,0.49268,0.50733,0.63811,0.60746,0.39481,0.45576,0.66989,0.69134,0.7464,0.70483,0.63355,0.63009,0.38473,0.37514,0.57509,0.60159,0.593,0.61873,0.689,0.59515,0.59533,0.61044,0.60335,0.59485,0.56918,0.47813,1,0.93638,0.89938,0.89904,0.89975,0.87964,0.77351,0.64528,0.65572,0.5948,0.5929,0.45737,0.67411,0.72499,0.70763,0.70949,0.4976,0.46255,0.43305,0.47043,0.25497,0.22572,0.60772,0.61418,0.74311,0.72763,0.6823,0.61377,0.47994,0.39817,0.45944,0.41256,0.40956,0.30859,0.40398,0.42341,0.48431,0.656,0.61546,0.55164,0.58619,0.51981,0.69649,0.64825,0.63747,0.47221,0.49707,0.59021,0.53306,0.44995,0.23824,0.38402,0.351,0.13282,0.31613,0.36428,0.31174,0.46751,0.15121,0.28326,0.1795,0.22238,0.30911,0.42787,0.16548,0.14478,0.16919,0.31633,0.088836,0.32663,0.23913,0.2645,0.33014,0.16834
