1,0.85168,0.63319,0.62411,0.37676,0.37221,0.66259,0.70164,0.48816,0.53966,0.76822,0.60381,0.80583,0.6847,0.63242,0.5626,0.68299,0.5855,0.74302,0.7361,0.16002,0.11336,0.54068,0.50529,0.52028,0.42619,0.44266,0.33756,0.59302,0.51878,0.25836,0.30488,0.58604,0.48016,0.22693,0.089378,0.22151,0.17554,0.21844,0.20883,0.22057,0.13782,0.66556,0.70273,0.6002,0.58394,0.62411,0.67379,0.75621,0.72067,0.73566,0.65098,0.54766,0.45357,0.58169,0.54135,0.78607,0.80936,0.74169,0.77721,0.76934,0.77936,0.55639,0.61058,0.61662,0.74366,0.65167,0.5985,0.80997,0.78287,0.037461,0.25141,0.27702,0.34285,0.12436,0.16548,0.30923,0.2262,0.51802,0.62289,0.71949,0.73953,0.6553,0.69365,0.7706,0.56657,0.59115,0.52479,0.55034,0.49514,0.29861,0.33445,0.029279,0.11384,0.35099,0.24981,0.60339,0.59726,0.66075,0.56394,0.34926,0.30917,0.40674,0.39187,0.23451,0.072125,0.57452,0.25624,-0.012633,0.32529,0.64998,0.38352,0.32709,0.56241,0.33125,0.3129
0.85168,1,0.56211,0.66655,0.33465,0.35118,0.47548,0.55769,0.2915,0.386,0.58205,0.50143,0.60329,0.62585,0.46736,0.45505,0.71796,0.63679,0.56676,0.65218,0.08399,0.095564,0.43813,0.4975,0.558,0.48221,0.38737,0.34833,0.53249,0.47436,0.22319,0.29825,0.47438,0.39673,0.23915,0.096125,0.32321,0.25712,0.38946,0.3454,0.21507,0.25358,0.70271,0.73647,0.61687,0.60827,0.67376,0.69347,0.78595,0.79314,0.77002,0.74008,0.67134,0.58484,0.68364,0.70938,0.82638,0.90206,0.67246,0.74442,0.55153,0.67247,0.38744,0.50804,0.41166,0.63642,0.61823,0.62685,0.72957,0.72671,-0.018005,0.17451,0.16633,0.26143,0.0371,0.089586,0.23079,0.18293,0.53894,0.64149,0.77513,0.80531,0.5936,0.63737,0.74703,0.64614,0.59636,0.64862,0.4694,0.55666,0.33325,0.26992,0.012447,0.0079275,0.2812,0.30926,0.6538,0.71329,0.6802,0.59299,0.36508,0.18419,0.408,0.39956,0.20781,0.13073,0.52466,0.25573,-0.03229,0.35432,0.69125,0.36466,0.30898,0.55917,0.27695,0.28066
0.63319,0.56211,1,0.71418,0.4913,0.30225,0.82826,0.58919,0.62103,0.43,0.39219,0.42554,0.56587,0.4115,0.469,0.45776,0.38055,0.39165,0.75477,0.60544,0.30735,0.44939,0.79565,0.61504,0.50979,0.37136,0.50238,0.39146,0.41243,0.43629,0.42228,0.4227,0.62858,0.56251,0.32371,0.18387,0.37215,0.31973,0.31667,0.42885,0.15618,0.37353,0.31818,0.37487,0.47181,0.47547,0.29934,0.38167,0.4797,0.53309,0.66473,0.49639,0.44675,0.38175,0.45972,0.47864,0.38562,0.51344,0.44665,0.51826,0.60824,0.48527,0.48516,0.45039,0.59686,0.52287,0.51681,0.53356,0.3996,0.49118,0.27084,0.44207,0.37163,0.44037,0.1389,0.29921,0.49503,0.44321,0.35692,0.42214,0.39489,0.48851,0.42729,0.52478,0.65908,0.53629,0.45619,0.50093,0.59057,0.55674,0.51952,0.59171,0.30553,0.43967,0.33109,0.34295,0.47289,0.39115,0.53326,0.57202,0.48255,0.51155,0.3424,0.57915,0.39566,0.3063,0.23343,0.48759,0.034717,0.28803,0.54317,0.55293,0.47254,0.55131,0.42419,0.25723
0.62411,0.66655,0.71418,1,0.46544,0.40635,0.64943,0.68902,0.5074,0.53653,0.37867,0.48679,0.44981,0.49394,0.37049,0.5325,0.40533,0.34953,0.60451,0.55489,0.23538,0.38318,0.66035,0.83245,0.51866,0.55234,0.525,0.52651,0.35989,0.38845,0.20927,0.50419,0.4822,0.46348,0.24588,0.18457,0.4265,0.39622,0.32904,0.45973,0.16971,0.3964,0.38429,0.43058,0.42179,0.36753,0.38411,0.36688,0.50504,0.52398,0.70953,0.64317,0.59168,0.6163,0.59094,0.63851,0.44986,0.51543,0.44444,0.52584,0.54381,0.51027,0.47939,0.56771,0.51804,0.5994,0.54851,0.63171,0.42867,0.45959,0.16681,0.32575,0.25357,0.25552,0.050237,0.25055,0.2436,0.25267,0.28459,0.44364,0.48822,0.66217,0.42953,0.46722,0.7196,0.7788,0.46822,0.60973,0.573,0.70679,0.53588,0.46259,0.26357,0.21202,0.25113,0.24443,0.43648,0.33378,0.53213,0.56088,0.35318,0.29349,0.23569,0.41407,0.37665,0.20879,0.33612,0.39228,-0.13886,0.18315,0.36431,0.35393,0.3796,0.49722,0.33832,0.2483
0.37676,0.33465,0.4913,0.46544,1,0.74875,0.50464,0.34708,0.72647,0.64449,0.52317,0.34089,0.52678,0.26581,0.67571,0.53183,0.16618,0.17873,0.2669,0.19569,0.25038,0.17702,0.5235,0.57948,0.53237,0.47606,0.80697,0.84385,0.37051,0.26148,0.038169,0.13374,0.11505,0.057105,0.16524,0.043925,0.093215,-0.0048873,0.34976,0.2272,0.020621,0.080026,0.22525,0.19207,0.08538,0.11638,0.30162,0.25917,0.39827,0.36248,0.17593,0.46045,0.13033,0.40735,0.34932,0.49622,0.17586,0.24922,0.42543,0.45524,0.39961,0.3515,0.20479,0.17003,0.46176,0.38078,0.27844,0.25237,0.12962,0.17134,-0.24378,-0.089305,0.33907,0.24975,0.030859,0.10484,0.10483,0.051077,0.07871,0.20781,0.21273,0.30717,0.45028,0.45789,0.32608,0.35505,0.44336,0.42095,0.5383,0.66688,0.38884,0.39466,0.35529,0.4661,0.23497,0.14742,0.34217,0.24906,0.27297,0.42019,0.33021,0.38665,0.29313,0.43069,0.13256,0.24842,0.14019,0.3949,0.18818,0.19986,0.27777,0.25766,0.40898,0.33807,0.11978,0.29187
0.37221,0.35118,0.30225,0.40635,0.74875,1,0.42468,0.52837,0.63259,0.80052,0.56966,0.50747,0.57129,0.53373,0.6606,0.65283,0.30084,0.35288,0.18277,0.22294,0.18274,0.13766,0.50493,0.51248,0.4287,0.46467,0.59892,0.73602,0.48187,0.42806,0.2067,0.29654,0.19162,0.24117,0.23239,0.17808,-0.035812,-0.084656,0.31993,0.10745,-0.00080643,0.080022,0.25579,0.23451,0.21093,0.13937,0.30027,0.24314,0.47061,0.32378,0.15612,0.41269,0.1073,0.2532,0.3237,0.32599,0.2442,0.28197,0.49279,0.51084,0.39081,0.46901,0.29641,0.29372,0.36597,0.36561,0.33334,0.34732,0.17579,0.23755,-0.26405,-0.035777,0.37096,0.38031,0.20403,0.30876,0.13874,0.092022,0.19854,0.31771,0.30678,0.34193,0.51573,0.42274,0.28828,0.26374,0.36825,0.27454,0.46331,0.55223,0.41419,0.30975,0.49241,0.45234,0.023006,0.05234,0.29111,0.17208,0.25081,0.23117,0.40279,0.34943,0.44066,0.43653,0.23125,0.21954,0.33903,0.24269,0.19761,0.21139,0.30954,0.23167,0.3705,0.3717,0.1831,0.36537
0.66259,0.47548,0.82826,0.64943,0.50464,0.42468,1,0.77966,0.6783,0.58082,0.54845,0.59181,0.68486,0.47983,0.51295,0.56861,0.36578,0.27517,0.78299,0.63475,0.24232,0.31676,0.69142,0.53677,0.30019,0.20239,0.36272,0.33554,0.4664,0.41202,0.35426,0.3716,0.63095,0.63622,0.30358,0.278,0.26612,0.22618,0.20191,0.29601,0.25273,0.33781,0.22149,0.32229,0.38079,0.37733,0.2202,0.29092,0.40435,0.41421,0.56003,0.37927,0.29725,0.29272,0.32412,0.31547,0.26817,0.35768,0.552,0.57037,0.77737,0.6428,0.59217,0.59592,0.67417,0.60029,0.58148,0.55339,0.34901,0.46025,0.34924,0.50929,0.55576,0.54539,0.27874,0.47802,0.55307,0.49198,0.28813,0.30476,0.31758,0.40399,0.43876,0.48102,0.53646,0.43489,0.37718,0.26443,0.65008,0.52154,0.58051,0.69511,0.46951,0.61681,0.3345,0.28372,0.37863,0.25063,0.4979,0.58971,0.57637,0.71028,0.51895,0.60508,0.45483,0.33548,0.28437,0.46818,0.1307,0.22438,0.54802,0.60201,0.59802,0.63345,0.51609,0.23789
0.70164,0.55769,0.58919,0.68902,0.34708,0.52837,0.77966,1,0.61715,0.73618,0.58577,0.76068,0.6554,0.69464,0.4886,0.69094,0.59506,0.4859,0.7277,0.72638,0.15835,0.25718,0.61095,0.54174,0.20972,0.18622,0.25894,0.27044,0.58728,0.6059,0.41278,0.52408,0.63449,0.7202,0.21269,0.13654,0.21436,0.19554,0.20843,0.22731,0.23625,0.23499,0.34188,0.43725,0.45947,0.36493,0.33967,0.39478,0.5004,0.43742,0.60078,0.42901,0.39566,0.29246,0.41978,0.33287,0.46346,0.46453,0.54264,0.58803,0.79421,0.82295,0.69245,0.80595,0.59966,0.67937,0.52711,0.54308,0.50075,0.57945,0.32988,0.49743,0.55493,0.61602,0.36717,0.56531,0.46019,0.41869,0.49452,0.51568,0.54543,0.59146,0.48878,0.52682,0.58326,0.44755,0.36717,0.23802,0.5916,0.4364,0.55767,0.49856,0.43427,0.37653,0.2216,0.1813,0.4095,0.34949,0.57533,0.52652,0.53975,0.50319,0.53449,0.56891,0.47891,0.32342,0.50548,0.28795,-0.023924,0.17858,0.47761,0.44774,0.40448,0.61334,0.53598,0.31955
0.48816,0.2915,0.62103,0.5074,0.72647,0.63259,0.6783,0.61715,1,0.79115,0.64838,0.65583,0.70919,0.56133,0.72338,0.74599,0.3334,0.32488,0.59368,0.4751,0.37462,0.33756,0.7574,0.55611,0.34591,0.29011,0.52183,0.51083,0.54799,0.50221,0.27969,0.31259,0.36847,0.3665,0.10994,0.018744,0.18209,0.165,0.20237,0.19952,0.13345,0.20644,0.17179,0.20852,0.18415,0.18344,0.20461,0.23479,0.41624,0.31208,0.31287,0.39257,0.14434,0.29055,0.31137,0.33269,0.21734,0.26694,0.42733,0.45974,0.60373,0.5168,0.62451,0.49962,0.59713,0.47318,0.26652,0.24926,0.29256,0.34581,0.089211,0.24948,0.60411,0.56818,0.41529,0.38017,0.34224,0.27806,0.33083,0.37295,0.30596,0.43219,0.5039,0.55565,0.51527,0.39523,0.41105,0.33522,0.58381,0.56346,0.45442,0.52752,0.42628,0.50718,0.21821,0.14795,0.39018,0.26705,0.39632,0.44698,0.43042,0.47023,0.45005,0.61267,0.38577,0.36889,0.36895,0.39584,0.067081,0.103,0.30438,0.49206,0.41172,0.53264,0.53367,0.39288
0.53966,0.386,0.43,0.53653,0.64449,0.80052,0.58082,0.73618,0.79115,1,0.66404,0.70368,0.65643,0.66157,0.70585,0.8086,0.44186,0.41486,0.48872,0.48837,0.25945,0.23632,0.6495,0.59336,0.40976,0.36933,0.52253,0.60491,0.56044,0.55917,0.31583,0.45031,0.41916,0.44706,0.16625,0.030172,0.092731,0.05711,0.19037,0.12832,0.14987,0.13534,0.3152,0.3509,0.2587,0.2169,0.32666,0.35097,0.47174,0.34686,0.34143,0.41361,0.22976,0.33664,0.3339,0.30516,0.34475,0.34099,0.50797,0.57026,0.58257,0.64956,0.59694,0.59302,0.57622,0.53695,0.39394,0.38076,0.39451,0.48438,-0.046168,0.12684,0.56453,0.5406,0.40816,0.42059,0.22533,0.17705,0.35496,0.45067,0.4329,0.49275,0.58251,0.5172,0.50128,0.38555,0.43016,0.29428,0.56855,0.56269,0.4418,0.40608,0.40121,0.35139,0.059718,0.079747,0.32223,0.24889,0.37542,0.34532,0.37546,0.33989,0.40568,0.44552,0.34973,0.19568,0.45293,0.22822,0.0021758,0.10715,0.31534,0.32858,0.34961,0.48144,0.43045,0.42439
0.76822,0.58205,0.39219,0.37867,0.52317,0.56966,0.54845,0.58577,0.64838,0.66404,1,0.77946,0.93506,0.74667,0.86581,0.72507,0.52847,0.44284,0.52062,0.52776,0.071291,-0.003664,0.51513,0.43036,0.46044,0.39888,0.44264,0.45103,0.62416,0.51025,0.081928,0.13042,0.28813,0.20568,0.018792,-0.054651,0.031238,-0.014269,0.13311,-0.017393,0.21307,-0.043882,0.41483,0.41857,0.26386,0.24607,0.39869,0.40674,0.52121,0.40681,0.32721,0.36678,0.18804,0.20486,0.28082,0.28993,0.52129,0.50947,0.57549,0.54981,0.68756,0.7221,0.60606,0.58413,0.61428,0.66541,0.35399,0.24942,0.52703,0.53552,-0.14398,0.031203,0.3843,0.31811,0.29765,0.090299,0.092741,0.047732,0.38485,0.48225,0.56206,0.56819,0.70771,0.68789,0.62694,0.3687,0.62393,0.41056,0.50648,0.41982,0.16015,0.18446,0.11736,0.17906,0.2033,0.15262,0.44957,0.39237,0.35534,0.29037,0.22712,0.23447,0.35878,0.35146,0.15824,0.092682,0.52162,0.22368,0.18779,0.31447,0.40807,0.22995,0.2232,0.45795,0.28043,0.4394
0.60381,0.50143,0.42554,0.48679,0.34089,0.50747,0.59181,0.76068,0.65583,0.70368,0.77946,1,0.76934,0.82687,0.67415,0.84105,0.55792,0.46767,0.58995,0.61414,0.070367,0.19783,0.61401,0.47465,0.22603,0.18417,0.20951,0.24844,0.66384,0.69464,0.27383,0.36405,0.36392,0.41512,-0.076452,-0.11379,0.24249,0.22513,0.21245,0.14321,0.34064,0.21293,0.18676,0.27405,0.20445,0.13347,0.2057,0.25713,0.37083,0.24599,0.4026,0.25085,0.23688,0.13111,0.28206,0.21067,0.40538,0.36906,0.35764,0.36947,0.62021,0.70862,0.72949,0.79347,0.4578,0.54834,0.18809,0.15662,0.38612,0.47037,0.24401,0.35271,0.55086,0.53927,0.44185,0.34606,0.24028,0.21401,0.47504,0.48824,0.60562,0.62457,0.61455,0.61892,0.62545,0.41468,0.47578,0.31222,0.53963,0.38751,0.347,0.27439,0.33847,0.24023,0.15734,0.21054,0.33354,0.32908,0.39173,0.29211,0.39576,0.27709,0.451,0.44378,0.45936,0.27935,0.48488,0.19619,0.057836,0.17876,0.30827,0.32451,0.28231,0.49993,0.54363,0.42529
0.80583,0.60329,0.56587,0.44981,0.52678,0.57129,0.68486,0.6554,0.70919,0.65643,0.93506,0.76934,1,0.7933,0.84848,0.71227,0.58615,0.50103,0.61748,0.59395,0.16648,0.1391,0.63259,0.4903,0.48094,0.42881,0.47295,0.4316,0.64299,0.55119,0.17712,0.18339,0.41724,0.32845,0.10107,0.047986,0.06046,0.041974,0.16341,0.080864,0.20708,0.094388,0.38674,0.40552,0.31223,0.31036,0.36515,0.39824,0.53818,0.45995,0.44546,0.42391,0.27995,0.25269,0.3741,0.33859,0.5203,0.54694,0.62185,0.6071,0.78453,0.74161,0.64623,0.58366,0.66572,0.68935,0.43175,0.34589,0.57368,0.57541,-0.042034,0.152,0.45535,0.43032,0.28354,0.19432,0.23921,0.1603,0.45412,0.50115,0.58534,0.60752,0.66031,0.69896,0.6776,0.44634,0.60351,0.446,0.6093,0.4803,0.298,0.31888,0.22764,0.32722,0.24494,0.18549,0.48231,0.37324,0.43517,0.38334,0.35115,0.39304,0.47849,0.46466,0.3028,0.15163,0.48033,0.27739,0.11221,0.27256,0.47208,0.32425,0.32945,0.536,0.38709,0.42956
0.6847,0.62585,0.4115,0.49394,0.26581,0.53373,0.47983,0.69464,0.56133,0.66157,0.74667,0.82687,0.7933,1,0.63566,0.76097,0.66727,0.58707,0.5325,0.59879,0.1113,0.20798,0.62739,0.49866,0.36292,0.36188,0.2184,0.26457,0.56769,0.6195,0.24189,0.32852,0.39257,0.38517,-0.028174,-0.046399,0.23617,0.24272,0.21258,0.19307,0.31507,0.26708,0.364,0.41325,0.32695,0.26258,0.32869,0.36921,0.50716,0.37566,0.51174,0.38082,0.42118,0.24362,0.4393,0.33161,0.57332,0.56405,0.44717,0.51067,0.60017,0.6905,0.64112,0.6485,0.41989,0.54492,0.29892,0.30215,0.58354,0.58208,0.12021,0.24936,0.36488,0.43334,0.31353,0.30263,0.15373,0.14818,0.59768,0.56221,0.66578,0.70487,0.58325,0.56509,0.68887,0.49967,0.43992,0.41687,0.519,0.42344,0.34081,0.24384,0.23544,0.12184,0.053023,0.16044,0.40304,0.41375,0.43243,0.31952,0.33363,0.21231,0.47691,0.44142,0.4602,0.17096,0.53159,0.096187,-0.12168,0.12392,0.43159,0.27241,0.20709,0.50873,0.53348,0.35469
0.63242,0.46736,0.469,0.37049,0.67571,0.6606,0.51295,0.4886,0.72338,0.70585,0.86581,0.67415,0.84848,0.63566,1,0.77439,0.47594,0.49145,0.45277,0.42092,0.29834,0.23555,0.63323,0.52426,0.61425,0.49565,0.61198,0.60745,0.6944,0.63545,0.25995,0.27882,0.2721,0.19087,0.056411,-0.082399,0.036957,0.042986,0.29797,0.11804,0.19003,-0.013929,0.39396,0.35635,0.2431,0.203,0.3939,0.39667,0.46311,0.37003,0.25216,0.33774,0.15252,0.16621,0.34011,0.32258,0.42164,0.43885,0.49784,0.50262,0.58579,0.58866,0.52414,0.46484,0.59322,0.5799,0.31496,0.22009,0.39158,0.42187,-0.17789,0.013778,0.47474,0.39801,0.32047,0.12011,0.11503,0.0525,0.40303,0.52143,0.52698,0.54271,0.78162,0.76529,0.60968,0.36856,0.65526,0.507,0.55608,0.52036,0.21293,0.20135,0.21154,0.27611,0.28867,0.27552,0.50467,0.41019,0.37015,0.26006,0.26495,0.27244,0.36488,0.42781,0.22813,0.2186,0.43968,0.3281,0.28028,0.43785,0.39006,0.23666,0.25668,0.4021,0.25166,0.50591
0.5626,0.45505,0.45776,0.5325,0.53183,0.65283,0.56861,0.69094,0.74599,0.8086,0.72507,0.84105,0.71227,0.76097,0.77439,1,0.56476,0.47773,0.57696,0.56701,0.31224,0.39943,0.69289,0.56891,0.3803,0.28999,0.42708,0.49073,0.68267,0.72094,0.28389,0.40542,0.33878,0.39543,-0.059571,-0.13568,0.30576,0.31857,0.37456,0.3201,0.36367,0.27124,0.24257,0.27339,0.18298,0.1026,0.28335,0.30641,0.3867,0.23835,0.37919,0.33456,0.29224,0.30519,0.42918,0.38277,0.37166,0.365,0.35615,0.4084,0.53218,0.59258,0.70439,0.68267,0.44247,0.45889,0.23677,0.24538,0.3437,0.45638,0.15944,0.29293,0.54766,0.49196,0.40161,0.33464,0.22814,0.22331,0.51991,0.48803,0.58444,0.63038,0.72268,0.70851,0.63482,0.50691,0.50767,0.41636,0.58031,0.57068,0.471,0.40771,0.46194,0.35035,0.21765,0.24582,0.43394,0.36946,0.46855,0.42882,0.42035,0.35107,0.47475,0.55279,0.53415,0.40208,0.40697,0.31616,0.059717,0.26897,0.34226,0.41369,0.36606,0.50279,0.56351,0.42036
0.68299,0.71796,0.38055,0.40533,0.16618,0.30084,0.36578,0.59506,0.3334,0.44186,0.52847,0.55792,0.58615,0.66727,0.47594,0.56476,1,0.86976,0.59065,0.77978,0.03687,0.21252,0.37971,0.28377,0.32032,0.24305,0.22754,0.15761,0.7531,0.72183,0.35591,0.36488,0.52628,0.51084,0.1574,-0.045541,0.29111,0.26133,0.48872,0.35492,0.35633,0.2132,0.53321,0.56558,0.43864,0.35819,0.51915,0.55612,0.54213,0.48787,0.55077,0.47764,0.52911,0.38864,0.61094,0.49245,0.77829,0.75202,0.49707,0.52393,0.5573,0.59383,0.5812,0.59244,0.28568,0.44995,0.41612,0.41929,0.70991,0.769,0.13078,0.25847,0.407,0.4194,0.25102,0.275,0.35759,0.28681,0.87225,0.78609,0.87047,0.82917,0.61865,0.69849,0.61669,0.50369,0.5427,0.44871,0.50921,0.44835,0.43533,0.25579,0.24277,0.14563,0.25122,0.35367,0.6329,0.66284,0.6862,0.5444,0.47325,0.31148,0.54867,0.50168,0.44636,0.35603,0.52683,0.23986,-0.011001,0.32176,0.58987,0.42507,0.30914,0.51519,0.44069,0.4147
0.5855,0.63679,0.39165,0.34953,0.17873,0.35288,0.27517,0.4859,0.32488,0.41486,0.44284,0.46767,0.50103,0.58707,0.49145,0.47773,0.86976,1,0.49607,0.68415,0.18039,0.29998,0.44967,0.32596,0.43955,0.38417,0.26829,0.21392,0.7892,0.77261,0.51979,0.48913,0.51641,0.47331,0.18415,-0.046092,0.28811,0.24493,0.51772,0.33126,0.27639,0.19773,0.63451,0.63477,0.56472,0.43343,0.59985,0.62407,0.57117,0.53348,0.45329,0.4321,0.39918,0.24689,0.56902,0.45917,0.77615,0.77019,0.40304,0.44019,0.41814,0.43902,0.49048,0.45986,0.18569,0.33365,0.37402,0.35108,0.69061,0.67553,0.02556,0.23146,0.37371,0.43176,0.25097,0.18781,0.31518,0.23896,0.81864,0.87523,0.84264,0.77792,0.67115,0.71674,0.55929,0.42009,0.56905,0.49704,0.39383,0.37305,0.31085,0.13668,0.17293,0.080606,0.27803,0.36457,0.66995,0.67618,0.64324,0.36121,0.40035,0.23886,0.43426,0.49583,0.36993,0.33582,0.57586,0.25498,0.088835,0.43412,0.57677,0.32623,0.17199,0.38571,0.28751,0.52491
0.74302,0.56676,0.75477,0.60451,0.2669,0.18277,0.78299,0.7277,0.59368,0.48872,0.52062,0.58995,0.61748,0.5325,0.45277,0.57696,0.59065,0.49607,1,0.89954,0.18235,0.27185,0.64542,0.42625,0.19045,0.10719,0.26612,0.1393,0.54982,0.55783,0.40557,0.41595,0.67189,0.65749,0.12339,-0.034462,0.36456,0.315,0.20286,0.25107,0.23955,0.24131,0.35562,0.43426,0.42948,0.39836,0.29752,0.39975,0.45463,0.44084,0.63972,0.38325,0.39199,0.30767,0.39161,0.31437,0.4884,0.53627,0.47257,0.54702,0.72301,0.63184,0.64345,0.64301,0.5661,0.57925,0.44132,0.43877,0.63232,0.70676,0.4033,0.48821,0.45119,0.48438,0.23967,0.40388,0.47679,0.40892,0.52252,0.52386,0.51396,0.54649,0.45822,0.56675,0.62287,0.41872,0.35193,0.2666,0.54872,0.38826,0.43154,0.53977,0.23958,0.33358,0.32173,0.25318,0.43851,0.43262,0.60504,0.59196,0.42627,0.49289,0.41106,0.51494,0.40234,0.33758,0.34859,0.45077,-0.053438,0.18908,0.53536,0.58913,0.3709,0.57003,0.57358,0.18949
0.7361,0.65218,0.60544,0.55489,0.19569,0.22294,0.63475,0.72638,0.4751,0.48837,0.52776,0.61414,0.59395,0.59879,0.42092,0.56701,0.77978,0.68415,0.89954,1,0.1122,0.23169,0.52987,0.33952,0.16622,0.089643,0.20218,0.12587,0.65419,0.65039,0.36671,0.36035,0.63702,0.64547,0.090932,-0.055857,0.40027,0.32277,0.3447,0.29921,0.31889,0.24216,0.4232,0.4893,0.44428,0.36875,0.37121,0.47344,0.47253,0.45347,0.59864,0.38336,0.41233,0.31545,0.4548,0.36294,0.62881,0.64099,0.47082,0.53239,0.67849,0.64719,0.66709,0.69767,0.41292,0.54032,0.40484,0.40501,0.70953,0.7933,0.35674,0.44851,0.44489,0.46596,0.26578,0.39024,0.43568,0.39432,0.68678,0.66147,0.69513,0.67753,0.53702,0.64313,0.60809,0.42845,0.46415,0.32476,0.58151,0.41105,0.45376,0.45409,0.2741,0.26685,0.30925,0.35829,0.49869,0.53166,0.62448,0.55841,0.44696,0.42485,0.46325,0.47994,0.41766,0.34974,0.43214,0.42436,-0.016167,0.26584,0.56201,0.5423,0.34719,0.5529,0.51966,0.2936
0.16002,0.08399,0.30735,0.23538,0.25038,0.18274,0.24232,0.15835,0.37462,0.25945,0.071291,0.070367,0.16648,0.1113,0.29834,0.31224,0.03687,0.18039,0.18235,0.1122,1,0.73233,0.40205,0.38321,0.38737,0.32001,0.2809,0.24877,0.33181,0.33101,0.36006,0.31706,0.28984,0.24394,0.2397,0.20518,0.33807,0.45424,0.25512,0.46839,0.17969,0.4407,0.19186,0.1587,0.25956,0.23717,0.24401,0.18385,0.21528,0.22137,0.16294,0.27436,0.098792,0.16754,0.37812,0.35501,0.10737,0.16475,0.15545,0.22137,0.18518,0.096285,0.22708,0.13519,0.20823,0.13438,0.26942,0.25928,0.063023,0.028122,0.14828,0.30574,0.37772,0.33994,0.30236,0.22031,0.28431,0.24862,0.15679,0.27851,0.14163,0.18125,0.35624,0.39362,0.22664,0.25603,0.26901,0.32666,0.22997,0.35171,0.23534,0.31992,0.20786,0.24365,0.3924,0.30406,0.45035,0.15637,0.31975,0.28347,0.20569,0.28237,0.25182,0.33959,0.31389,0.21594,0.22001,0.28988,0.00049281,0.25987,0.18162,0.27771,0.24076,0.26413,0.24392,0.20732
0.11336,0.095564,0.44939,0.38318,0.17702,0.13766,0.31676,0.25718,0.33756,0.23632,-0.003664,0.19783,0.1391,0.20798,0.23555,0.39943,0.21252,0.29998,0.27185,0.23169,0.73233,1,0.55004,0.48102,0.34996,0.30206,0.22364,0.19699,0.36102,0.44147,0.42266,0.429,0.34309,0.34082,0.24793,0.1701,0.58394,0.62494,0.43647,0.70912,0.47016,0.64799,-0.0099172,-0.00060351,0.13348,0.077531,0.060151,0.032789,0.062225,0.045374,0.2818,0.22532,0.26177,0.17934,0.45515,0.39431,0.098501,0.12573,-0.026981,0.032957,0.1614,0.024795,0.3112,0.23489,0.12979,0.038887,0.14369,0.19139,-0.025894,0.023063,0.32908,0.43347,0.4431,0.3749,0.26336,0.35251,0.34203,0.35138,0.26363,0.33474,0.21886,0.32453,0.35408,0.36339,0.29733,0.43204,0.29985,0.35905,0.39663,0.44903,0.50438,0.42624,0.44941,0.35781,0.35169,0.50094,0.39207,0.1313,0.37354,0.38516,0.39324,0.42329,0.32565,0.47519,0.58942,0.37827,0.14017,0.4186,0.044942,0.23233,0.11918,0.3635,0.36718,0.35092,0.43237,0.29883
0.54068,0.43813,0.79565,0.66035,0.5235,0.50493,0.69142,0.61095,0.7574,0.6495,0.51513,0.61401,0.63259,0.62739,0.63323,0.69289,0.37971,0.44967,0.64542,0.52987,0.40205,0.55004,1,0.77705,0.54482,0.46185,0.43185,0.42682,0.51028,0.58018,0.5429,0.58334,0.58572,0.55942,0.19044,0.083773,0.39513,0.35874,0.23504,0.34866,0.26078,0.40077,0.21009,0.27501,0.32111,0.31276,0.20057,0.27194,0.45953,0.41002,0.53821,0.45432,0.40052,0.33797,0.39664,0.40114,0.36295,0.4249,0.34596,0.42605,0.49582,0.44534,0.51903,0.43894,0.50673,0.42602,0.33765,0.35009,0.33129,0.41887,0.24204,0.429,0.51541,0.54247,0.34935,0.38063,0.39236,0.37894,0.42325,0.49682,0.42561,0.52455,0.52194,0.56977,0.62585,0.51078,0.44642,0.48255,0.53233,0.58306,0.48649,0.53167,0.35675,0.38598,0.11989,0.22524,0.36963,0.26991,0.43036,0.41645,0.39585,0.40836,0.34125,0.59343,0.49461,0.24635,0.32606,0.39063,0.0014655,0.1708,0.37697,0.45474,0.3723,0.52498,0.48409,0.37782
0.50529,0.4975,0.61504,0.83245,0.57948,0.51248,0.53677,0.54174,0.55611,0.59336,0.43036,0.47465,0.4903,0.49866,0.52426,0.56891,0.28377,0.32596,0.42625,0.33952,0.38321,0.48102,0.77705,1,0.70364,0.72775,0.58022,0.65239,0.38024,0.43513,0.30547,0.59523,0.45095,0.3682,0.23915,0.18575,0.40986,0.37597,0.25722,0.39915,0.18855,0.3881,0.32675,0.34242,0.31081,0.30148,0.3357,0.29361,0.45362,0.45079,0.50949,0.56466,0.41736,0.49295,0.47417,0.54365,0.41431,0.4404,0.35167,0.43185,0.42397,0.4002,0.3614,0.3992,0.49697,0.50739,0.42228,0.44863,0.32598,0.34558,0.089906,0.27855,0.34092,0.30572,0.10889,0.19235,0.19308,0.20216,0.23685,0.45487,0.41141,0.54597,0.4641,0.4766,0.58864,0.63043,0.45623,0.56905,0.46568,0.66207,0.39054,0.34237,0.18685,0.16081,0.21471,0.20845,0.40357,0.25311,0.39874,0.40293,0.18896,0.17989,0.13161,0.35417,0.32368,0.072699,0.26625,0.3117,-0.083405,0.21065,0.27268,0.22515,0.29275,0.39015,0.25382,0.30653
0.52028,0.558,0.50979,0.51866,0.53237,0.4287,0.30019,0.20972,0.34591,0.40976,0.46044,0.22603,0.48094,0.36292,0.61425,0.3803,0.32032,0.43955,0.19045,0.16622,0.38737,0.34996,0.54482,0.70364,1,0.87282,0.65155,0.63924,0.41396,0.38302,0.3,0.42495,0.33129,0.13023,0.32037,0.18659,0.18078,0.1588,0.28808,0.32082,0.12724,0.19703,0.58129,0.54226,0.44398,0.46149,0.55363,0.51735,0.53207,0.57845,0.35994,0.55295,0.34294,0.376,0.44229,0.55971,0.52159,0.58895,0.44199,0.46525,0.27084,0.28406,0.24527,0.17826,0.39987,0.41089,0.52367,0.45513,0.3945,0.35525,-0.29936,-0.024244,0.15149,0.13106,0.08724,-0.13387,0.076515,-0.0004037,0.23775,0.50837,0.46145,0.50115,0.58512,0.52764,0.53711,0.49153,0.58894,0.72079,0.27662,0.51464,0.11277,0.058522,-0.080043,-0.014169,0.24693,0.23251,0.53054,0.38996,0.31303,0.2473,0.095536,0.027697,0.014126,0.23943,0.065178,-0.017185,0.38014,0.2514,0.02866,0.41522,0.37459,0.069335,0.11304,0.21543,-0.024548,0.40403
0.42619,0.48221,0.37136,0.55234,0.47606,0.46467,0.20239,0.18622,0.29011,0.36933,0.39888,0.18417,0.42881,0.36188,0.49565,0.28999,0.24305,0.38417,0.10719,0.089643,0.32001,0.30206,0.46185,0.72775,0.87282,1,0.64655,0.64781,0.3255,0.2847,0.18658,0.41222,0.25966,0.061545,0.30894,0.2119,0.14369,0.11142,0.21808,0.21018,0.02788,0.2018,0.4809,0.40884,0.33938,0.31192,0.42511,0.30964,0.45639,0.4614,0.30268,0.53209,0.28556,0.35131,0.40408,0.49904,0.45651,0.48832,0.40029,0.40121,0.23844,0.19153,0.169,0.10623,0.34813,0.36547,0.48587,0.44712,0.37849,0.25793,-0.37379,-0.11312,0.085862,0.039361,-0.0097137,-0.13885,-0.015856,-0.063906,0.13963,0.46779,0.35945,0.46151,0.45156,0.39353,0.46416,0.51619,0.45955,0.64201,0.19626,0.48978,0.11624,-0.00024688,-0.083227,-0.051928,0.17395,0.10491,0.44618,0.21212,0.23111,0.15811,0.011159,-0.029502,-0.027787,0.16555,0.037439,-0.094302,0.37744,0.22943,-0.021613,0.28011,0.21478,-0.031161,0.05975,0.17977,-0.063305,0.35257
0.44266,0.38737,0.50238,0.525,0.80697,0.59892,0.36272,0.25894,0.52183,0.52253,0.44264,0.20951,0.47295,0.2184,0.61198,0.42708,0.22754,0.26829,0.26612,0.20218,0.2809,0.22364,0.43185,0.58022,0.65155,0.64655,1,0.85311,0.33234,0.26916,0.01548,0.17633,0.16934,0.018027,0.22507,0.033572,0.0058728,-0.04794,0.35432,0.21254,-0.088383,0.017418,0.35495,0.27163,0.20246,0.19119,0.40391,0.31451,0.43721,0.41435,0.30447,0.54736,0.28069,0.45947,0.52516,0.54832,0.29229,0.36263,0.44256,0.46473,0.4074,0.32127,0.22754,0.18636,0.50496,0.45605,0.35742,0.36144,0.27761,0.29922,-0.42402,-0.22574,0.10273,0.031938,-0.16265,-0.11593,0.016541,-0.080704,0.072596,0.29887,0.32218,0.38115,0.48607,0.47632,0.48248,0.48563,0.53836,0.54489,0.55384,0.67068,0.28795,0.21706,0.19399,0.28435,0.23844,0.092059,0.3786,0.23039,0.30854,0.33241,0.22732,0.24708,0.1341,0.23965,0.10111,0.13194,0.1628,0.39936,0.0025816,0.20935,0.18408,0.08103,0.24857,0.17694,-0.049086,0.32633
0.33756,0.34833,0.39146,0.52651,0.84385,0.73602,0.33554,0.27044,0.51083,0.60491,0.45103,0.24844,0.4316,0.26457,0.60745,0.49073,0.15761,0.21392,0.1393,0.12587,0.24877,0.19699,0.42682,0.65239,0.63924,0.64781,0.85311,1,0.29256,0.24993,-0.066829,0.16239,0.055798,-0.031921,0.15909,0.038521,0.080516,0.012352,0.39,0.2533,-0.08334,0.034948,0.3192,0.2364,0.15303,0.11963,0.36592,0.28162,0.35212,0.33447,0.15476,0.44775,0.12397,0.39839,0.35996,0.48001,0.25038,0.28946,0.3593,0.41204,0.30405,0.28791,0.17912,0.1553,0.43126,0.4055,0.28658,0.30554,0.17643,0.19727,-0.3773,-0.20787,0.15675,0.042773,-0.06733,-0.082768,-0.090055,-0.10694,0.024429,0.24831,0.25409,0.3244,0.49238,0.45527,0.36975,0.41169,0.50841,0.50659,0.47427,0.64112,0.24274,0.17637,0.23013,0.25583,0.16809,0.12232,0.31892,0.19075,0.19368,0.22121,0.11708,0.15552,0.062641,0.21063,0.02569,0.07411,0.12107,0.29163,0.1233,0.27228,0.18039,0.042393,0.21969,0.14701,-0.063955,0.31633
0.59302,0.53249,0.41243,0.35989,0.37051,0.48187,0.4664,0.58728,0.54799,0.56044,0.62416,0.66384,0.64299,0.56769,0.6944,0.68267,0.7531,0.7892,0.54982,0.65419,0.33181,0.36102,0.51028,0.38024,0.41396,0.3255,0.33234,0.29256,1,0.88376,0.55168,0.50179,0.52753,0.52046,0.24362,0.023226,0.26912,0.31606,0.5189,0.35405,0.39972,0.24974,0.4568,0.47098,0.44012,0.3137,0.47534,0.45829,0.5029,0.42954,0.34605,0.38383,0.20676,0.16672,0.4683,0.3862,0.62061,0.58157,0.45652,0.44233,0.57029,0.54958,0.63298,0.60327,0.35195,0.43376,0.39868,0.32663,0.48424,0.529,0.14186,0.36357,0.64545,0.58426,0.48429,0.33149,0.49192,0.41,0.72337,0.79409,0.74244,0.70268,0.81532,0.84493,0.538,0.38658,0.59957,0.41922,0.48795,0.45388,0.39597,0.25831,0.35558,0.31507,0.52414,0.46883,0.70648,0.58294,0.62466,0.40924,0.50021,0.40229,0.52503,0.57589,0.42732,0.46953,0.634,0.33892,0.35053,0.5629,0.51805,0.47499,0.35858,0.47686,0.39971,0.56585
0.51878,0.47436,0.43629,0.38845,0.26148,0.42806,0.41202,0.6059,0.50221,0.55917,0.51025,0.69464,0.55119,0.6195,0.63545,0.72094,0.72183,0.77261,0.55783,0.65039,0.33101,0.44147,0.58018,0.43513,0.38302,0.2847,0.26916,0.24993,0.88376,1,0.62917,0.62579,0.56254,0.57612,0.11466,-0.066167,0.2961,0.31759,0.46802,0.3476,0.32265,0.22685,0.39664,0.43636,0.43987,0.29051,0.38173,0.43518,0.39671,0.32264,0.36302,0.25456,0.18202,0.025191,0.39967,0.25184,0.5832,0.52686,0.34596,0.37907,0.51464,0.54757,0.62989,0.63466,0.35862,0.42962,0.30999,0.26581,0.4659,0.53254,0.26331,0.46738,0.64868,0.63861,0.49716,0.3498,0.46241,0.39166,0.75669,0.81513,0.72947,0.65755,0.73246,0.78237,0.55147,0.3124,0.5036,0.34784,0.45706,0.3547,0.36404,0.20427,0.3247,0.22027,0.38308,0.40519,0.56098,0.53402,0.55776,0.29515,0.42481,0.2767,0.44639,0.49655,0.51824,0.42198,0.52006,0.28007,0.19464,0.50199,0.47461,0.38383,0.26191,0.40188,0.41766,0.51143
0.25836,0.22319,0.42228,0.20927,0.038169,0.2067,0.35426,0.41278,0.27969,0.31583,0.081928,0.27383,0.17712,0.24189,0.25995,0.28389,0.35591,0.51979,0.40557,0.36671,0.36006,0.42266,0.5429,0.30547,0.3,0.18658,0.01548,-0.066829,0.55168,0.62917,1,0.84911,0.75587,0.78034,0.45795,0.27863,0.17369,0.19083,0.17942,0.15118,0.19861,0.23927,0.28682,0.36171,0.54578,0.45944,0.19583,0.28424,0.3572,0.34106,0.35538,0.23833,0.1508,-0.046772,0.19844,0.066621,0.33918,0.36181,0.31057,0.33337,0.2642,0.26591,0.29388,0.28587,0.23882,0.1796,0.43691,0.39495,0.27081,0.36462,0.29843,0.54946,0.56222,0.71048,0.53047,0.51711,0.66162,0.58739,0.46786,0.5734,0.29804,0.25909,0.37316,0.34742,0.20579,0.035371,0.13541,0.032281,0.11262,0.10351,0.29429,0.32463,0.2055,0.23972,0.14174,0.23439,0.3459,0.28422,0.37695,0.20912,0.39774,0.32798,0.34835,0.51015,0.3669,0.29952,0.49456,0.28396,0.15315,0.30764,0.44956,0.41593,0.19171,0.34262,0.30548,0.30461
0.30488,0.29825,0.4227,0.50419,0.13374,0.29654,0.3716,0.52408,0.31259,0.45031,0.13042,0.36405,0.18339,0.32852,0.27882,0.40542,0.36488,0.48913,0.41595,0.36035,0.31706,0.429,0.58334,0.59523,0.42495,0.41222,0.17633,0.16239,0.50179,0.62579,0.84911,1,0.72568,0.72912,0.38743,0.23217,0.24941,0.26352,0.18814,0.21769,0.1572,0.2631,0.3489,0.40246,0.52785,0.39406,0.25536,0.28364,0.345,0.32205,0.43008,0.31114,0.25511,0.11816,0.26083,0.17461,0.36679,0.35633,0.27432,0.32815,0.293,0.30191,0.37562,0.3937,0.33885,0.28974,0.47493,0.47805,0.30915,0.382,0.2375,0.4788,0.5064,0.57887,0.4424,0.44488,0.4924,0.45105,0.42173,0.6067,0.35346,0.39392,0.39188,0.33573,0.3488,0.23996,0.16221,0.15517,0.14469,0.24058,0.30854,0.25528,0.14987,0.10019,0.12166,0.15787,0.34062,0.25621,0.37963,0.2217,0.27513,0.18805,0.1791,0.4368,0.37301,0.22648,0.52641,0.21874,0.014188,0.2718,0.36201,0.29216,0.13409,0.32337,0.28556,0.35037
0.58604,0.47438,0.62858,0.4822,0.11505,0.19162,0.63095,0.63449,0.36847,0.41916,0.28813,0.36392,0.41724,0.39257,0.2721,0.33878,0.52628,0.51641,0.67189,0.63702,0.28984,0.34309,0.58572,0.45095,0.33129,0.25966,0.16934,0.055798,0.52753,0.56254,0.75587,0.72568,1,0.92898,0.59865,0.42809,0.25366,0.222,0.063807,0.19115,0.21842,0.33249,0.4342,0.50005,0.6729,0.63235,0.3335,0.407,0.5315,0.54262,0.6233,0.45388,0.34691,0.23847,0.3393,0.21989,0.52372,0.55393,0.57348,0.6027,0.60921,0.54816,0.4986,0.49935,0.56947,0.49959,0.73532,0.70878,0.57133,0.68967,0.30945,0.58876,0.5399,0.65829,0.4345,0.5051,0.77283,0.71034,0.54736,0.60787,0.4122,0.42718,0.38469,0.42377,0.44763,0.28319,0.24257,0.12201,0.33624,0.28492,0.45506,0.53667,0.18193,0.26651,0.26008,0.21694,0.43844,0.35792,0.55558,0.48503,0.45039,0.44427,0.41876,0.5651,0.42161,0.17725,0.53899,0.34111,0.063361,0.29284,0.61869,0.54893,0.34496,0.54386,0.41366,0.34571
0.48016,0.39673,0.56251,0.46348,0.057105,0.24117,0.63622,0.7202,0.3665,0.44706,0.20568,0.41512,0.32845,0.38517,0.19087,0.39543,0.51084,0.47331,0.65749,0.64547,0.24394,0.34082,0.55942,0.3682,0.13023,0.061545,0.018027,-0.031921,0.52046,0.57612,0.78034,0.72912,0.92898,1,0.5089,0.39862,0.26072,0.25281,0.11591,0.2109,0.23546,0.3437,0.28838,0.39171,0.58846,0.51,0.21864,0.30341,0.44408,0.41993,0.57444,0.36398,0.31876,0.1963,0.28556,0.15404,0.41486,0.44086,0.48325,0.52051,0.55905,0.53517,0.50615,0.558,0.45862,0.41,0.63073,0.64336,0.43645,0.58813,0.46079,0.68565,0.59548,0.73615,0.47492,0.66466,0.79898,0.77212,0.55928,0.53421,0.36952,0.3757,0.33417,0.37497,0.36085,0.21766,0.16052,0.010422,0.33497,0.25264,0.5528,0.60212,0.36786,0.37684,0.20436,0.22785,0.36336,0.30074,0.53634,0.47525,0.53935,0.50936,0.52195,0.60196,0.49017,0.30054,0.48048,0.32657,0.06565,0.24862,0.57546,0.60638,0.41142,0.56689,0.48737,0.23378
0.22693,0.23915,0.32371,0.24588,0.16524,0.23239,0.30358,0.21269,0.10994,0.16625,0.018792,-0.076452,0.10107,-0.028174,0.056411,-0.059571,0.1574,0.18415,0.12339,0.090932,0.2397,0.24793,0.19044,0.23915,0.32037,0.30894,0.22507,0.15909,0.24362,0.11466,0.45795,0.38743,0.59865,0.5089,1,0.80026,0.13467,0.056544,0.09792,0.17274,0.069705,0.30798,0.22178,0.22245,0.44439,0.46285,0.21932,0.13758,0.37613,0.3934,0.24893,0.42725,0.12514,0.21926,0.24858,0.21216,0.19396,0.25805,0.47501,0.44442,0.23765,0.19348,0.035,0.067384,0.34984,0.25005,0.70191,0.71107,0.11992,0.24237,-0.050233,0.21238,0.29563,0.37392,0.26762,0.40364,0.62954,0.53148,0.11244,0.23334,0.037262,0.088077,0.15794,0.078432,0.085256,0.16571,0.12519,0.070219,0.18439,0.3041,0.40571,0.42116,0.23828,0.33889,0.16759,0.17257,0.31103,0.09637,0.27667,0.33989,0.42784,0.42069,0.32847,0.41705,0.17441,0.12791,0.33746,0.35839,0.27457,0.29911,0.4138,0.40292,0.4059,0.3616,0.097632,0.2721
0.089378,0.096125,0.18387,0.18457,0.043925,0.17808,0.278,0.13654,0.018744,0.030172,-0.054651,-0.11379,0.047986,-0.046399,-0.082399,-0.13568,-0.045541,-0.046092,-0.034462,-0.055857,0.20518,0.1701,0.083773,0.18575,0.18659,0.2119,0.033572,0.038521,0.023226,-0.066167,0.27863,0.23217,0.42809,0.39862,0.80026,1,0.075912,0.026707,-0.042623,0.068479,0.07525,0.33608,0.019818,0.032416,0.27185,0.28993,0.025932,-0.073099,0.19562,0.19464,0.137,0.26548,0.00092458,0.14017,0.087054,0.08434,0.0065801,0.078011,0.36057,0.3022,0.13192,0.062056,-0.017564,0.010846,0.19043,0.11526,0.56223,0.5898,-0.033972,0.045479,0.065626,0.29929,0.2095,0.29561,0.16794,0.3616,0.57061,0.51856,-0.037967,-0.025314,-0.12115,-0.063143,-0.0062027,-0.098661,-0.032529,0.092294,0.014657,-0.029224,0.099543,0.22136,0.3559,0.44298,0.29665,0.39895,0.097169,0.088184,0.11081,-0.11405,0.085974,0.20616,0.35575,0.39327,0.3372,0.2526,0.1572,-0.01835,0.18039,0.31064,0.19876,0.21957,0.29323,0.29779,0.39688,0.24221,0.0059792,-0.0081271
0.22151,0.32321,0.37215,0.4265,0.093215,-0.035812,0.26612,0.21436,0.18209,0.092731,0.031238,0.24249,0.06046,0.23617,0.036957,0.30576,0.29111,0.28811,0.36456,0.40027,0.33807,0.58394,0.39513,0.40986,0.18078,0.14369,0.0058728,0.080516,0.26912,0.2961,0.17369,0.24941,0.25366,0.26072,0.13467,0.075912,1,0.84673,0.54728,0.74354,0.56444,0.70371,0.039507,0.10063,0.12091,0.10652,0.12868,0.1214,0.084216,0.10096,0.31505,0.19752,0.30181,0.30532,0.42966,0.46705,0.28128,0.28274,-0.097064,0.0011015,0.010183,-0.01585,0.20276,0.26973,-0.070322,-0.028165,0.078318,0.14282,0.14832,0.20525,0.54408,0.53222,0.25428,0.21714,0.16654,0.2593,0.29308,0.36866,0.36545,0.33299,0.36475,0.43165,0.32687,0.35708,0.35628,0.50213,0.27351,0.42299,0.31562,0.4671,0.48193,0.41725,0.27462,0.17995,0.35501,0.57719,0.37577,0.38761,0.41972,0.49936,0.29935,0.25826,0.2157,0.39961,0.49066,0.32685,0.059826,0.31552,0.020886,0.26959,0.33029,0.478,0.4334,0.38909,0.43444,0.17862
0.17554,0.25712,0.31973,0.39622,-0.0048873,-0.084656,0.22618,0.19554,0.165,0.05711,-0.014269,0.22513,0.041974,0.24272,0.042986,0.31857,0.26133,0.24493,0.315,0.32277,0.45424,0.62494,0.35874,0.37597,0.1588,0.11142,-0.04794,0.012352,0.31606,0.31759,0.19083,0.26352,0.222,0.25281,0.056544,0.026707,0.84673,1,0.51639,0.81351,0.56295,0.76311,0.032647,0.073543,0.10039,0.060334,0.11683,0.073651,0.07763,0.077154,0.34519,0.19118,0.37162,0.30909,0.45247,0.45978,0.22187,0.21588,-0.12098,-0.024389,0.044994,-0.035107,0.24494,0.26289,-0.11595,-0.049452,0.053734,0.12517,0.082855,0.10017,0.57058,0.54342,0.21368,0.2107,0.1855,0.27556,0.26276,0.37949,0.35178,0.27112,0.32448,0.40379,0.32965,0.36602,0.3421,0.50046,0.24582,0.43294,0.26469,0.38741,0.45108,0.38204,0.25074,0.10658,0.46291,0.59674,0.42627,0.36101,0.45525,0.43719,0.29636,0.19696,0.2201,0.35743,0.45508,0.2941,0.15268,0.14972,0.039403,0.30668,0.24628,0.43596,0.39794,0.36401,0.4517,0.097829
0.21844,0.38946,0.31667,0.32904,0.34976,0.31993,0.20191,0.20843,0.20237,0.19037,0.13311,0.21245,0.16341,0.21258,0.29797,0.37456,0.48872,0.51772,0.20286,0.3447,0.25512,0.43647,0.23504,0.25722,0.28808,0.21808,0.35432,0.39,0.5189,0.46802,0.17942,0.18814,0.063807,0.11591,0.09792,-0.042623,0.54728,0.51639,1,0.72896,0.4281,0.37008,0.22977,0.21282,0.17582,0.042041,0.32809,0.26989,0.15547,0.1497,0.20942,0.22148,0.25745,0.24773,0.62352,0.56186,0.36408,0.35998,0.077649,0.10361,0.11323,0.048822,0.17315,0.20989,-0.088108,0.015029,0.093176,0.15152,0.11428,0.17842,0.17246,0.20618,0.2225,0.14098,0.088797,0.14892,0.15039,0.21498,0.47569,0.49653,0.54321,0.53024,0.58224,0.57824,0.34383,0.44918,0.55005,0.52174,0.50272,0.56432,0.51041,0.25668,0.47106,0.36417,0.37999,0.68954,0.59625,0.52951,0.48086,0.40544,0.48075,0.33936,0.3753,0.40062,0.45518,0.56432,0.15684,0.29871,0.28815,0.49608,0.40779,0.38945,0.4776,0.32251,0.20576,0.30669
0.20883,0.3454,0.42885,0.45973,0.2272,0.10745,0.29601,0.22731,0.19952,0.12832,-0.017393,0.14321,0.080864,0.19307,0.11804,0.3201,0.35492,0.33126,0.25107,0.29921,0.46839,0.70912,0.34866,0.39915,0.32082,0.21018,0.21254,0.2533,0.35405,0.3476,0.15118,0.21769,0.19115,0.2109,0.17274,0.068479,0.74354,0.81351,0.72896,1,0.50792,0.72278,0.16636,0.20266,0.20719,0.17491,0.30215,0.25207,0.15938,0.19935,0.37563,0.30473,0.44548,0.37891,0.60974,0.62926,0.2474,0.2997,-0.010149,0.088606,0.10461,0.03167,0.19751,0.20712,-0.023246,0.025829,0.17477,0.25985,0.053095,0.11006,0.38766,0.41277,0.25781,0.20013,0.12947,0.24021,0.25617,0.30383,0.35939,0.33803,0.3677,0.4503,0.36643,0.413,0.337,0.54883,0.3351,0.51421,0.45955,0.54724,0.60784,0.41079,0.43734,0.30607,0.49083,0.67864,0.55964,0.45766,0.55832,0.56752,0.49098,0.38652,0.34113,0.44165,0.5493,0.45418,0.10601,0.24038,0.061805,0.33817,0.36626,0.47281,0.5543,0.43054,0.40838,0.23638
0.22057,0.21507,0.15618,0.16971,0.020621,-0.00080643,0.25273,0.23625,0.13345,0.14987,0.21307,0.34064,0.20708,0.31507,0.19003,0.36367,0.35633,0.27639,0.23955,0.31889,0.17969,0.47016,0.26078,0.18855,0.12724,0.02788,-0.088383,-0.08334,0.39972,0.32265,0.19861,0.1572,0.21842,0.23546,0.069705,0.07525,0.56444,0.56295,0.4281,0.50792,1,0.60913,-0.01913,0.037176,0.026929,-0.0089247,0.015376,0.05765,0.03015,-0.020778,0.262,0.02475,0.23136,0.138,0.31188,0.28387,0.22857,0.16009,-0.049531,-0.038648,0.15418,0.06215,0.29762,0.32672,-0.057802,-0.011545,0.072905,0.067319,0.086061,0.11392,0.391,0.44204,0.36014,0.28321,0.32633,0.31231,0.27289,0.40462,0.42612,0.25997,0.35742,0.40453,0.45387,0.34248,0.24566,0.37161,0.2835,0.25865,0.34554,0.31854,0.436,0.31211,0.33012,0.19487,0.32317,0.62785,0.35816,0.31368,0.35264,0.41435,0.43698,0.31656,0.34251,0.34892,0.56371,0.34367,0.2701,0.19081,0.29526,0.27964,0.26391,0.43552,0.39468,0.3547,0.48902,0.31596
0.13782,0.25358,0.37353,0.3964,0.080026,0.080022,0.33781,0.23499,0.20644,0.13534,-0.043882,0.21293,0.094388,0.26708,-0.013929,0.27124,0.2132,0.19773,0.24131,0.24216,0.4407,0.64799,0.40077,0.3881,0.19703,0.2018,0.017418,0.034948,0.24974,0.22685,0.23927,0.2631,0.33249,0.3437,0.30798,0.33608,0.70371,0.76311,0.37008,0.72278,0.60913,1,-0.044253,0.0049569,0.11754,0.1202,0.015905,-0.03844,0.12222,0.11996,0.39091,0.26993,0.40188,0.37132,0.4589,0.4711,0.086107,0.16675,-0.012394,0.055858,0.071611,-0.017568,0.24901,0.20533,-0.056259,-0.040988,0.23764,0.31867,0.026878,0.085346,0.45838,0.54158,0.36708,0.38218,0.26645,0.41564,0.45196,0.47608,0.26644,0.13038,0.19041,0.32488,0.16329,0.18361,0.271,0.54068,0.067198,0.36138,0.32347,0.46446,0.66043,0.53863,0.45925,0.33503,0.34941,0.427,0.38782,0.19477,0.45144,0.54982,0.54419,0.41028,0.41874,0.50701,0.60023,0.39152,0.15418,0.28678,-0.012527,0.099621,0.27454,0.55416,0.55967,0.50122,0.62763,0.17414
0.66556,0.70271,0.31818,0.38429,0.22525,0.25579,0.22149,0.34188,0.17179,0.3152,0.41483,0.18676,0.38674,0.364,0.39396,0.24257,0.53321,0.63451,0.35562,0.4232,0.19186,-0.0099172,0.21009,0.32675,0.58129,0.4809,0.35495,0.3192,0.4568,0.39664,0.28682,0.3489,0.4342,0.28838,0.22178,0.019818,0.039507,0.032647,0.22977,0.16636,-0.01913,-0.044253,1,0.95054,0.83768,0.79917,0.93308,0.90479,0.76075,0.81348,0.48741,0.56466,0.37513,0.33808,0.49583,0.48476,0.7608,0.81776,0.5863,0.65288,0.3927,0.48609,0.24482,0.29952,0.34989,0.46719,0.62431,0.56606,0.7564,0.6494,-0.20176,0.031164,0.061436,0.16035,0.067162,-0.088464,0.10249,0.064773,0.41951,0.6828,0.59685,0.5613,0.52678,0.51195,0.49216,0.32513,0.42799,0.4322,0.1366,0.21214,-0.0034507,-0.033984,-0.28485,-0.2544,0.31032,0.17971,0.68735,0.7402,0.61666,0.33499,0.081678,-0.051303,0.1494,0.22494,-0.020501,-0.00056057,0.57149,0.046534,0.041504,0.43575,0.65766,0.18271,0.0048398,0.27492,0.021434,0.3446
